1;121;-50.7858
1;122;-46.222
2;121;56.6199
2;122;-59.7023
3;121;-39.2342
3;122;-4.11466
4;121;-82.4722
4;122;-32.5616
5;121;-99.4581
5;122;-73.3224
6;121;-37.0447
6;122;-78.3899
7;121;64.0506
7;122;-57.5522
8;121;88.3053
8;122;83.239
9;121;26.2349
9;122;37.5054
10;121;13.3236
10;122;-58.8014
11;121;91.9433
11;122;55.0115
12;121;75.7272
12;122;-72.7786
13;121;-58.5487
13;122;74.3873
14;121;90.7165
14;122;-78.2382
15;121;-6.83305
15;122;65.7093
16;121;78.4648
16;122;44.0501
17;121;76.7041
17;122;-46.2723
18;121;17.5105
18;122;76.9828
19;121;34.7296
19;122;25.8941
20;121;20.4629
20;122;46.9616
21;121;-27.5469
21;122;28.0736
22;121;68.5717
22;122;-22.7948
23;121;8.22792
23;122;-61.5484
24;121;61.5449
24;122;-61.6739
25;121;-66.4679
25;122;29.8761
26;121;-52.728
26;122;30.6173
27;121;3.46812
27;122;13.0379
28;121;-61.7977
28;122;1.49214
29;121;-87.1657
29;122;-45.3265
30;121;-4.87353
30;122;-38.0722
31;121;75.8025
31;122;43.7662
32;121;-39.0455
32;122;-64.4392
33;121;-27.4231
33;122;63.0696
34;121;81.9922
34;122;59.2757
35;121;62.7346
35;122;42.9126
36;121;-91.409
36;122;-71.9324
37;121;-59.036
37;122;-44.7415
38;121;-28.0181
38;122;-56.9933
39;121;-66.1782
39;122;0.386726
40;121;-97.8992
40;122;45.5553
41;121;-39.3577
41;122;24.0713
42;121;-30.5577
42;122;-53.464
43;121;49.0017
43;122;-87.78
44;121;-47.1472
44;122;4.42931
45;121;53.1433
45;122;108.255
46;121;-0.0238724
46;122;79.9042
47;121;67.0818
47;122;75.8469
48;121;-12.088
48;122;-56.0293
49;121;49.229
49;122;13.8847
50;121;-1.07317
50;122;-9.04414
51;121;18.1035
51;122;-43.3111
52;121;-49.214
52;122;62.2397
53;121;78.9302
53;122;-59.5535
54;121;77.3809
54;122;34.512
55;121;-43.365
55;122;92.5102
56;121;-2.83009
56;122;-98.6474
57;121;-74.1038
57;122;-49.5895
58;121;-63.8511
58;122;-44.7531
59;121;70.1793
59;122;75.1209
60;121;-66.0786
60;122;-93.3105
61;121;92.5535
61;122;-25.0017
62;122;63.7475
63;121;13.715
63;122;75.7288
64;121;-1.13927
64;122;92.5639
65;121;77.3747
65;122;-88.8641
66;121;45.1763
66;122;-30.4371
67;121;12.7767
67;122;-3.37723
68;121;80.4694
68;122;8.41598
69;121;10.5475
69;122;36.325
70;121;20.907
70;122;49.0143
71;121;55.4532
71;122;77.8308
72;121;26.9703
72;122;99.2083
73;121;-27.2545
73;122;28.8477
74;121;3.06655
74;122;42.1614
75;121;-20.4606
75;122;-41.7886
76;121;90.8518
76;122;45.9403
77;121;-9.86248
77;122;-49.3988
78;121;39.6193
78;122;63.8135
79;121;44.7676
79;122;0.520378
80;121;-4.20261
80;122;10.5645
81;121;-20.6432
81;122;-50.25
82;121;-50.8833
82;122;18.6791
83;121;26.6757
83;122;-93.5301
84;121;-33.2814
84;122;-18.7141
85;121;-84.2357
85;122;23.7612
86;121;99.1178
86;122;95.9212
87;121;9.15688
87;122;-7.75005
88;121;71.3652
88;122;81.9024
89;121;-82.8338
89;122;91.2222
90;121;-92.5307
90;122;-62.4614
91;121;-53.3868
91;122;87.9757
92;121;-24.6518
92;122;25.576
93;121;53.9881
93;122;94.2201
94;121;-4.57827
94;122;-1.2443
95;121;-52.7695
95;122;76.9863
96;121;-68.4101
96;122;57.9069
97;121;-97.3938
97;122;38.7384
98;121;4.84805
98;122;-65.1341
99;121;-19.3913
99;122;35.064
100;121;48.2478
100;122;-48.959
101;121;-13.2625
101;122;-28.7057
102;121;-34.9646
102;122;76.4037
103;121;74.7208
103;122;-97.8177
104;121;87.6798
104;122;-95.0849
105;121;-94.0566
105;122;-34.9473
106;121;-8.36591
106;122;-22.9437
107;121;68.5609
107;122;-4.33363
108;121;60.0062
108;122;-4.13483
109;121;-64.386
109;122;-14.8348
110;121;-78.6954
110;122;77.3771
111;121;-55.0713
111;122;-78.2355
112;121;79.4111
112;122;-82.8471
113;121;-12.781
113;122;28.5161
114;121;47.8933
114;122;-22.5041
115;121;39.1348
115;122;14.2657
116;121;-4.68645
116;122;76.145
117;121;-32.6804
117;122;-20.7818
118;121;34.9148
118;122;32.0996
119;121;49.9283
119;122;82.0626
120;121;-44.9394
120;122;-59.8306
