1;121;-5.48754
1;122;9.07338
2;121;6.18189
2;122;-7.31437
3;121;8.53103
3;122;-9.88582
4;121;3.46258
4;122;-5.0493
5;121;-8.99105
5;122;13.5172
6;121;5.88366
6;122;2.76159
7;121;2.29565
7;122;2.84406
8;121;6.78082
8;122;-7.5491
9;121;0.403723
9;122;-8.41753
10;121;-0.123251
10;122;0.0692196
11;121;7.0412
11;122;-8.64608
12;121;-5.11816
12;122;-5.90962
13;121;-3.8319
13;122;9.86205
14;121;8.55389
14;122;2.19457
15;121;-6.69849
15;122;3.93201
16;121;0.491117
16;122;2.4959
17;121;-5.3821
17;122;4.6014
18;121;2.22187
18;122;-0.271645
19;121;8.78258
19;122;-3.82965
20;121;-4.12018
20;122;-10.5797
21;121;-9.29972
21;122;4.14445
22;121;1.28971
22;122;9.87548
23;121;8.61307
23;122;3.63799
24;121;3.71776
24;122;-2.30734
25;121;-6.43453
25;122;13.8962
26;121;8.46372
26;122;0.731449
27;121;-1.90288
27;122;-4.65395
28;121;5.46606
28;122;0.633603
29;121;-9.36908
29;122;3.28829
30;121;6.75491
30;122;-6.41816
31;121;-5.51427
31;122;-7.21286
32;121;7.04079
32;122;9.31765
33;121;-7.71567
33;122;1.34722
34;121;-5.06401
34;122;-0.72403
35;121;9.65153
35;122;-7.8243
36;121;13.9748
36;122;-9.24852
37;121;3.47951
37;122;-7.31863
38;121;0.0993681
38;122;0.768447
39;121;2.75313
39;122;-3.76354
40;121;8.46111
40;122;-2.98947
41;121;4.67972
41;122;8.9925
42;121;4.91658
42;122;9.80329
43;121;6.58402
43;122;1.25894
44;121;0.70582
44;122;9.79576
45;121;7.08076
45;122;-1.08414
46;121;3.24477
46;122;0.652163
47;121;0.206713
47;122;4.06367
48;121;-9.94755
48;122;-13.5919
49;121;7.47133
49;122;5.15837
50;121;-1.79949
50;122;9.50084
51;121;-5.93673
51;122;-2.82469
52;121;1.53542
52;122;2.48986
53;121;6.09404
53;122;5.34879
54;121;3.17225
54;122;-5.26846
55;121;1.93467
55;122;-0.883274
56;121;6.74208
56;122;2.74108
57;121;3.55818
57;122;-2.64632
58;121;-1.32469
58;122;-8.34865
59;121;1.12887
59;122;-3.12094
60;122;4.81708
61;121;9.87
61;122;-2.50017
62;121;1.53106
62;122;-3.19496
63;121;-0.289121
63;122;-6.39754
64;121;11.3958
64;122;0.721488
65;121;8.76083
65;122;5.26754
66;121;-8.37277
66;122;-4.44293
67;121;2.31539
67;122;3.16264
68;121;1.4889
68;122;6.4589
69;121;9.49657
69;122;-6.73883
70;121;-3.97614
70;122;-4.75564
71;121;4.89453
71;122;3.81462
72;121;-4.02603
72;122;-7.70812
73;121;1.89775
73;122;-0.479393
74;121;0.900091
74;122;8.21452
75;121;2.93804
75;122;-8.53689
76;121;7.14636
76;122;4.0213
77;121;6.0085
77;122;-7.34955
78;121;-8.12425
78;122;-9.11276
79;121;-3.74709
79;122;0.0520372
80;121;8.54733
80;122;2.99817
81;121;-0.478509
81;122;8.96507
82;121;7.64454
82;122;-3.13549
83;121;2.24092
83;122;-7.21222
84;121;7.26347
84;122;0.459743
85;121;-3.69325
85;122;3.86621
86;121;6.08002
86;122;6.92802
87;121;4.22038
87;122;-1.68587
88;121;5.14171
88;122;8.40187
89;121;-12.939
89;122;9.35137
90;121;5.36603
90;122;-0.176631
91;121;7.58305
91;122;-4.10291
92;121;8.86595
92;122;8.50501
93;121;-1.45247
93;122;6.21582
94;121;8.10193
94;122;-8.71317
95;121;-5.27695
95;122;7.50649
96;121;9.81418
96;122;0.256965
97;121;-6.13565
97;122;2.51305
98;121;-0.969144
98;122;4.3244
99;121;3.22288
99;122;-8.44126
100;121;4.82478
100;122;-8.65022
101;121;6.92085
101;122;8.02779
102;121;-7.95131
102;122;1.96021
103;121;-9.68199
103;122;2.11618
104;121;-4.77605
104;122;4.69821
105;121;-2.76013
105;122;6.05326
106;121;1.98024
106;122;-2.84075
107;121;3.68736
107;122;-8.60112
108;121;6.00062
108;122;-2.65944
109;121;-5.3642
109;122;0.485355
110;121;-9.98087
110;122;8.56172
111;121;6.75264
111;122;8.28083
112;121;-4.01238
112;122;4.23253
113;121;1.31917
113;122;7.84954
114;121;7.37005
114;122;-3.9053
115;121;-5.80882
115;122;-9.55639
116;121;3.67977
116;122;-7.27659
117;121;-7.79161
117;122;6.33335
118;121;1.29798
118;122;-5.79596
119;121;-8.31683
119;122;-2.5488
120;121;3.69501
120;122;-0.825797
29;141;4.56101
141;121;-9.36908
