1;53;-1.21655
1;54;-7.58662
1;55;-5.0375
2;53;-3.87869
2;54;8.50153
2;55;-3.30823
3;53;3.69597
3;54;-13.3486
3;55;6.19725
4;53;-1.06675
4;54;-6.30364
4;55;-9.20958
5;53;2.42064
5;54;9.34453
5;55;-9.46432
6;53;2.42226
6;54;1.07658
6;55;-9.71058
7;53;-7.16795
7;54;8.07324
7;55;0.997777
8;53;-5.14226
8;54;2.52202
8;55;7.04055
9;53;-9.55898
9;54;3.59822
9;55;1.70696
10;53;6.04576
10;54;14.5051
10;55;-6.72914
11;53;-5.22253
11;54;-11.8337
11;55;-2.34388
12;53;-7.44162
12;54;10.15
12;55;-7.70812
13;53;-0.128341
13;54;-0.893855
13;55;1.63092
14;53;12.0122
14;54;6.52074
14;55;-9.01653
15;53;-8.36834
15;54;-5.38838
15;55;-8.11195
16;53;0.13309
16;54;6.00478
16;55;3.38053
17;53;-8.60489
17;54;8.98654
17;55;0.519907
18;53;-2.61552
18;54;-7.09651
18;55;1.05546
19;53;6.85717
19;54;-0.0144482
19;55;-8.71657
20;53;-4.59954
20;54;-6.66326
20;55;-8.73808
21;53;-5.2344
21;54;5.36754
21;55;8.04416
22;53;-2.73057
22;54;-9.18401
22;55;-4.14055
23;53;5.40813
23;54;8.40187
23;55;-6.82051
24;53;19.3514
24;54;-0.0940695
24;55;9.70024
25;53;-14.5825
25;54;-7.94634
25;55;14.8402
26;53;-4.34935
26;54;13.8232
26;55;-6.81391
27;53;8.10193
27;54;-0.754326
27;55;-5.32112
28;53;-0.264318
28;54;2.68688
28;55;7.6015
29;53;2.31683
29;54;9.85537
29;55;-2.55865
30;53;-4.52846
30;54;-7.40525
30;55;-4.77721
31;53;-2.64158
31;54;-7.82734
31;55;-2.89429
32;53;-7.69952
32;54;2.45807
32;55;6.23803
33;53;-0.298543
33;54;7.86636
33;55;3.68437
34;53;13.1871
34;54;9.51359
34;55;5.53143
35;53;-6.49552
35;54;-2.18632
35;55;-8.17499
36;53;-0.998851
36;54;2.19369
36;55;3.62815
37;53;-5.84575
37;54;3.10532
37;55;-14.4498
38;53;9.50084
38;54;-1.05933
38;55;-0.997668
39;53;4.54165
39;54;0.340513
39;55;1.15615
40;53;1.16946
40;54;6.14134
40;55;8.13608
41;53;-6.43453
41;54;1.2818
41;55;4.28466
42;53;0.996924
42;54;2.68833
42;55;-2.64632
43;53;3.6889
43;54;8.20523
43;55;-3.57284
44;53;-0.113657
44;54;-3.61532
44;55;-9.05868
45;53;-4.0604
45;54;-6.21197
45;55;5.22761
46;53;1.80779
46;54;-0.590827
46;55;2.4213
47;53;-1.292
47;54;4.90143
47;55;-7.59259
48;53;9.78517
48;54;-3.94942
48;55;2.88914
49;53;-6.77734
49;54;0.430018
49;55;6.08002
50;53;-4.01987
50;54;3.13127
50;55;-1.84654
51;53;7.42249
51;54;-9.69031
51;55;0.357119
52;53;-7.30195
52;54;-6.09555
52;55;-9.02937
23;72;-1.48833
72;55;-1.82051
