1;121;-102.661
1;122;-18.9567
2;121;90.2858
2;122;-69.8931
3;121;19.1925
3;122;43.7773
4;121;98.8993
4;122;-64.4176
5;121;33.0989
5;122;84.5752
6;121;-37.0447
6;122;-20.573
7;121;-77.4538
7;122;-67.5522
8;121;1.41781
8;122;65.2308
9;121;-3.38638
9;122;15.474
10;121;68.5215
10;122;15.9147
11;121;71.1842
11;122;-93.9105
12;121;30.2205
12;122;-84.2053
13;121;-83.1726
13;122;36.3252
14;121;83.4075
14;122;5.95081
15;121;-9.34827
15;122;-79.448
16;121;-7.84634
16;122;77.5487
17;121;33.9241
17;122;21.7021
18;121;-77.1088
18;122;96.1482
19;121;-13.3012
19;122;57.2218
20;121;-49.4062
20;122;-86.264
21;121;-86.536
21;122;88.8673
22;121;-8.56972
22;122;58.581
23;121;19.8334
23;122;-81.5021
24;121;28.0225
24;122;98.7469
25;121;0.803391
25;122;-81.1459
26;121;95.2656
26;122;-1.80036
27;121;-48.1526
27;122;25.486
28;121;22.7777
28;122;37.5091
29;121;-38.1887
29;122;-2.59811
30;121;-56.5401
30;122;-5.17368
31;121;23.5697
31;122;-69.1932
32;121;69.3264
32;122;-38.4446
33;121;-27.4231
33;122;98.2408
34;121;10.2604
34;122;43.2494
35;121;85.5246
35;122;-7.86369
36;121;-33.5636
36;122;-29.962
37;121;-48.9826
37;122;-91.909
38;121;-80.9611
38;122;63.0394
39;121;-53.4574
39;122;-47.6842
40;121;61.9489
40;122;37.3183
41;121;52.6273
41;122;2.93948
42;121;31.8905
42;122;79.617
43;121;-71.5745
43;122;70.5137
44;121;3.53071
44;122;-76.7728
45;121;-33.1065
45;122;-9.10174
46;121;12.9976
46;122;34.4702
47;121;44.9117
47;122;-31.5449
48;121;48.7542
48;122;-1.7481
49;121;-43.3042
49;122;-91.4122
50;121;-85.2724
50;122;83.8825
51;121;-3.36555
51;122;-97.4339
52;121;-59.214
52;122;-42.9841
53;121;-57.4027
53;122;-23.343
54;121;59.0067
54;122;6.53706
55;121;35.2028
55;122;-33.3194
56;121;-41.5667
56;122;-57.3595
57;121;69.6201
57;122;61.3516
58;121;30.1849
58;122;108.046
59;121;39.7959
59;122;-90.2883
60;121;-11.7177
60;122;53.3821
61;121;94.3314
61;122;60.6827
62;121;44.8674
62;122;91.3715
63;121;-22.4026
63;122;5.0745
64;121;57.4377
64;122;98.4963
65;121;-81.7499
65;122;74.008
66;121;44.3698
66;122;-36.207
67;121;19.9145
67;122;-53.1945
68;121;27.3724
68;122;71.5486
69;121;68.8414
69;122;-13.6209
70;121;60.2728
70;122;4.04417
71;121;53.0597
71;122;38.1461
72;121;-12.1324
72;122;52.0599
73;121;-32.9425
73;122;35.0573
74;121;96.6829
74;122;-80.8747
75;121;-31.7489
75;122;-90.9924
76;121;-64.2385
76;122;-27.6016
77;121;88.7305
77;122;17.3747
78;121;-36.2301
78;122;-75.8466
79;121;-29.6361
79;122;83.2755
80;121;-33.9128
80;122;35.739
81;121;-64.1617
81;122;87.0259
82;121;-70.6856
82;122;14.7902
83;121;71.1488
83;122;-46.2024
84;121;-80.8145
84;122;39.9902
85;121;-86.7165
85;122;79.4583
86;121;-55.9657
86;122;66.3432
87;121;98.1645
87;122;-90.0366
88;121;55.2748
88;122;71.9554
89;121;-49.239
89;122;-73.716
90;121;50.9487
90;122;-65.2275
91;121;-81.2441
91;122;-7.02434
92;121;7.17087
92;122;1.10886
93;121;-69.1692
93;122;46.7101
94;121;-27.6208
94;122;-52.8605
95;121;-49.6665
95;122;47.9119
96;121;-38.9221
96;122;33.6127
97;121;65.2818
97;122;-55.278
98;121;-7.36098
98;122;-46.4843
99;121;-51.717
99;122;11.8246
100;121;28.7757
100;122;-99.2021
101;121;18.9992
101;122;-17.0843
102;121;67.1411
102;122;-10.5526
103;121;-78.2785
103;122;-59.9509
104;121;97.6701
104;122;9.64271
105;121;-34.0876
105;122;46.4277
106;121;90.2986
106;122;-13.6469
107;121;36.8736
107;122;-7.69135
108;121;41.5141
108;122;36.5062
109;121;-31.5899
109;122;45.1455
110;121;-28.1459
110;122;-34.8964
111;121;-41.0487
111;122;22.923
112;121;94.1711
112;122;76.6937
113;121;13.1917
113;122;-13.1899
114;121;-34.415
114;122;-22.5041
115;121;-52.5376
115;122;-52.1181
116;121;71.8451
116;122;-10.0825
117;121;5.23459
117;122;38.9862
118;121;61.2297
118;122;-57.9596
119;121;70.9636
119;122;-99.3644
120;121;-30.3997
120;122;3.96569
