1;53;2.94858
1;54;7.80172
1;55;-5.0375
2;53;-3.00938
2;54;8.23295
2;55;-7.1088
3;53;-4.68833
3;54;-3.50252
3;55;5.25716
4;53;4.22177
4;54;-7.68423
4;55;-5.90703
5;53;-2.70431
5;54;13.758
5;55;-5.65951
6;53;-2.10034
6;54;-9.19043
6;55;-1.71066
7;53;7.022
7;54;9.5008
7;55;2.10311
8;53;1.57146
8;54;6.68264
8;55;6.13386
9;53;4.9932
9;54;3.59822
9;55;-0.420261
10;53;-9.25187
10;54;4.08238
10;55;-5.63486
11;53;-2.2775
11;54;-1.78328
11;55;2.23173
12;53;-9.35301
12;54;4.19134
12;55;-4.00675
13;53;-0.29883
13;54;2.37612
13;55;-4.71832
14;53;-4.40172
14;54;-12.8234
14;55;-13.3347
15;53;-6.99543
15;54;3.50512
15;55;-3.11195
16;53;-9.47626
16;54;16.1545
16;55;8.90686
17;53;-4.35969
17;54;6.93954
17;55;-3.37934
18;53;2.19967
18;54;-2.28565
18;55;0.00815582
19;53;3.6034
19;54;-8.02214
19;55;4.17631
20;53;2.64428
20;54;7.0771
20;55;-3.10561
21;53;5.38728
21;54;0.39198
21;55;8.04416
22;53;-7.07729
22;54;8.63102
22;55;4.07335
23;53;2.50414
23;54;5.20497
23;55;1.93624
24;53;7.72231
24;54;9.94957
24;55;-0.282802
25;53;-9.95455
25;54;-3.83251
25;55;8.76798
26;53;-2.48125
26;54;7.46434
26;55;-3.90259
27;53;7.5215
27;54;-3.67734
27;55;-1.1472
28;53;-6.68052
28;54;-6.79324
28;55;1.62391
29;53;2.29565
29;54;-2.78137
29;55;-9.98087
30;53;-4.96782
30;54;-9.99554
30;55;-14.1356
31;53;4.79571
31;54;1.76196
31;55;7.17553
32;53;-7.31603
32;54;5.55612
32;55;4.88744
33;53;2.24409
33;54;5.46593
33;55;-0.83149
34;53;9.18033
34;54;4.82334
34;55;5.53143
35;53;-0.839043
35;54;2.79945
35;55;-3.61382
36;53;-7.99879
36;54;-3.87981
36;55;-0.0636396
37;53;-9.38594
37;54;3.62079
37;55;3.30317
38;53;8.62874
38;54;6.03205
38;55;7.45726
39;53;-0.387697
39;54;-7.80579
39;55;4.19451
40;53;-0.368563
40;54;-3.66694
40;55;7.12984
41;53;-7.93658
41;54;-5.19024
41;55;-1.20741
42;53;1.76801
42;54;1.33807
42;55;5.03108
43;53;9.44412
43;54;9.69953
43;55;-6.37606
44;53;3.80434
44;54;-6.85915
44;55;-2.26144
45;53;-7.41703
45;54;-3.4495
45;55;8.58046
46;53;-3.15476
46;54;-7.8009
46;55;4.97101
47;53;8.96422
47;54;-0.0985718
47;55;-9.10018
48;53;9.73877
48;54;-3.84058
48;55;-7.88526
49;53;-11.8695
49;54;8.28946
49;55;-2.64662
50;53;-8.12807
50;54;-2.05289
50;55;6.92018
51;53;7.16556
51;54;-7.81779
51;55;-6.59142
52;53;7.89595
52;54;-13.265
52;55;7.21796
3;66;7.59236
66;55;0.25716
