1;53;-8.68756
1;54;3.51651
1;55;4.83589
2;53;-6.31889
2;54;-1.4868
2;55;-7.96218
3;53;4.07339
3;54;-2.47613
3;55;6.47705
4;53;1.0794
4;54;-6.35768
4;55;-4.49296
5;53;-2.70431
5;54;4.65093
5;55;1.28083
6;53;-3.72824
6;54;-8.13176
6;55;3.31907
7;53;7.25557
7;54;-7.37512
7;55;5.00465
8;53;-3.70097
8;54;1.28398
8;55;4.69085
9;53;-3.84474
9;54;0.71954
9;55;5.00054
10;53;1.63939
10;54;9.97849
10;55;-9.50739
11;53;6.81131
11;54;-7.1571
11;55;-2.76827
12;53;2.86518
12;54;-3.08998
12;55;0.797361
13;53;10.9973
13;54;6.00879
13;55;-3.36908
14;53;8.5212
14;54;-7.82344
14;55;-7.84774
15;53;-1.99543
15;54;9.40501
15;55;6.25058
16;53;0.13309
16;54;-0.223127
16;55;1.72273
17;53;-5.59957
17;54;13.9865
17;55;2.21418
18;53;4.69616
18;54;-7.79161
18;55;0.316381
19;53;8.99152
19;54;-2.41978
19;55;-8.31683
20;53;5.18701
20;54;-1.38676
20;55;-3.20796
21;53;-5.00946
21;54;8.22066
21;55;13.3835
22;53;-11.8489
22;54;7.78525
22;55;4.07335
23;53;3.45932
23;54;-5.90557
23;55;-6.82051
24;53;-9.90977
24;54;3.7385
24;55;2.31644
25;53;-2.12543
25;54;-11.519
25;55;7.73498
26;53;0.628018
26;54;8.93639
26;55;-1.36955
27;53;5.60566
27;54;-2.14926
27;55;5.41365
28;53;6.74609
28;54;-7.75589
28;55;6.6046
29;53;3.11761
29;54;13.3699
29;55;0.992548
30;53;0.907115
30;54;-9.99554
30;55;-8.69921
31;53;-9.35992
31;54;-5.83445
31;55;-0.7038
32;53;1.20353
32;54;7.22535
32;55;7.87821
33;53;0.479872
33;54;3.93752
33;55;6.7329
34;53;6.49935
34;54;7.08076
34;55;-7.23734
35;53;9.00505
35;54;-0.237644
35;55;0.721782
36;53;7.62124
36;54;7.19369
36;55;-4.81996
37;53;-4.30068
37;54;6.57442
37;55;-9.44977
38;53;8.62874
38;54;-4.47313
38;55;7.78626
39;53;-0.002388
39;54;-1.48234
39;55;1.16574
40;53;0.31286
40;54;8.91587
40;55;-0.3434
41;53;-9.46435
41;54;2.07969
41;55;-1.20741
42;53;5.2095
42;54;2.68833
42;55;-0.377518
43;53;3.6889
43;54;-2.33623
43;55;4.99542
44;53;6.08814
44;54;-6.85915
44;55;8.64642
45;53;-7.44817
45;54;-7.60072
45;55;9.78966
46;53;-7.86063
46;54;-1.85757
46;55;-2.34222
47;53;-1.292
47;54;-6.11805
47;55;-9.717
48;53;9.00208
48;54;7.39363
48;55;2.95345
49;53;-5.32306
49;54;11.123
49;55;2.26403
50;53;-9.20427
50;54;14.1905
50;55;5.58247
51;53;7.92557
51;54;-1.18374
51;55;-0.532763
52;53;0.447156
52;54;-4.72637
52;55;-4.10969
24;75;-5.97529
75;55;2.31644
10;3;-4.66031
