1;121;4.30566
1;122;-1.80361
2;121;-7.65918
2;122;1.62831
3;121;2.38396
3;122;-8.59498
4;121;9.88993
4;122;-4.55544
5;121;-2.6309
5;122;3.00296
6;121;-4.40802
6;122;-0.732437
7;121;1.64807
7;122;7.57535
8;121;2.43388
8;122;-7.5491
9;121;7.70028
9;122;-1.34575
10;121;-3.00893
10;122;-1.46193
11;121;1.81506
11;122;-8.64608
12;121;-1.08327
12;122;3.05027
13;121;-3.8319
13;122;6.47359
14;121;6.45763
14;122;-3.87869
15;121;-6.69849
15;122;8.64969
16;121;5.49112
16;122;-5.18634
17;121;-5.32112
17;122;2.83194
18;121;-5.11861
18;122;9.61482
19;121;1.17339
19;122;-1.30899
20;121;-3.33669
20;122;4.76311
21;121;-8.6536
21;122;2.25529
22;121;-5.05607
22;122;9.87548
23;121;7.48619
23;122;1.78313
24;121;9.16045
24;122;-2.30734
25;121;3.37303
25;122;7.86636
26;121;13.4637
26;122;0.731449
27;121;9.22028
27;122;-7.47968
28;121;4.82183
28;122;0.633603
29;121;-3.81887
29;122;-0.259811
30;121;6.75491
30;122;-8.73808
31;121;4.63877
31;122;-7.21286
32;121;-5.87906
32;122;-7.03316
33;121;-2.15834
33;122;2.06874
34;121;6.29589
34;122;1.79246
35;121;9.65153
35;122;2.84645
36;121;3.44858
36;122;0.54528
37;121;-6.53254
37;122;-1.81575
38;121;-5.30578
38;122;4.41905
39;121;-4.24836
39;122;-8.10184
40;121;-4.98587
40;122;3.5531
41;121;-6.42631
41;122;-7.11202
42;121;-4.34806
42;122;-5.94429
43;121;-9.72962
43;122;2.56381
44;121;0.70582
44;122;9.79576
45;121;-8.20844
45;122;-6.99816
46;121;1.63364
46;122;0.652163
47;121;4.49117
47;122;-3.15449
48;121;-5.54795
48;122;6.60662
49;121;-4.33042
49;122;5.15837
50;121;6.28192
50;122;-4.21606
51;121;3.46539
51;122;-0.269494
52;121;-3.46458
52;122;6.93284
53;121;0.577842
53;122;6.75231
54;121;8.4838
54;122;-9.02937
55;121;8.53294
55;122;1.63336
56;121;6.74208
56;122;7.75465
57;121;5.51331
57;122;4.48406
58;121;-1.30403
58;122;-8.34865
59;121;9.6063
59;122;-0.911871
60;121;-1.37568
60;122;-4.84829
61;121;-5.35402
61;122;-2.66546
62;121;0.230828
62;122;-1.95243
63;121;0.0991201
63;122;1.31362
64;121;3.6889
64;122;4.85604
65;121;-4.87691
65;122;-2.7979
66;121;-2.47798
66;122;6.06869
67;121;-7.22665
67;122;2.13084
68;121;2.73724
68;122;8.53689
69;121;-5.20258
69;122;5.86941
70;121;-0.678176
70;122;0.404416
71;121;-0.48264
71;122;8.35634
72;121;-4.563
72;122;-5.1323
73;121;9.49457
73;122;5.6043
74;121;-6.05677
74;122;-3.49594
75;121;2.49183
75;122;8.47384
76;121;2.02853
76;122;-9.87756
77;121;7.74394
77;122;-7.34955
78;121;3.99647
78;122;-7.58466
79;121;9.12076
79;122;5.90463
80;121;-4.04618
81;121;4.14644
81;122;6.98305
82;121;8.45317
82;122;-2.67944
83;121;7.11488
83;122;1.4547
84;121;2.97557
84;122;5.66827
85;121;-3.66231
85;122;7.94583
86;121;6.08002
86;122;3.11625
87;121;9.81645
87;122;-2.62235
88;121;5.14171
88;122;0.0842857
89;121;-6.73737
89;122;9.35137
90;121;-8.35222
90;122;-6.47522
91;121;7.58305
91;122;-7.94634
92;121;8.86595
92;122;-2.99585
93;121;-5.91692
93;122;7.09407
94;121;8.10193
94;122;0.302402
95;121;8.30441
95;122;-5.94425
96;121;-3.89221
96;122;0.256965
97;121;-7.46842
97;122;4.92862
98;121;-4.28709
98;122;-6.86248
99;121;5.30083
99;122;-6.41723
100;121;1.68242
100;122;-8.65022
101;121;-8.75867
101;122;-0.143605
102;121;-7.70673
102;122;-7.48944
103;121;-2.87234
103;122;7.45682
104;121;6.99802
104;122;5.55261
105;121;-6.63308
105;122;-0.778425
106;121;5.61974
106;122;-1.53317
107;121;8.10692
107;122;-8.60112
108;121;-0.182171
108;122;-6.3338
109;121;2.6147
109;122;-2.08024
110;121;-3.81549
110;122;-3.94416
111;121;1.9755
111;122;2.2923
112;121;-1.18131
112;122;-0.767466
113;121;8.35329
113;122;1.16946
114;121;0.521239
114;122;-8.93121
115;121;4.75223
115;122;7.95262
116;121;-9.2563
116;122;8.87624
117;121;6.7382
117;122;-0.262251
118;121;8.62259
118;122;1.40742
119;121;3.79017
119;122;4.88634
120;121;-1.83172
120;122;9.79413
43;7;8.10702
31;91;3.77571
