
---- Results of cofig: ----
  keep=0.411
  threshold=3.872
  interSpeciesRate=0.001
  noCrossoverOff=0.236
  probabilityWeightMutated=0.74
  probabilityAddNodeSmall=0.027
  probabilityAddLink_small=0.019
  probabilityAddNodeLarge=0.254
  probabilityAddLink_Large=0.107
  largeSize=20
  c1=1.174
  c2=0.502
  c3=0.479
  numberGenomes=50
  numberInputs=120
  numberOutputs=2
  evolutions=50
  n_max=300
  learningRate=10
  inputWeights=110,150
  weightsRange=-100,100
  process_max=25
  function=
  folder=results/trial-16

--Results of run:0 --
Best Genome 
Genome id: 1441
Genome fitness: 0.9
   IN  OUT    Weight  Innov
    1  121   55.5506      1
    1  122  -18.9567      2
    2  121  -87.4997      3
    2  122  -73.1437      4
    3  121   53.3585      5
    3  122   43.7773      6
    4  121  -32.9555      7
    4  122  -64.4176      8
    5  121   33.0989      9
    5  122   9.71595     10
    6  121  -6.54435     11
    6  122  -26.9265     12
    7  121   94.4689     13
    7  122   21.8569     14
    8  121   1.41781     15
    8  122  -33.6061     16
    9  121    67.837     17
    9  122  -95.0739     18
   10  121   68.5215     19
   10  122   83.0188     20
   11  121   86.1333     21
   11  122   66.3063     22
   12  121  -99.0982     23
   12  122  -84.2053     24
   13  121  -83.1726     25
   13  122   80.9992     26
   14  121   83.4075     27
   14  122   64.0631     28
   15  121  -66.9849     29
   15  122  -63.8322     30
   16  121   65.6334     31
   16  122   88.5657     32
   17  121   7.21109     33
   17  122  -11.9566     34
   18  121   4.84875     35
   18  122  -58.9493     36
   19  121   75.5986     37
   19  122   3.74805     38
   20  121  -33.3669     39
   20  122   37.7328     40
   21  121   -86.536     41
   21  122   13.1235     42
   22  121  -79.1936     43
   22  122   61.1461     44
   23  121  -55.5902     45
   23  122  -98.8314     46
   24  121  -35.7059     47
   24  122   88.2025     48
   25  121   -68.695     49
   25  122   60.2556     50
   26  121   95.2656     51
   26  122  -1.80036     52
   27  121    -25.18     53
   27  122    25.486     54
   28  121   48.9461     55
   28  122  -94.0508     56
   29  121  -38.1887     57
   29  122  -2.59811     58
   30  121   70.0123     59
   30  122  -5.17368     60
   31  121   23.5697     61
   31  122   77.7454     62
   32  121  -5.74784     63
   32  122   -43.144     64
   33  121  -83.0113     65
   33  122  -28.1507     66
   34  121  -38.1685     67
   34  122  -21.3665     68
   35  121   46.6197     69
   35  122   18.4646     70
   36  121   44.4858     71
   36  122  -75.2502     72
   37  121    61.455     73
   37  122    14.153     74
   38  121   13.3857     75
   38  122   57.4937     76
   39  121   12.0047     77
   39  122   67.6797     78
   40  121   7.67392     79
   40  122   58.3197     80
   41  121   90.4953     81
   41  122  -67.0471     82
   42  121  -43.4806     83
   42  122   25.4623     84
   43  121  -73.3372     85
   43  122   70.5137     86
   44  121    53.333     87
   44  122  -9.76325     88
   45  121  -32.0844     89
   45  122   55.5785     90
   46  121   85.0631     91
   46  122    17.728     92
   47  121   -74.325     93
   47  122  -31.5449     94
   48  121  -77.7339     95
   48  122   66.0662     96
   49  121  -43.3042     97
   49  122  -68.8128     98
   50  121  -9.54208     99
   50  122  0.131729    100
   51  121   15.7754    101
   51  122  -2.69494    102
   52  121  -45.8626    103
   52  122  -36.4205    104
   53  121   12.6653    105
   53  122   67.5231    106
   54  121   59.0067    107
   54  122   49.3584    108
   55  121   43.7192    109
   55  122  -33.3194    110
   56  121    24.371    111
   56  122  -38.8461    112
   57  121   69.6201    113
   57  122   5.96645    114
   58  121  -31.7465    115
   58  122   51.0067    116
   59  121  -14.5336    117
   59  122  -9.11871    118
   60  121   88.5395    119
   61  121  -53.5402    121
   61  122  -25.0017    122
   62  121   44.8674    123
   62  122  -43.8621    124
   63  121   -42.421    125
   63  122   67.1334    126
   64  121   57.4377    127
   64  122   88.4963    128
   65  121  -48.7691    129
   65  122   20.2569    130
   66  121   87.5723    131
   66  122  -73.3791    132
   67  121  -82.4381    133
   67  122  -98.6817    134
   68  121   37.3724    135
   68  122  -39.8408    136
   69  121  -99.5265    137
   69  122    36.325    138
   70  121   21.8376    139
   70  122  -5.95583    140
   71  121   -85.094    141
   71  122  -71.2939    142
   72  121  -98.2863    143
   72  122   22.6797    144
   73  121   33.6589    145
   73  122   35.0573    146
   74  121   9.00092    147
   74  122  -47.0752    148
   75  121  -74.0614    149
   75  122  -90.9924    150
   76  121   29.7021    151
   76  122  -27.6016    152
   77  121  -23.8576    153
   77  122   17.3747    154
   78  121  -36.2301    155
   78  122   67.9022    156
   79  121  -15.4919    157
   79  122  -92.0895    158
   80  121  -77.3503    159
   80  122   29.9817    160
   81  121   41.4644    161
   81  122   69.8305    162
   82  121    99.532    163
   82  122   59.0263    164
   83  121   66.0551    165
   83  122   26.9044    166
   84  121    61.629    167
   84  122   36.7926    168
   85  122   79.4583    170
   86  121  -55.9657    171
   86  122   66.3432    172
   87  121   98.1645    173
   87  122  -26.2235    174
   88  121   -10.977    175
   88  122  -47.4373    176
   89  121  -81.1467    177
   89  122   91.2222    178
   90  121   50.9487    179
   90  122  -65.2275    180
   91  121  -71.2441    181
   91  122   23.4561    182
   92  121   7.17087    183
   92  122   87.3478    184
   93  121  -59.1692    185
   93  122  -83.6597    186
   94  121   25.2623    187
   94  122  -24.7613    188
   95  121   92.1483    189
   95  122   47.9119    190
   96  121  -38.9221    191
   96  122   92.7218    192
   97  121  -97.3938    193
   97  122   58.9489    194
   98  121  -7.36098    195
   98  122  -11.1088    196
   99  121   87.5143    197
   99  122   11.8246    198
  100  121   18.4302    199
  100  122  -99.2021    200
  101  121  -8.71712    201
  101  122  -27.0843    202
  102  121   29.2218    203
  102  122  -10.5526    204
  103  121    98.927    205
  103  122  -43.8359    206
  104  121  -47.7605    207
  104  122   55.5261    208
  105  121  -34.0876    209
  105  122   72.2194    210
  106  121   90.2986    211
  106  122  -13.6469    212
  107  121   68.5609    213
  107  122  -2.53059    214
  108  121   85.7771    215
  108  122   36.5062    216
  109  121  -31.5899    217
  109  122  -35.1111    218
  110  121  -38.1549    219
  110  122  -39.4416    220
  111  121   67.5264    221
  111  122    22.923    222
  112  121   94.1711    223
  112  122   76.6937    224
  113  121   62.5058    225
  113  122  -13.1899    226
  114  121   83.8118    227
  114  122   81.1882    228
  115  121   33.8121    229
  115  122  -5.53367    230
  116  121  -4.68645    231
  116  122  -10.0825    232
  117  121  -32.6804    233
  117  122   38.9862    234
  118  121  -29.6875    235
  118  122  -57.9596    236
  119  121   95.1503    237
  119  122  -99.3644    238
  120  121  -64.3855    239
  120  122  -38.9374    240
   85  125   88.6569    249
  125  121  -86.7165    250
   60  131   53.8644    268
  131  122   53.3821    269

Summerized results: 
run: 0 bestFitness: 0
Max fitness: 0
Percentage: 100% (1 of 1)
--------------------------------------------------------------
