1;121;-8.16152
1;122;-1.89567
2;121;-8.74997
2;122;-3.37169
3;121;8.23295
3;122;-9.88582
4;122;-6.44176
5;121;-2.6309
5;122;8.51716
6;121;0.883659
6;122;-0.732437
7;121;-6.65319
7;122;2.18569
8;121;0.14178
8;122;-7.5491
9;121;6.7837
9;122;8.85792
10;121;-2.64158
10;122;8.30188
11;121;7.35842
11;122;0.849586
12;121;-7.35391
12;122;-8.42053
13;121;-8.31726
13;122;7.91802
14;121;9.99391
14;122;-7.03529
15;121;2.70175
15;122;-7.38322
16;121;-8.06791
16;122;-0.856588
17;121;-5.3821
17;122;-6.81787
18;121;-4.96732
18;122;6.79736
19;121;7.55985
19;122;1.75782
20;121;-1.17007
20;122;3.77328
21;121;-8.6536
21;122;2.25529
22;121;-3.91936
22;122;-9.20671
23;121;7.28893
23;122;-7.79146
24;121;9.16045
24;122;8.55412
25;121;-1.43453
25;122;-2.71845
26;121;9.52656
26;122;-0.180037
27;121;9.22028
27;122;2.5486
28;121;1.39944
28;122;-9.40508
29;121;4.92149
29;122;-0.259811
30;121;7.00123
30;122;-0.517368
31;121;7.35697
31;122;8.93332
32;121;0.771131
32;122;-7.0987
33;121;-7.71567
33;122;8.82408
34;121;6.29589
34;122;7.90249
35;121;8.55246
35;122;-9.40037
36;121;0.632129
36;122;0.54528
37;121;6.56277
37;122;-2.35542
38;121;0.0993681
38;122;-0.457282
39;121;0.392794
39;122;6.76797
40;121;4.85805
40;122;5.83197
41;121;-6.42631
41;122;1.92483
42;121;-4.34806
42;122;5.20282
43;121;4.70146
43;122;2.56381
44;121;0.70582
44;122;-7.67727
45;121;9.87811
45;122;0.557848
46;121;8.50631
46;122;9.14853
47;121;-9.21103
47;122;-5.7278
48;121;-7.77339
48;122;3.74588
49;121;-4.33042
49;122;9.67678
50;121;3.68437
50;122;-9.48717
51;121;-1.07571
51;122;-7.60641
52;121;-4.58626
52;122;-3.64205
53;121;-10.7403
53;122;6.75231
54;121;-8.51663
54;122;0.0113602
55;121;4.37192
55;122;1.63336
56;121;-4.15667
56;122;2.56981
57;121;6.962
57;122;-6.9478
58;121;5.5069
58;122;-4.14889
59;121;4.14898
59;122;-0.911871
60;121;-1.17177
60;122;-3.06219
61;121;-1.00276
61;122;-2.66546
62;121;4.48673
62;122;9.13715
63;121;4.18004
63;122;8.70008
64;121;-2.93297
64;122;4.85604
65;121;-9.40413
65;122;2.02569
66;121;-14.0594
66;122;-3.6207
67;121;-3.00855
67;122;5.00674
68;121;1.4889
68;122;-3.98408
69;121;6.88413
69;122;8.63791
70;121;4.32182
70;122;-6.66964
71;121;6.9202
71;122;-1.18538
72;121;-4.563
72;122;0.675641
73;121;3.36589
73;122;-7.55897
74;121;2.07253
74;122;1.50406
75;121;3.13127
75;122;-14.0992
76;121;-4.77678
76;122;-2.76016
77;121;5.45934
77;122;-7.34955
78;121;-8.12425
78;122;-7.58466
79;121;-3.74709
79;122;-7.87925
80;121;-7.73503
80;122;4.92642
81;121;10.1263
81;122;3.47583
82;121;8.45317
82;122;-4.87505
83;121;6.89683
83;122;2.69044
84;121;-7.05876
84;122;-8.30574
85;121;-8.67165
85;122;5.44621
86;121;-5.59657
86;122;3.11625
87;121;14.8164
87;122;-4.00366
88;121;8.7809
88;122;0.0842857
89;121;-1.88165
89;122;6.64873
90;121;-0.0940695
90;122;-6.52275
91;121;7.58305
91;122;-7.94634
92;121;8.93849
92;122;0.110886
93;121;-1.45247
93;122;6.21582
94;121;2.52623
94;122;0.302402
95;121;3.92593
95;122;-3.32211
96;121;-3.89221
96;122;3.36127
97;121;-8.73214
97;122;7.51305
98;121;-0.736098
98;122;2.86355
99;121;8.75143
99;122;-8.44126
100;121;1.68242
100;122;-8.50759
101;121;-0.871712
101;122;8.02779
102;121;-7.70673
102;122;-2.25455
103;121;4.66922
103;122;-4.38359
104;121;-5.86214
104;122;0.290498
105;121;-6.63308
105;122;1.91326
106;121;2.90742
106;122;-9.05002
107;121;8.10692
107;122;-8.60112
108;121;8.57771
108;122;-2.30922
109;121;2.6147
109;122;0.485355
110;121;-8.81549
110;122;8.56172
111;121;-2.00815
111;122;-2.3315
112;121;9.41711
112;122;-4.43408
113;121;8.35329
113;122;3.08313
114;121;-0.00231934
114;122;-3.9053
115;121;9.75223
115;122;-1.35802
116;121;-3.51556
116;122;5.99356
117;121;-2.22633
117;122;-0.262251
118;121;13.6226
118;122;1.40742
119;121;9.51503
119;122;1.21744
120;121;4.7552
120;122;-3.89374
30;65;-7.67509
62;133;-2.72976
133;122;-4.34102
80;68;9.6552
32;92;-4.43823
