1;121;9.63324
1;122;2.74223
2;121;4.00602
2;122;6.18877
3;121;7.97756
3;122;-2.64444
4;121;-7.44516
4;122;0.231407
5;121;-9.7219
5;122;8.51716
6;121;4.85245
6;122;-2.69265
7;121;14.4469
7;122;-2.81431
8;121;0.14178
8;122;14.5296
9;121;0.403723
9;122;8.85792
10;121;4.87675
10;122;0.771061
11;121;7.35842
11;122;-9.39105
12;121;6.65518
12;122;12.2333
13;121;-7.10957
13;122;6.17982
14;121;8.34075
14;122;-7.98718
15;121;2.70175
15;122;-2.60034
16;121;-6.91683
16;122;8.85657
17;121;0.721108
17;122;2.83194
18;121;-3.15782
18;122;8.25365
19;121;8.78258
19;122;-1.30899
20;121;6.28277
20;122;6.88995
21;121;1.90969
21;122;5.96314
22;121;-8.91936
22;122;9.87548
23;121;0.997777
23;122;-5.28122
24;121;-4.57059
24;122;-8.77533
25;121;0.0803385
25;122;3.47671
26;121;9.52656
26;122;-5.44933
27;121;11.8662
27;122;-7.99374
28;121;4.82183
28;122;-9.40508
29;121;-3.81887
29;122;-0.259811
30;121;2.51046
30;122;-0.882902
31;121;2.01696
31;122;-7.21286
32;121;-1.6608
32;122;4.22869
33;121;-7.88455
33;122;6.30696
34;121;-3.81685
34;122;-6.81875
35;121;8.61715
35;122;-7.8243
36;121;3.44858
36;122;-5.6554
37;121;-4.9356
37;122;-8.74638
38;121;6.28703
38;122;-0.457282
39;121;-4.24836
39;122;-3.639
40;121;0.767392
40;122;2.20945
41;121;0.479069
41;122;6.07341
42;121;-5.03637
42;122;-0.648065
43;121;-0.963011
43;122;-3.71574
44;121;12.7593
44;122;9.81506
45;121;-3.20844
45;122;3.77625
46;121;1.85767
46;122;9.14853
47;121;6.48521
47;122;-3.15449
48;121;9.18117
48;122;-5.60311
49;121;-9.33042
49;122;1.07849
50;121;0.467264
50;122;4.86846
51;121;-8.74379
51;122;7.01173
52;121;0.919444
52;122;8.74214
53;121;7.98172
53;122;1.75231
54;121;5.06233
54;122;0.0113602
55;121;9.89695
55;122;-8.33194
56;121;-4.15667
56;122;1.00784
57;121;-2.91415
57;122;-6.38117
58;121;-0.772603
58;122;9.80455
59;121;-2.95213
59;122;6.88753
60;121;8.09563
60;122;-4.35632
61;121;7.19373
61;122;-9.35279
62;121;4.48673
62;122;9.13715
63;121;-1.76514
63;122;-6.61271
64;121;-1.04782
64;122;4.36686
65;121;8.76083
65;122;-1.03743
66;121;-5.89178
66;122;-0.35363
67;121;-8.24381
67;122;-0.506257
68;121;-8.72697
68;122;-3.98408
69;121;1.54986
69;122;-2.6894
70;121;6.02728
70;122;0.404416
71;121;-0.48264
71;122;-8.12938
72;121;3.54139
72;122;2.26797
73;121;3.36589
73;122;3.50573
74;121;2.07253
74;122;-3.49594
75;121;-9.81853
75;122;6.21863
76;121;2.50496
76;122;2.21732
77;121;-1.7647
77;122;2.46688
78;121;-6.53871
78;122;0.738157
79;121;-1.62783
79;122;-12.8792
80;121;8.63811
80;122;3.5739
81;121;-6.89327
81;122;13.7026
82;121;9.9532
82;122;-2.67944
83;121;7.11488
83;122;1.4547
84;121;1.29919
84;122;1.61471
85;121;-8.67165
85;122;3.86621
86;121;-1.11242
86;122;-1.71559
87;121;4.22038
87;122;-2.62235
88;121;7.34792
88;122;3.18233
89;121;-7.93905
89;122;9.35137
90;121;5.09487
90;122;-6.47522
91;121;-3.99451
91;122;-4.10291
92;121;0.717087
92;122;9.13585
93;121;-1.00492
93;122;6.21582
94;121;2.52623
94;122;2.53389
95;121;-6.95173
95;122;7.82559
96;121;14.0245
96;122;3.36127
97;121;-4.60872
97;122;8.16659
98;121;-1.2683
98;122;-0.555882
99;121;8.75143
99;122;-3.65836
100;121;-4.37286
100;122;-8.81937
101;121;1.92085
101;122;-0.370933
102;121;6.71411
102;122;1.96021
103;121;-3.2873
103;122;-4.38359
104;121;2.59485
104;122;-2.63307
105;122;7.22194
106;121;9.02985
106;122;-2.18632
107;121;5.59301
107;122;-0.253059
108;121;-0.47769
108;122;3.65062
109;121;-8.15899
109;122;-2.08024
110;121;-7.61578
110;122;-3.94416
111;121;14.6408
111;122;-3.74121
112;121;9.41711
112;122;4.50708
113;121;8.35329
113;122;11.3864
114;121;7.77479
114;122;-0.876935
115;121;9.86346
115;122;-9.41663
116;121;-7.352
116;122;3.16779
117;121;-12.7916
117;122;-0.262251
118;121;-2.31229
118;122;2.37623
119;121;6.42721
119;122;-7.84227
120;121;5.26066
120;122;-3.97237
