
---- Results of cofig: ----
  keep=0.489
  threshold=3.148
  interSpeciesRate=0.001
  noCrossoverOff=0.233
  probabilityWeightMutated=0.728
  probabilityAddNodeSmall=0.031
  probabilityAddLink_small=0.048
  probabilityAddNodeLarge=0.274
  probabilityAddLink_Large=0.142
  largeSize=20
  c1=0.7
  c2=0.637
  c3=0.409
  numberGenomes=50
  numberInputs=120
  numberOutputs=2
  evolutions=50
  n_max=300
  learningRate=5
  inputWeights=110,150
  weightsRange=-10,10
  process_max=25
  function=
  folder=results/trial-25

--Results of run:0 --
Best Genome 
Genome id: 1276
Genome fitness: 0.97
   IN  OUT    Weight  Innov
    1  121   9.63324      1
    1  122   2.74223      2
    2  121   4.00602      3
    2  122   6.18877      4
    3  121   7.97756      5
    3  122  -2.64444      6
    4  121  -7.44516      7
    4  122  0.231407      8
    5  121   -9.7219      9
    5  122   8.51716     10
    6  121   4.85245     11
    6  122  -2.69265     12
    7  121   14.4469     13
    7  122  -2.81431     14
    8  121   0.14178     15
    8  122   14.5296     16
    9  121  0.403723     17
    9  122   8.85792     18
   10  121   4.87675     19
   10  122  0.771061     20
   11  121   7.35842     21
   11  122  -9.39105     22
   12  121   6.65518     23
   12  122   12.2333     24
   13  121  -7.10957     25
   13  122   6.17982     26
   14  121   8.34075     27
   14  122  -7.98718     28
   15  121   2.70175     29
   15  122  -2.60034     30
   16  121  -6.91683     31
   16  122   8.85657     32
   17  121  0.721108     33
   17  122   2.83194     34
   18  121  -3.15782     35
   18  122   8.25365     36
   19  121   8.78258     37
   19  122  -1.30899     38
   20  121   6.28277     39
   20  122   6.88995     40
   21  121   1.90969     41
   21  122   5.96314     42
   22  121  -8.91936     43
   22  122   9.87548     44
   23  121  0.997777     45
   23  122  -5.28122     46
   24  121  -4.57059     47
   24  122  -8.77533     48
   25  121 0.0803385     49
   25  122   3.47671     50
   26  121   9.52656     51
   26  122  -5.44933     52
   27  121   11.8662     53
   27  122  -7.99374     54
   28  121   4.82183     55
   28  122  -9.40508     56
   29  121  -3.81887     57
   29  122 -0.259811     58
   30  121   2.51046     59
   30  122 -0.882902     60
   31  121   2.01696     61
   31  122  -7.21286     62
   32  121   -1.6608     63
   32  122   4.22869     64
   33  121  -7.88455     65
   33  122   6.30696     66
   34  121  -3.81685     67
   34  122  -6.81875     68
   35  121   8.61715     69
   35  122   -7.8243     70
   36  121   3.44858     71
   36  122   -5.6554     72
   37  121   -4.9356     73
   37  122  -8.74638     74
   38  121   6.28703     75
   38  122 -0.457282     76
   39  121  -4.24836     77
   39  122    -3.639     78
   40  121  0.767392     79
   40  122   2.20945     80
   41  121  0.479069     81
   41  122   6.07341     82
   42  121  -5.03637     83
   42  122 -0.648065     84
   43  121 -0.963011     85
   43  122  -3.71574     86
   44  121   12.7593     87
   44  122   9.81506     88
   45  121  -3.20844     89
   45  122   3.77625     90
   46  121   1.85767     91
   46  122   9.14853     92
   47  121   6.48521     93
   47  122  -3.15449     94
   48  121   9.18117     95
   48  122  -5.60311     96
   49  121  -9.33042     97
   49  122   1.07849     98
   50  121  0.467264     99
   50  122   4.86846    100
   51  121  -8.74379    101
   51  122   7.01173    102
   52  121  0.919444    103
   52  122   8.74214    104
   53  121   7.98172    105
   53  122   1.75231    106
   54  121   5.06233    107
   54  122 0.0113602    108
   55  121   9.89695    109
   55  122  -8.33194    110
   56  121  -4.15667    111
   56  122   1.00784    112
   57  121  -2.91415    113
   57  122  -6.38117    114
   58  121 -0.772603    115
   58  122   9.80455    116
   59  121  -2.95213    117
   59  122   6.88753    118
   60  121   8.09563    119
   60  122  -4.35632    120
   61  121   7.19373    121
   61  122  -9.35279    122
   62  121   4.48673    123
   62  122   9.13715    124
   63  121  -1.76514    125
   63  122  -6.61271    126
   64  121  -1.04782    127
   64  122   4.36686    128
   65  121   8.76083    129
   65  122  -1.03743    130
   66  121  -5.89178    131
   66  122  -0.35363    132
   67  121  -8.24381    133
   67  122 -0.506257    134
   68  121  -8.72697    135
   68  122  -3.98408    136
   69  121   1.54986    137
   69  122   -2.6894    138
   70  121   6.02728    139
   70  122  0.404416    140
   71  121  -0.48264    141
   71  122  -8.12938    142
   72  121   3.54139    143
   72  122   2.26797    144
   73  121   3.36589    145
   73  122   3.50573    146
   74  121   2.07253    147
   74  122  -3.49594    148
   75  121  -9.81853    149
   75  122   6.21863    150
   76  121   2.50496    151
   76  122   2.21732    152
   77  121   -1.7647    153
   77  122   2.46688    154
   78  121  -6.53871    155
   78  122  0.738157    156
   79  121  -1.62783    157
   79  122  -12.8792    158
   80  121   8.63811    159
   80  122    3.5739    160
   81  121  -6.89327    161
   81  122   13.7026    162
   82  121    9.9532    163
   82  122  -2.67944    164
   83  121   7.11488    165
   83  122    1.4547    166
   84  121   1.29919    167
   84  122   1.61471    168
   85  121  -8.67165    169
   85  122   3.86621    170
   86  121  -1.11242    171
   86  122  -1.71559    172
   87  121   4.22038    173
   87  122  -2.62235    174
   88  121   7.34792    175
   88  122   3.18233    176
   89  121  -7.93905    177
   89  122   9.35137    178
   90  121   5.09487    179
   90  122  -6.47522    180
   91  121  -3.99451    181
   91  122  -4.10291    182
   92  121  0.717087    183
   92  122   9.13585    184
   93  121  -1.00492    185
   93  122   6.21582    186
   94  121   2.52623    187
   94  122   2.53389    188
   95  121  -6.95173    189
   95  122   7.82559    190
   96  121   14.0245    191
   96  122   3.36127    192
   97  121  -4.60872    193
   97  122   8.16659    194
   98  121   -1.2683    195
   98  122 -0.555882    196
   99  121   8.75143    197
   99  122  -3.65836    198
  100  121  -4.37286    199
  100  122  -8.81937    200
  101  121   1.92085    201
  101  122 -0.370933    202
  102  121   6.71411    203
  102  122   1.96021    204
  103  121   -3.2873    205
  103  122  -4.38359    206
  104  121   2.59485    207
  104  122  -2.63307    208
  105  122   7.22194    210
  106  121   9.02985    211
  106  122  -2.18632    212
  107  121   5.59301    213
  107  122 -0.253059    214
  108  121  -0.47769    215
  108  122   3.65062    216
  109  121  -8.15899    217
  109  122  -2.08024    218
  110  121  -7.61578    219
  110  122  -3.94416    220
  111  121   14.6408    221
  111  122  -3.74121    222
  112  121   9.41711    223
  112  122   4.50708    224
  113  121   8.35329    225
  113  122   11.3864    226
  114  121   7.77479    227
  114  122 -0.876935    228
  115  121   9.86346    229
  115  122  -9.41663    230
  116  121    -7.352    231
  116  122   3.16779    232
  117  121  -12.7916    233
  117  122 -0.262251    234
  118  121  -2.31229    235
  118  122   2.37623    236
  119  121   6.42721    237
  119  122  -7.84227    238
  120  121   5.26066    239
  120  122  -3.97237    240

Summerized results: 
run: 0 bestFitness: 0
Max fitness: 0
Percentage: 100% (1 of 1)
--------------------------------------------------------------
