1;53;-3.29425
1;54;13.1207
1;55;-11.6997
2;53;-5.69574
2;54;8.23295
2;55;1.87787
3;53;7.28032
3;54;-8.19741
3;55;5.77181
4;53;9.22177
4;54;-9.47795
4;55;-7.67775
5;53;7.34643
5;54;8.16659
5;55;-8.02285
6;53;2.91143
6;54;-8.2374
6;55;9.34594
7;53;9.25434
7;54;1.19343
7;55;9.31912
8;53;1.88547
8;54;-7.25537
8;55;6.08353
9;53;-3.2873
9;54;-1.95941
9;55;-4.65834
10;53;-1.81566
10;54;4.97849
10;55;-5.63486
11;53;0.258648
11;54;-9.41979
11;55;4.21335
12;53;-7.60497
12;54;1.67186
12;55;0.227727
13;53;-2.81311
13;54;-4.64865
13;55;-4.14966
14;53;7.31853
14;54;-1.29568
14;55;8.08399
15;53;-0.649405
15;54;7.83059
15;55;1.63591
16;53;3.56703
16;54;11.1545
16;55;13.3805
17;53;0.422508
17;54;5.31147
17;55;-0.936085
18;53;5.07104
18;54;-3.13073
18;55;-5.36289
19;53;11.8572
19;54;-9.66459
19;55;-8.71657
20;53;-9.24684
20;54;-2.60445
20;55;1.89439
21;53;-10.7041
21;54;-9.93538
21;55;9.04059
22;53;-7.07729
22;55;0.859446
23;53;3.15043
23;54;-8.50759
23;55;-1.44596
24;53;-2.87057
24;54;5.28776
24;55;3.53413
25;53;-2.40251
25;54;-2.89226
25;55;14.0846
26;53;-4.34935
26;54;4.98914
26;55;-6.5723
27;53;2.79958
27;54;-2.91903
27;55;-8.64784
28;53;-0.433364
28;54;-6.79324
28;55;-1.65021
29;53;-6.94964
29;54;8.73507
29;55;0.992548
30;53;0.168683
30;54;6.59137
30;55;8.32501
31;53;-0.204288
31;54;8.54744
31;55;3.38963
32;53;-8.804
32;54;-3.72921
32;55;-2.32389
33;53;-2.03127
33;54;-4.05867
33;55;-0.83149
34;53;7.71691
34;54;0.62289
34;55;-8.10283
35;53;-6.49552
35;54;8.60145
35;55;-1.79978
36;53;-7.20722
36;54;-3.55668
36;55;-3.01948
37;53;-0.885981
37;54;10.925
37;55;-4.78766
38;53;7.24851
38;54;-4.35165
38;55;-5.47787
39;53;9.32031
39;54;-4.60711
39;55;8.43623
40;53;-0.368563
40;54;0.561575
40;55;8.13608
41;53;-7.93658
41;54;-0.272368
41;55;13.1866
42;53;6.27599
42;54;-0.777877
42;55;0.532347
43;53;9.44412
43;54;6.04161
43;55;-1.37606
44;53;1.43279
44;54;9.31003
44;55;-2.26144
45;53;-8.91674
45;54;-5.11175
45;55;5.22761
46;53;-7.1372
46;54;9.94105
46;55;1.89664
47;53;-0.762202
47;54;1.42865
47;55;-1.65368
48;53;-0.741769
48;54;-8.94942
48;55;-15.9284
49;53;-6.47579
49;54;14.037
49;55;-7.64662
50;53;-4.11828
50;54;9.19049
50;55;9.5303
51;53;7.92557
51;54;-5.03298
51;55;3.20198
52;53;-1.27703
52;54;2.22187
52;55;-2.29998
23;4;5.20713
34;63;1.98303
63;55;-16.2087
9;49;1.49381
22;92;-0.959641
92;54;8.62047
