1;121;-8.16152
1;122;-1.89567
2;121;9.50761
2;122;6.18877
3;121;7.38396
3;122;-6.68236
4;121;-9.79814
4;122;-1.09843
5;121;-3.99105
5;122;-3.95506
6;121;4.85245
6;122;8.20917
7;121;9.44689
7;122;6.0202
8;121;2.60849
8;122;9.28497
9;121;6.08566
9;122;-9.04824
10;121;-2.3013
10;122;2.95134
11;121;7.35842
11;122;-8.64608
12;121;-4.36627
12;122;-5.92844
13;121;-8.31726
13;122;8.09077
14;121;9.99391
14;122;-5.9352
15;121;5.65262
15;122;5.03071
16;121;-0.784635
16;122;8.85657
17;121;-9.86696
17;122;-6.81787
18;121;4.67272
18;122;9.25762
19;121;4.62011
19;122;-2.73007
20;121;-4.12018
20;122;-9.4929
21;121;-8.6536
21;122;2.25529
22;121;-5.22534
22;122;-3.01642
23;121;8.61307
23;122;-8.15021
24;121;-8.06835
24;122;1.87733
25;121;3.25108
25;122;9.91241
26;121;8.19371
26;122;-0.920386
27;121;9.22028
27;122;-7.47968
28;121;-0.0154781
28;122;-3.02784
29;121;-2.34388
29;122;-1.58134
30;121;0.862877
30;122;-4.57064
31;121;4.63877
31;122;13.5614
32;121;1.02569
32;122;9.31765
33;121;-7.71567
33;122;-3.20536
34;121;-3.81685
34;122;7.90249
35;121;2.24603
35;122;6.46693
36;121;-3.35636
36;122;9.25274
37;121;-1.66771
37;122;-1.81575
38;121;1.33857
38;122;6.30394
39;121;-4.24836
39;122;-6.14533
40;121;-8.53552
40;122;2.16735
41;121;4.67972
41;122;-3.51972
42;121;-1.47154
42;122;-9.05868
43;121;-3.86195
43;122;2.56381
44;121;6.79699
44;122;-0.976325
45;121;6.47318
45;122;-6.99816
46;121;5.2588
46;122;0.652163
47;121;5.20671
47;122;-4.80147
48;121;-8.45421
48;122;9.09552
49;121;-3.86759
49;122;1.28968
50;121;-2.6204
50;122;-7.74024
51;121;-3.66209
51;122;4.73051
52;121;-4.58626
52;122;-9.29841
53;121;0.599394
53;122;-2.47127
54;121;5.90067
54;122;-9.02937
55;121;1.93467
55;122;4.66706
56;121;4.52373
56;122;-9.42832
57;121;-6.13458
57;122;5.16579
58;121;1.59343
58;122;-1.28825
59;121;9.6063
59;122;-1.60957
60;121;-5.62945
60;122;-9.35632
61;121;-1.00276
61;122;-4.89847
62;121;-5.39032
62;122;0.31425
63;121;-5.74454
63;122;6.71334
64;121;7.14987
64;122;9.84962
65;121;-7.3967
65;122;5.26754
66;121;-0.891783
66;122;1.3793
67;121;2.04388
67;122;-9.86817
68;121;2.03454
68;122;8.53689
69;121;2.91013
69;122;7.05499
70;121;9.70114
70;122;3.21931
71;121;-3.22143
71;122;-1.15444
72;121;-3.6231
72;122;6.92226
73;121;1.89775
73;122;6.31811
74;121;-6.05677
74;122;-3.08747
75;121;-7.40614
75;122;5.27064
76;121;2.14773
76;122;-2.13197
77;121;6.0085
77;122;-1.53244
78;121;-4.56331
78;122;-9.11276
79;121;9.78118
79;122;-3.16755
80;121;-2.89303
80;122;-0.301611
81;121;-2.7878
81;122;8.47583
82;121;9.9532
82;122;-9.6496
83;121;7.48425
83;122;-6.29835
84;121;-7.05876
84;122;-4.68304
85;121;-8.67165
85;122;12.9458
86;121;-4.66739
86;122;-3.60206
87;121;9.72922
87;122;-7.54307
88;121;-1.0977
88;122;3.18233
89;121;-9.11661
89;122;9.35137
90;121;5.09487
90;122;-6.34193
91;121;0.610134
91;122;-1.12307
92;121;-3.4739
92;122;4.18192
93;121;-5.91692
93;122;8.82622
94;121;5.03202
94;122;0.302402
95;121;9.44361
95;122;-5.94425
96;121;2.68688
96;122;8.2671
97;121;-7.46842
97;122;5.87773
98;121;8.6175
98;122;-1.11088
99;121;4.31316
99;122;-6.67483
100;121;1.68242
100;122;-6.77294
101;121;5.42495
101;122;-1.91791
102;121;6.71411
102;122;-9.80411
103;121;5.43156
103;122;-6.69358
104;121;2.59485
104;122;-8.75854
105;121;6.80819
105;122;6.05326
106;121;5.61974
106;122;-1.53317
107;121;8.10692
107;122;1.18551
108;121;1.89395
108;122;1.85197
109;121;-8.69151
109;122;-2.08024
110;121;-1.02238
110;122;-3.94416
111;121;-1.38328
111;122;-4.3631
112;121;14.4171
112;122;-3.0536
113;121;-0.29654
113;122;6.16946
114;121;-3.4415
114;122;4.42095
115;121;7.3312
115;122;-4.1367
116;121;3.53964
116;122;5.99356
117;121;4.63387
117;122;6.24377
118;121;3.36369
118;122;3.20523
119;121;6.19725
119;122;-9.93644
120;121;4.7552
120;122;-3.89374
62;31;-7.93216
