1;121;55.5506
1;122;3.34333
2;121;-87.4997
2;122;-74.784
3;121;85.3103
3;122;78.3496
4;121;98.8993
4;122;44.6212
5;121;-15.134
5;122;9.71595
6;121;35.3958
6;122;-26.9265
7;121;64.0506
7;122;2.68018
8;121;1.41781
8;122;-53.6388
9;121;67.837
9;122;43.4594
10;121;-23.013
10;122;96.396
11;121;-42.7359
11;122;66.3063
12;121;61.4134
12;122;-90.9509
13;121;-83.1726
13;122;10.9533
14;121;80.2059
14;122;-66.8829
15;121;-83.8405
15;122;-73.8322
16;121;67.1774
16;122;36.5399
17;121;7.21109
17;122;-3.98604
18;121;-49.6732
18;122;-34.5779
19;121;75.5986
19;122;11.5238
20;121;-33.3669
20;122;37.7328
21;121;79.438
21;122;70.7552
22;121;43.4183
22;122;58.581
23;121;-55.5902
23;122;-66.9218
24;121;72.027
24;122;2.99248
25;121;-20.832
25;122;89.8654
26;121;95.2656
26;122;-1.80036
27;121;44.9124
27;122;0.946777
28;121;-0.154778
28;122;-56.7363
29;121;-31.296
29;122;-2.59811
30;121;98.5944
30;122;-8.82902
31;121;23.5697
31;122;89.3332
32;121;-16.608
32;122;42.2869
33;121;41.2757
33;122;-90.7838
34;121;-38.1685
34;122;43.2494
35;121;-8.0112
35;122;57.2374
36;121;-71.5513
36;122;1.9407
37;121;6.17953
37;122;-28.1575
38;121;86.162
38;122;34.0027
39;121;77.3473
39;122;-36.39
40;121;-59.61
40;122;12.0945
41;121;90.4953
41;122;24.1879
42;121;-71.8856
42;122;79.617
43;121;-74.8653
43;122;-33.9326
44;121;85.5662
44;122;78.6745
45;121;-0.374176
45;122;55.5785
46;121;-10.6784
46;122;-45.5829
47;121;44.9117
47;122;-29.1559
48;121;-77.7339
48;122;66.0662
49;121;-66.2172
49;122;76.0408
50;121;-19.2919
50;122;1.68684
51;121;7.12823
51;122;-56.835
52;121;14.8815
52;122;-27.2441
53;121;-30.7748
53;122;67.5231
54;121;58.217
54;122;-78.0167
55;121;25.8089
55;122;-43.7881
56;121;0.188225
56;122;77.0114
57;121;-29.1415
57;122;-3.92234
58;121;-21.1724
59;121;-14.5336
59;122;-59.8142
60;121;-27.6237
60;122;-5.85234
61;121;-8.8598
61;122;-72.315
62;121;44.8674
62;122;-30.1274
63;121;31.3
63;122;87.0008
64;121;57.4377
64;122;-56.5337
65;121;-48.7691
65;122;-89.1052
66;121;37.1809
66;122;-57.8669
67;121;-92.4381
67;122;24.8413
68;121;-54.4096
68;122;-60.336
69;121;-72.0086
69;122;91.094
70;121;-57.5654
70;122;4.04417
71;121;70.3765
71;122;14.3279
72;121;-70.2578
72;122;91.2111
73;121;33.6589
73;122;46.2344
74;121;3.06655
74;122;-80.8747
75;121;35.8625
75;122;-90.9924
76;121;25.0496
76;122;12.1732
77;121;-17.647
77;122;-73.0195
78;121;4.04202
78;122;94.973
79;121;-15.4919
79;122;-78.7925
80;121;-7.7159
80;122;35.739
81;121;1.5434
81;122;83.96
82;121;99.532
82;122;2.1228
83;121;91.8931
83;122;26.9044
84;121;-80.8145
84;122;16.1471
85;121;99.5598
85;122;54.4621
86;121;-19.735
86;122;-66.8518
87;121;-58.4418
87;122;-90.0366
88;121;73.4792
88;122;38.9162
89;121;-83.9633
89;122;-21.25
90;121;-33.2311
90;122;-7.23748
91;121;-81.2441
91;122;-11.2307
92;121;7.17087
92;122;1.10886
93;121;-59.1692
93;122;70.9407
94;121;77.2393
94;122;25.3389
95;121;-39.141
95;122;76.9863
96;121;62.4211
96;122;26.1202
97;121;-27.1638
97;122;-75.4404
98;121;-7.36098
98;122;-11.1088
99;121;53.1317
99;122;70.0297
100;121;49.0462
100;122;81.1386
101;121;24.4918
101;122;-64.6687
102;121;29.2218
102;122;-10.5526
103;121;40.7843
103;122;-43.8359
104;121;17.508
104;122;55.5261
105;121;-71.7629
105;122;72.2194
106;121;13.7655
106;122;-15.3317
107;121;55.9301
107;122;97.2063
108;121;85.7771
108;122;52.1265
109;121;-31.5899
109;122;-55.9142
110;121;0.00965881
110;122;-55.6927
111;121;-77.6583
111;122;-79.4846
112;121;94.1711
112;122;-79.7247
113;121;-45.7862
113;122;66.9136
114;121;27.7479
114;122;-44.8504
115;121;98.6347
115;122;-5.53367
116;121;-73.52
116;122;74.788
117;121;-16.3236
117;122;14.58
118;121;26.8771
118;122;14.0742
119;121;-81.3668
119;122;47.5175
120;121;-30.3997
120;122;-5.94591
28;72;-85.1716
58;126;28.8169
126;122;51.0067
