1;53;-1.21655
1;54;4.07365
1;55;-6.6997
2;53;-9.76509
2;54;0.764093
2;55;-8.36596
3;53;2.73566
3;54;-8.14848
3;55;-4.44451
4;53;1.0794
4;54;-9.47795
4;55;-8.01634
5;53;6.2978
5;54;1.23205
5;55;-4.28709
6;53;-3.72824
6;54;9.91824
6;55;-8.1242
7;53;-1.82426
7;54;8.07324
7;55;7.73984
8;53;-5.74423
8;54;-12.1236
8;55;6.13386
9;53;-3.2873
9;54;5.22057
9;55;6.78082
10;53;-3.36061
10;54;14.595
10;55;-9.50739
11;53;1.98694
11;54;-1.62151
11;55;-1.31264
12;53;-6.65791
12;54;-10.6502
12;55;3.59427
13;53;-8.69151
13;54;6.00879
13;55;-7.96375
14;53;-6.26643
14;54;-0.10745
14;55;-8.49198
15;53;-0.257511
15;54;7.83059
15;55;6.25058
16;53;-5.76913
16;54;-0.223127
16;55;8.11882
17;53;-7.32169
17;54;8.84342
17;55;-9.2563
18;53;-2.08766
18;54;-7.79161
18;55;-4.70511
19;53;4.6373
19;54;-2.92163
19;55;-3.31683
20;53;0.187011
20;54;-9.09092
20;55;-2.90458
21;53;9.50968
21;54;-3.87195
21;55;1.35915
22;53;2.74392
22;54;-8.34555
22;55;-9.14055
23;53;-4.06587
23;54;0.0049305
23;55;-9.39906
24;54;3.7385
24;55;2.55776
25;53;-3.81346
25;54;-11.519
25;55;7.73498
26;53;-4.38749
26;54;8.93639
26;55;3.85113
27;53;3.28632
27;54;-8.79066
27;55;-5.41841
28;53;9.01787
28;54;0.304324
28;55;-0.654001
29;53;3.11761
29;54;8.36988
29;55;-2.39422
30;53;7.86745
30;54;-2.9928
30;55;-7.05186
31;53;0.566326
31;54;-9.88179
31;55;-2.28948
32;53;-7.69952
32;54;7.22535
32;55;8.47939
33;53;1.76939
33;54;5.46593
33;55;5.25937
34;53;2.71691
34;54;6.96964
34;55;-8.10283
35;53;-6.57121
35;54;0.700127
35;55;-4.27822
36;53;-2.82438
36;54;-1.7119
36;55;-4.51329
37;53;0.699319
37;54;6.57442
37;55;-8.55237
38;53;5.86611
38;54;5.59229
38;55;2.78626
39;53;4.54165
39;54;-11.2307
39;55;12.9412
40;53;0.923125
40;54;-9.28137
40;55;-0.3434
41;53;-6.10878
41;54;2.07969
41;55;8.18657
42;53;-0.662892
42;54;4.57559
42;55;-2.64632
43;53;-9.35904
43;54;4.81467
43;55;0.625077
44;53;3.13306
44;54;2.15588
44;55;0.397206
45;53;-10.6642
45;54;-10.5132
45;55;9.57943
46;53;-7.86063
46;54;-7.41038
46;55;0.496384
47;53;7.96943
47;54;2.68841
47;55;-2.0802
48;53;11.3491
48;54;-8.94942
48;55;0.431267
49;53;-8.4467
49;54;-2.6564
49;55;8.04694
50;53;-7.51793
50;54;9.19049
50;55;9.5303
51;53;13.9853
51;54;-5.65337
51;55;-8.13039
52;53;-9.31702
52;54;-8.43731
52;55;-7.71891
24;79;4.05823
79;53;6.37993
