1;121;-53.1117
1;122;6.85886
2;121;61.819
2;122;-57.696
3;121;49.8886
3;122;-26.4444
4;121;35.2619
4;122;-8.91167
5;121;-97.219
5;122;25.4493
6;121;-41.3657
6;122;-63.0845
7;121;-99.4344
7;122;31.4807
8;121;48.9198
8;122;-80.474
9;121;-8.87179
9;122;37.5054
10;121;-42.6602
10;122;0.922882
11;121;35.8546
11;122;31.0345
12;121;-43.0971
12;122;72.253
13;121;-14.3383
13;122;98.8392
14;121;55.5139
14;122;-13.4072
15;121;83.0405
15;122;-30.5427
16;121;14.0514
16;122;3.52427
17;121;-18.9465
17;122;-22.7703
18;121;96.6817
18;122;-29.9916
19;121;-30.8494
19;122;-35.2297
20;121;-6.08006
20;122;6.50283
21;121;-42.6072
21;122;11.8989
22;121;72.8043
22;122;-50.3485
23;121;86.1307
23;122;31.7241
24;121;-46.2631
24;122;87.5429
25;121;-80.3231
25;122;45.4418
26;121;-52.728
26;122;65.5315
27;121;44.9124
27;122;32.0042
28;121;-82.0782
28;122;-45.8586
29;121;-36.7305
29;122;-89.9067
30;121;0.39785
30;122;89.3497
31;121;-82.2098
31;122;69.9782
32;121;43.7273
32;122;-97.8829
33;121;-21.5834
33;122;40.409
34;121;-12.2019
34;122;99.8066
35;121;79.087
35;122;-72.1025
36;121;-12.7403
36;122;-85.2502
37;121;39.7964
37;122;-73.1863
38;121;86.292
38;122;-63.7889
39;121;58.5378
39;122;-37.6354
40;121;-66.246
40;122;60.5208
41;121;-92.1935
41;122;1.76167
42;121;53.7462
42;122;49.4314
43;121;36.7889
43;122;-48.2929
44;121;48.4243
44;122;43.0981
45;121;-95.8983
45;122;-10.8414
46;121;32.4477
46;122;72.9628
47;121;-92.0566
47;122;-12.391
48;121;-63.068
48;122;37.4588
49;121;-83.416
49;122;24.5583
50;121;36.8437
50;122;50.5776
51;121;-19.8928
51;122;64.5603
52;121;20.3654
52;122;38.6035
53;121;22.6653
53;122;-95.0263
54;121;28.2161
54;122;3.76784
55;121;-32.6616
55;122;-43.7377
56;121;-71.1035
56;122;-24.8551
57;121;65.6096
57;122;-54.2712
58;121;15.4437
58;122;2.39846
59;121;41.4898
59;122;17.8521
60;121;-54.5035
60;122;-22.3962
61;121;-92.9893
61;122;77.9442
62;121;-49.4333
62;122;93.6789
63;121;96.8937
63;122;5.83511
64;121;-62.3504
64;122;86.6424
65;121;-41.5918
65;122;-0.0380402
66;121;59.6397
66;122;-42.7847
67;121;44.3645
67;122;78.3214
68;121;95.8188
68;122;-17.6572
69;121;83.2951
69;122;45.051
70;121;9.24969
70;122;-49.3665
71;121;69.202
71;122;38.1461
72;121;25.7783
72;122;34.8116
73;121;-27.2545
73;122;63.1811
74;121;-52.7899
74;122;37.5187
75;121;-75.8332
75;122;-17.2934
76;121;-94.8775
76;122;-79.9312
77;121;-39.3492
77;122;-44.3108
78;121;71.0238
78;122;14.7701
79;121;-97.6639
79;122;96.5789
80;121;85.4733
80;122;-3.01611
81;121;-77.6397
81;122;45.113
82;121;-41.1887
82;122;14.9191
83;121;-4.84703
83;122;-45.3699
84;121;-21.4727
84;122;55.7243
85;121;-74.7364
85;122;35.9034
86;121;-9.46377
86;122;94.4656
87;121;9.15688
87;122;-7.75005
88;121;55.2748
88;122;10.3495
89;121;-22.6661
89;122;66.4873
90;121;-52.1319
90;122;-31.3751
91;121;-50.8061
91;122;-57.0094
92;121;83.479
92;122;22.2426
93;121;-1.32021
93;122;82.4981
94;121;-75.3852
94;122;-58.1324
95;121;0.367073
95;122;-89.9119
96;121;-56.5364
96;122;30.0131
97;121;55.2011
97;122;2.27495
98;121;90.537
98;122;-46.4843
99;121;56.9051
99;122;-84.4126
100;121;95.365
100;122;82.1687
101;121;-34.2811
101;122;52.728
102;121;-34.9646
102;122;20.2298
103;121;-74.1307
103;122;-63.5994
104;121;-69.4207
104;122;-95.0849
105;121;-72.3773
105;122;-16.4673
106;121;-99.4149
106;122;-22.9437
107;121;25.8959
107;122;-92.9035
108;121;-68.5628
108;122;-89.8822
109;121;66.022
109;122;-43.948
110;121;-48.0146
110;122;68.6717
111;121;11.3555
111;122;-4.55099
112;121;79.4111
112;122;-78.6587
113;121;96.8872
113;122;-55.1735
114;121;-3.26482
115;121;-13.3339
115;122;8.63297
116;121;-73.52
116;122;18.8586
117;121;-16.3236
117;122;13.4319
118;121;-60.9116
118;122;-44.3991
119;121;-46.3298
119;122;-30.3323
120;121;-41.8442
120;122;-8.25797
114;126;-48.4057
126;122;54.629
40;60;-58.5876
75;28;-94.9208
