
---- Results of cofig: ----
  keep=0.489
  threshold=3.148
  interSpeciesRate=0.001
  noCrossoverOff=0.233
  probabilityWeightMutated=0.728
  probabilityAddNodeSmall=0.031
  probabilityAddLink_small=0.048
  probabilityAddNodeLarge=0.274
  probabilityAddLink_Large=0.142
  largeSize=20
  c1=0.7
  c2=0.637
  c3=0.409
  numberGenomes=50
  numberInputs=120
  numberOutputs=2
  evolutions=50
  n_max=300
  learningRate=5
  inputWeights=110,150
  weightsRange=-10,10
  process_max=25
  function=
  folder=results/trial-8

--Results of run:0 --
Best Genome 
Genome id: 1304
Genome fitness: 0.97
   IN  OUT    Weight  Innov
    1  121   7.89422      1
    1  122  0.685886      2
    2  121  -2.65918      3
    2  122  -4.68483      4
    3  121   2.29937      5
    3  122   3.35238      6
    4  121  -3.89522      7
    4  122  -1.09843      8
    5  121  -8.99105      9
    5  122   8.51716     10
    6  121  -2.57313     11
    6  122  -7.69265     12
    7  121   9.44689     13
    7  122   7.58019     14
    8  121   2.43388     15
    8  122  -5.36388     16
    9  121  -6.41563     17
    9  122   4.87144     18
   10  121   8.70592     19
   10  122  -1.46193     20
   11  121   9.73962     21
   11  122  -8.64608     22
   12  121    8.0834     23
   12  122  -8.42053     24
   13  121    6.7665     25
   13  122   3.63252     26
   14  121   8.34075     27
   14  122  -10.9352     28
   15  121   2.70175     29
   15  122  -7.38322     30
   16  121 0.0959167     31
   16  122   1.63919     32
   17  121  -5.32112     33
   17  122  -9.01054     34
   18  121  -8.93639     35
   18  122  -2.99916     36
   19  121   8.78258     37
   19  122  0.374804     38
   20  121  -6.17007     39
   20  122  -5.57971     40
   21  121  -8.90005     41
   21  122   2.25529     42
   22  121  -8.91936     43
   22  122 -0.652111     44
   23  121   8.39737     45
   23  122   3.17241     46
   24  121  -3.74555     47
   24  122  -2.30734     48
   25  121  -7.03231     49
   25  122   5.32874     50
   26  121   8.75702     51
   26  122  0.731449     52
   27  121  -1.35236     53
   27  122  -6.65444     54
   28  121   1.39944     55
   28  122   6.81797     56
   29  121   1.21378     57
   29  122 -0.259811     58
   30  121   7.00123     59
   30  122  -5.51737     60
   31  121   4.97211     61
   31  122  -7.21286     62
   32  121   -1.6608     63
   32  122  -2.03316     64
   33  121  -7.88455     65
   33  122    4.0409     66
   34  121  -3.81685     67
   34  122  0.363013     68
   35  121 -0.801121     69
   35  122   2.84645     70
   36  121    8.9748     71
   36  122   2.97453     72
   37  121   3.97964     73
   37  122  -2.31863     74
   38  121  -4.90063     75
   38  122   6.32019     76
   39  121  -4.62407     77
   39  122 -0.957552     78
   40  121  -12.6246     79
   40  122   3.14044     80
   41  121  -6.42631     81
   41  122   6.92483     82
   42  121   5.10301     83
   42  122    7.9617     84
   43  121   6.85969     85
   43  122  -2.32975     86
   44  121   6.22516     87
   44  122   9.79576     88
   45  121  -3.20844     89
   45  122  -6.31039     90
   46  121   2.02288     91
   46  122  0.760184     92
   47  121  -4.21103     93
   47  122 -0.936326     94
   48  121  -7.77339     95
   48  122  -8.59195     96
   49  121  -5.24308     97
   49  122   1.28968     98
   50  121   8.53683     99
   50  122  -4.21606    100
   51  121  -1.07571    101
   51  122  -2.82469    102
   52  121  -8.81015    103
   52  122   11.9328    104
   53  121   8.48194    105
   53  122   6.63478    106
   54  121   7.48146    107
   54  122  0.376783    108
   55  121    7.8026    109
   55  122   5.65266    110
   56  121   8.99641    111
   56  122  -2.48552    112
   57  121  -1.44182    113
   57  122  -9.78717    114
   58  121   0.53151    115
   58  122   9.80455    116
   59  121  -9.65448    117
   59  122   2.81576    118
   60  121   8.09563    119
   60  122  -9.35632    120
   61  121   7.19373    121
   61  122   7.79442    122
   62  121  -3.45435    123
   62  122   6.21574    124
   63  121  -4.58807    125
   63  122   6.08896    126
   64  121  -2.93297    127
   64  122   5.84329    128
   65  122  -5.00381    130
   66  121   2.52202    131
   66  122    10.051    132
   67  121  -5.78617    133
   67  122   2.13084    134
   68  121   3.00153    135
   68  122   -1.5001    136
   69  121  -2.52888    137
   69  122   12.0633    138
   70  121   9.70114    139
   70  122   1.85384    140
   71  121   3.53108    141
   71  122   5.93586    142
   72  121    -4.563    143
   72  122   6.39222    144
   73  121   1.89775    145
   73  122  -5.14748    146
   74  121   2.28127    147
   74  122   1.50406    148
   75  121    1.1252    149
   75  122  -3.34588    150
   76  121 -0.729638    151
   76  122  -2.76016    152
   77  121   7.74394    153
   77  122   3.66545    154
   78  121  0.427755    155
   78  122    3.4957    156
   79  121 -0.675815    157
   79  122   2.64693    158
   80  121  -2.89303    159
   80  122   9.31363    160
   81  121 -0.345913    161
   81  122    4.5113    162
   82  121   7.64408    163
   82  122   1.49191    164
   83  121   7.11488    165
   83  122  -7.21222    166
   84  121   2.31078    167
   84  122   3.99901    168
   85  121  -3.95104    169
   85  122   7.64786    170
   86  121  -4.66739    171
   86  122   6.63432    172
   87  121   9.81645    173
   87  122  -6.99221    174
   88  121  -3.74179    175
   88  122 0.0842857    176
   89  121  -7.93905    177
   89  122   6.67746    178
   90  121   5.09487    179
   90  122  -4.34331    180
   91  121  -7.46662    181
   91  122  -4.10291    182
   92  121  -8.85257    183
   92  122  0.110886    184
   93  121  -4.70662    185
   93  122   3.44744    186
   94  121   8.10193    187
   94  122  -1.89923    188
   95  121   9.21483    189
   95  122  -5.94425    190
   96  121   9.81418    191
   96  122   4.66712    192
   97  121  -7.46842    193
   97  122   8.44796    194
   98  121   4.03086    195
   98  122   6.01415    196
   99  121   5.30083    197
   99  122  -3.65836    198
  100  121    8.5365    199
  100  122  -9.92021    200
  101  121  -3.07915    201
  101  122  -9.42999    202
  102  121  -7.95131    203
  102  122   2.74545    204
  103  121  -9.68199    205
  103  122  -4.38359    206
  104  121   2.59485    207
  104  122-0.0369482    208
  105  121  -3.40876    209
  105  122 -0.778425    210
  106  121   9.02985    211
  106  122  -7.18632    212
  107  121   8.10692    213
  107  122 -0.253059    214
  108  121   1.89395    215
  108  122  -8.99664    216
  109  121    7.6147    217
  109  122    6.0666    218
  110  121   8.46664    219
  110  122   3.56172    220
  111  121   13.0837    221
  111  122   1.61743    222
  112  121  -1.18131    223
  112  122  -4.00368    224
  113  121  -8.55171    225
  113  122   7.86134    226
  114  121  0.521239    227
  114  122    5.4629    228
  115  121 -0.808821    229
  115  122 -0.553368    230
  116  121  -5.11703    231
  116  122  -9.93137    232
  117  121   2.05822    233
  117  122  -6.01543    234
  118  121   8.62259    235
  118  122  -5.79596    236
  119  121   6.42721    237
  119  122   2.52457    238
  120  121    4.7552    239
  120  122  -3.89374    240
  108    1   2.92628    249
   14   27   8.96009    274
   60   18   5.40218    329
    9  155   9.14435    352
  155  121  -6.41563    353

Summerized results: 
run: 0 bestFitness: 0
Max fitness: 0
Percentage: 100% (1 of 1)
--------------------------------------------------------------
