1;53;5.19543
1;54;9.27053
1;55;-6.6997
2;53;-9.76509
2;54;8.50153
2;55;-7.1088
3;53;-5.46377
3;54;-9.16644
3;55;6.47705
4;53;0.79035
4;54;0.942372
4;55;-5.38052
5;53;3.63596
5;54;8.75802
5;55;-8.02285
6;53;9.76311
6;54;9.91824
6;55;8.87725
7;53;2.97228
7;54;1.78701
7;55;1.48427
8;53;-5.14226
8;54;-7.12365
8;55;7.04055
9;53;-8.38409
9;54;-0.643536
9;55;-13.5765
10;53;-8.92898
10;54;9.97849
10;55;-3.56036
11;53;4.70295
11;54;0.652163
11;55;8.62676
12;53;8.00325
12;54;-5.65019
12;55;-4.98752
13;53;-6.486
13;54;4.4555
13;55;-7.96375
14;53;5.02844
14;54;6.52074
14;55;5.32728
15;53;-8.41012
15;54;-9.76615
15;55;-7.44515
16;53;-2.95083
16;54;8.52729
16;55;-5.6554
17;53;-4.27168
17;54;8.75647
17;55;3.67665
18;53;7.83143
18;54;-4.87023
18;55;6.12644
19;53;3.6034
19;54;-7.29245
19;55;-8.70239
20;53;-9.51633
20;54;-0.845965
20;55;3.93729
21;53;0.366121
21;54;9.41268
21;55;2.88826
22;53;-5.97651
22;54;8.06787
22;55;-7.02923
23;53;3.36394
23;54;6.55229
23;55;-9.64329
24;53;-3.30187
24;54;6.289
24;55;-14.2144
25;53;-6.24725
25;54;-1.30993
25;55;9.2883
26;53;-4.37198
26;54;3.78388
26;55;-6.36955
27;53;7.5215
27;54;-0.754326
27;55;-7.97049
28;53;-5.32865
28;54;-5.84591
28;55;-2.6362
29;53;6.58402
29;54;-4.86653
29;55;9.25033
30;53;13.1409
30;54;0.523458
30;55;6.40856
31;53;6.59931
31;54;-5.83445
31;55;6.00259
32;53;-7.69952
32;54;-11.19
32;55;6.4575
33;53;-8.69742
33;54;-2.27881
33;55;6.7329
34;53;8.21944
34;54;-2.25367
34;55;-6.20868
35;53;-6.99802
35;54;3.65484
35;55;-2.51861
36;53;-7.20722
36;54;2.82161
36;55;-9.06975
37;53;0.631662
37;54;9.86127
37;55;-14.4498
38;53;7.24851
38;54;-1.05933
38;55;-0.807291
39;53;4.68772
39;54;-4.47531
39;55;-3.48282
40;53;-5.01476
40;54;8.86917
40;55;2.04064
41;53;-6.08494
41;54;-6.97701
41;55;9.50761
42;53;7.71118
42;54;2.68833
42;55;-6.68236
43;53;9.53596
43;54;5.56386
43;55;-7.00817
44;53;2.46688
44;54;-1.16397
44;55;6.92259
45;53;-5.07795
45;54;-7.09558
45;55;-0.143145
46;53;7.48272
46;54;2.18838
46;55;0.496384
47;53;7.64454
47;54;-7.27948
47;55;-8.47363
48;53;9.00208
48;54;-5.30971
48;55;-5.44004
49;53;-9.39352
49;54;8.28946
49;55;6.08002
50;53;1.36759
50;54;4.22038
50;55;9.3481
51;53;7.78917
51;54;-9.05002
51;55;-8.0289
52;53;-3.9582
52;54;0.404202
52;55;11.7974
15;41;4.06374
35;28;-4.11024
