1;121;55.5506
1;122;15.3442
2;121;-87.4997
2;122;16.2831
3;121;79.7756
3;122;43.7773
4;121;-10.3442
4;122;80.0816
5;121;71.7732
5;122;84.5752
6;121;35.3958
6;122;-26.9265
7;121;64.0506
7;122;51.9871
8;121;-8.58219
8;122;-53.6388
9;121;67.837
9;122;88.5792
10;121;68.5215
10;122;-73.8862
11;121;-30.0504
11;122;66.3063
12;121;-10.8327
12;122;30.5027
13;121;-42.6183
13;122;80.9077
14;121;58.0956
14;122;-27.9616
15;121;-66.9849
15;122;65.7093
16;121;65.6334
16;122;42.3812
17;121;-51.219
17;122;8.34914
18;121;4.84875
18;122;-68.9493
19;121;-56.6423
19;122;3.74805
20;121;-68.7314
20;122;6.50283
21;121;-92.9972
21;122;22.5529
22;121;43.4183
22;122;-22.7948
23;121;-55.5902
23;122;-81.5021
24;121;-45.7059
24;122;21.1285
25;121;0.803391
25;122;60.2556
26;121;64.88
26;122;60.667
27;121;99.15
27;122;-71.16
28;121;-82.0782
28;122;-94.0508
29;121;-31.296
29;122;-2.59811
30;121;-31.5571
30;122;-64.1816
31;121;23.5697
31;122;-62.2497
32;121;29.4831
32;122;-69.2192
33;121;-52.355
33;122;52.3743
34;121;-38.1685
34;122;96.753
35;121;36.6197
35;122;69.3223
36;121;84.0959
36;122;92.5274
37;121;-85.446
37;122;45.2922
38;121;23.3857
38;122;63.0394
39;121;-78.1533
39;122;0.386726
40;121;68.3069
40;122;60.5208
41;121;90.4953
41;122;-74.0584
42;121;-43.4806
42;122;-90.5868
43;121;-71.5745
43;122;-87.78
44;121;91.7507
44;122;-34.2164
45;121;-89.6262
45;122;-21.5624
46;121;-45.6338
46;122;91.4853
47;121;44.9117
47;122;-31.5449
48;121;-77.7339
48;122;66.3394
49;121;-52.4308
49;122;-15.9025
50;121;4.67265
50;122;48.6846
51;121;-87.4379
51;122;-76.0641
52;121;-45.8626
52;122;-36.4205
53;121;-70.2668
53;122;4.45431
54;121;-81.1855
54;122;93.8045
55;121;35.2028
55;122;-33.3194
56;121;-41.5667
56;122;27.5466
57;121;69.6201
57;122;-86.4169
58;121;-8.25361
58;122;98.0456
59;121;-56.3739
59;122;83.9292
60;121;-11.7177
60;122;-21.8868
61;121;92.5535
61;122;-21.4989
62;121;53.523
62;122;-37.7468
63;121;1.75978
63;122;75.7288
64;121;57.4377
64;122;86.6424
65;121;18.8978
65;122;20.2569
66;121;-41.1679
66;122;60.6869
67;121;44.3645
67;122;50.0674
68;121;74.4057
68;122;-42.9702
69;121;68.8414
69;122;-13.6209
70;121;60.2728
70;122;4.04417
71;121;63.0597
71;122;-81.2939
72;121;-98.2863
72;122;99.2083
73;121;12.2571
73;122;-14.7442
74;121;20.7253
74;122;-80.8747
75;121;-23.2741
75;122;-90.9924
76;121;-60.7818
76;122;45.9403
77;121;88.7305
77;122;-98.0894
78;121;39.6193
78;122;-75.8466
79;121;-15.4919
79;122;77.2689
80;121;-77.3503
80;122;14.4285
81;121;-70.354
81;122;45.8997
82;121;-89.6122
82;122;-0.14447
83;121;61.1488
83;122;14.547
84;121;80.9688
84;122;39.9902
85;121;-86.7165
85;122;79.4583
86;121;-78.1531
86;122;31.1626
87;121;98.1645
87;122;18.0024
88;121;-10.977
88;122;-42.1106
89;121;-22.6661
89;122;-90.2517
90;121;50.9487
90;122;-65.2275
91;121;-56.4283
91;122;23.4561
92;121;-85.0643
92;122;22.2426
93;121;63.4264
93;122;70.9407
94;121;25.2623
94;122;25.3389
95;121;92.1483
95;122;47.9119
96;121;-38.9221
96;122;2.60473
97;121;-46.0872
97;122;-39.3901
98;121;-97.5397
98;122;-11.1088
99;121;77.5143
99;122;11.8246
100;121;23.0124
100;122;-99.2021
101;121;-8.71712
101;122;-27.0843
102;121;80.6733
102;122;-10.5526
103;121;46.6922
103;122;74.5682
104;121;-5.29982
104;122;47.0062
105;121;-34.0876
105;122;60.5326
106;121;90.2986
106;122;-71.8632
107;121;-4.32455
107;122;-2.53059
108;121;85.7771
108;122;36.5062
109;121;-31.5899
109;122;11.0394
110;121;-41.5692
110;122;-39.4416
111;121;99.5674
111;122;83.7258
112;121;94.1711
112;122;76.6937
113;121;-52.913
113;122;-13.1899
114;121;-34.415
114;122;71.0472
115;121;98.6347
115;122;-87.9634
116;121;71.8451
116;122;-10.0825
117;121;67.382
117;122;38.9862
118;121;79.3649
118;122;14.0742
119;121;95.1503
119;122;-99.3644
120;121;-30.3997
120;122;-38.9374
