1;121;10.5551
1;122;6.72367
2;121;-7.65918
2;122;1.62831
3;121;2.38396
3;122;-6.14887
4;121;9.88993
4;122;-7.60885
5;121;6.21342
5;122;8.51716
6;121;-4.40802
6;122;-7.83899
7;121;9.44689
7;122;2.18569
8;121;4.77486
8;122;-5.36388
9;121;1.7837
9;122;8.85792
10;121;1.85215
10;122;3.28669
11;121;8.61333
11;122;3.51308
12;121;3.02205
12;122;-6.17777
13;121;-3.87153
13;122;9.86205
14;121;8.55389
14;122;-4.19154
15;121;-6.69849
15;122;-14.1672
16;121;-7.56589
16;122;1.66202
17;121;7.2528
17;122;6.76293
18;121;12.0906
18;122;-0.271645
19;121;8.93137
19;122;0.374804
20;121;6.28277
20;122;-4.80435
21;121;-8.90005
21;122;6.00724
22;121;-8.91936
22;122;-0.652111
23;121;-5.55902
23;122;-4.02526
24;121;-4.57059
24;122;-5.36657
25;121;0.0803385
25;122;5.32874
26;121;6.35915
26;122;0.731449
27;121;-1.95472
27;122;-7.47968
28;121;6.39944
28;122;-9.40508
29;121;-14.3691
29;122;5.13693
30;121;-0.845965
30;122;-9.67444
31;121;2.35697
31;122;0.135528
32;121;1.02569
32;122;-3.60308
33;121;-4.66669
33;122;8.82408
34;121;-3.81685
34;122;9.6753
35;121;6.65218
35;122;-7.21025
36;121;4.35901
36;122;-4.45472
37;121;8.58937
37;122;3.95233
38;121;-4.11595
38;122;-0.457282
39;121;-4.24836
39;122;6.76797
40;121;-2.36664
40;122;5.83197
41;121;7.5214
41;122;-1.22477
42;121;-6.02135
42;122;5.20282
43;121;0.682043
43;122;7.05137
44;121;-2.33987
44;122;9.93324
45;121;-1.90272
45;122;-1.08414
46;121;5.2588
46;122;9.14853
47;121;4.49117
47;122;-2.3825
48;121;-7.77339
48;122;6.60662
49;121;4.30129
49;122;-1.59025
50;121;4.75877
50;122;8.21944
51;121;-8.74379
51;122;3.32738
52;121;1.67279
52;122;-3.64205
53;121;-1.27341
53;122;6.75231
54;121;-3.32862
54;122;-6.75776
55;121;-1.47972
55;122;5.65266
56;121;0.418034
56;122;0.724854
57;121;-0.200572
57;122;1.49527
58;121;0.53151
58;122;9.80455
59;121;8.86789
59;122;-4.50299
60;121;-3.15326
60;122;5.33821
61;121;4.55393
61;122;-7.47849
62;121;-3.17814
62;122;9.13715
63;121;-5.27593
63;122;-5.07569
64;121;5.74377
64;122;9.25639
65;121;2.63848
65;122;2.02569
66;121;-0.891783
66;122;-4.27847
67;121;-5.78617
67;122;0.430018
68;121;-3.94289
68;122;-3.98408
69;121;9.49657
69;122;-1.36209
70;121;6.02728
70;122;-4.93665
71;121;3.53108
71;122;-8.12938
72;121;-3.6231
72;122;0.431267
73;121;3.36589
73;122;-7.55897
74;121;-2.92747
74;122;3.06574
75;121;-7.40614
75;122;-9.09924
76;121;-9.48775
76;122;-2.76016
77;121;6.0085
77;122;2.34773
78;121;-8.62301
78;122;-7.58466
79;121;-1.54919
79;122;-3.77951
80;121;-2.58174
80;122;3.5739
81;121;-6.41617
81;122;11.9831
82;121;7.64454
82;122;-5.42699
83;121;7.11488
83;122;-10.9134
84;121;-3.08145
84;122;-9.00934
85;121;-9.24336
85;122;7.94583
86;121;-5.59657
86;122;6.63432
87;121;9.81645
87;122;-5.12063
88;121;-1.0977
88;122;3.18233
89;121;-8.01074
89;122;-3.9582
90;121;0.36603
90;122;-6.47522
91;121;-8.68756
91;122;-4.10291
92;121;-8.1394
92;122;4.11519
93;121;-5.91692
93;122;7.09407
94;121;2.52623
94;122;4.80044
95;121;5.73591
95;122;-6.26035
96;121;3.76845
96;122;-8.58886
97;121;-11.1357
97;122;5.89489
98;121;-0.969144
98;122;9.48075
99;121;8.75143
99;122;1.18246
100;121;14.1614
100;122;-9.92021
101;121;1.92085
101;122;4.19026
102;121;6.71411
102;122;5.06765
103;121;4.66922
103;122;-3.31054
104;121;0.22395
104;122;5.55261
105;121;-4.63259
105;122;7.22194
106;121;9.02985
106;122;5.39482
107;121;-5.43246
107;122;-0.253059
108;121;8.57771
108;122;5.03807
109;121;-5.3642
109;122;1.10394
110;121;-3.81549
110;122;7.9093
111;121;9.64077
111;122;-4.13575
112;121;9.41711
112;122;-13.1627
113;121;-2.1107
113;122;-1.31899
114;121;-0.00231934
114;122;-9.28822
115;121;-5.80882
115;122;-6.8545
116;121;-2.55552
116;122;-1.00825
117;121;1.78237
117;122;3.89862
118;121;7.93649
118;122;8.91003
119;121;1.89886
119;122;8.50439
120;121;-9.64818
120;122;0.765549
