1;121;73.695
1;122;89.3237
2;121;-87.4997
2;122;16.2831
3;121;23.8396
3;122;43.7773
4;121;98.8993
4;122;-32.5616
5;121;62.1343
5;122;9.71595
6;121;-92.3237
6;122;-87.5836
7;121;94.4689
7;122;21.8569
8;121;1.41781
8;122;67.5651
9;121;67.837
9;122;-53.9102
10;121;68.5215
10;122;83.0188
11;121;97.3962
11;122;95.6459
12;121;30.2205
12;122;41.0009
13;121;-83.1726
13;122;36.3252
14;121;85.5389
14;122;98.3794
15;121;48.5127
15;122;-12.2782
16;121;-80.6791
16;122;88.5657
17;121;-63.8571
17;122;-68.1787
18;121;4.84875
18;122;-68.9493
19;121;75.5986
19;122;3.74805
20;121;-33.3669
20;122;37.7328
21;121;-86.536
21;122;22.5529
22;121;-83.5017
22;122;-92.0671
23;121;-55.5902
23;122;55.3871
24;121;28.0225
24;122;-87.7533
25;121;0.803391
25;122;34.7671
26;121;75.2656
26;122;-1.80036
27;121;89.1218
27;122;25.486
28;121;13.9944
28;122;-94.0508
29;121;-38.1887
29;122;-2.59811
30;121;70.0123
30;122;-5.17368
31;121;23.5697
31;122;99.3332
32;121;-99.7026
32;122;-43.144
33;121;-63.9727
33;122;88.2408
34;121;-47.5259
34;122;96.753
35;121;-8.0112
35;122;28.4646
36;121;34.4858
36;122;5.4528
37;121;-48.9826
37;122;45.2922
38;121;13.3857
38;122;-4.57281
39;121;-42.4836
39;122;67.6797
40;121;7.67392
40;122;50.5208
41;121;-33.1164
41;122;2.93948
42;121;31.8905
42;122;79.617
43;121;-61.5745
43;122;70.5137
44;121;85.5662
44;122;-82.2943
45;121;-19.3741
45;122;-9.10174
46;121;85.0631
46;122;91.4853
47;121;44.9117
47;122;-31.5449
48;121;-77.7339
48;122;-45.6742
49;121;-43.3042
49;122;-15.9025
50;121;-30.0438
50;122;48.6846
51;121;95.7559
51;122;47.1445
52;121;-45.8626
52;122;-36.4205
53;121;-57.4027
53;122;67.5231
54;121;59.0067
54;122;0.113609
55;121;35.2028
55;122;39.0734
56;121;-52.311
56;122;25.6981
57;121;95.4455
57;122;14.9527
58;121;15.3151
58;122;7.53521
59;121;-14.5336
59;122;-9.11871
60;121;-11.7177
60;122;8.82831
61;121;-53.5402
61;122;-26.6546
62;121;44.8674
62;122;91.3715
63;121;41.8004
63;122;15.8351
64;121;83.8624
64;122;98.4963
65;121;-48.7691
65;122;20.2569
66;121;47.1809
66;122;-36.207
67;121;-92.8507
67;122;-98.6817
68;121;27.3724
68;122;-39.8408
69;121;68.8414
69;122;-13.6209
70;121;60.2728
70;122;-11.8374
71;121;-6.23657
71;122;27.4679
72;121;-70.2578
72;122;22.6797
73;121;-32.9425
73;122;-89.6303
74;121;20.7253
74;122;-80.8747
75;121;60.2048
75;122;-90.9924
76;121;-77.9996
76;122;-27.6016
77;121;-17.647
77;122;17.3747
78;121;-36.2301
78;122;-75.8466
79;121;-15.4919
79;122;-78.7925
80;121;-54.6599
80;122;35.739
81;121;41.4644
81;122;69.8305
82;121;99.532
82;122;63.8747
83;121;71.1488
83;122;-32.5527
84;121;-33.8185
84;122;-73.1777
85;121;-86.7165
85;122;8.61604
86;121;-55.9657
86;122;66.3432
87;121;-23.1917
87;122;-26.2235
88;121;55.2748
89;121;-91.1661
89;122;-90.2517
90;121;50.9487
90;122;-65.2275
91;121;-81.2441
91;122;23.4561
92;121;7.17087
92;122;78.3143
93;121;-59.1692
93;122;70.9407
94;121;-69.3546
94;122;25.3389
95;121;92.1483
95;122;47.9119
96;121;-18.9221
96;122;-49.094
97;121;17.7424
97;122;-39.3901
98;121;-7.36098
98;122;-11.1088
99;121;8.36694
99;122;-53.6289
100;121;-71.1186
100;122;-99.2021
101;121;8.62337
101;122;-27.0843
102;121;67.1411
102;122;-20.5526
103;121;46.6922
103;122;-43.8359
104;121;-78.7293
104;122;55.5261
105;121;-34.0876
105;122;72.2194
106;121;90.2986
106;122;-15.3317
107;121;-11.472
107;122;-2.53059
108;121;85.7771
108;122;36.5062
109;121;-31.5899
109;122;11.0394
110;121;-38.1549
110;122;-39.4416
111;121;-41.0487
111;122;8.34861
112;121;94.1711
112;122;76.6937
113;121;83.5329
113;122;-13.1899
114;121;41.4111
114;122;-46.4777
115;121;98.6347
115;122;-5.53367
116;121;71.8451
116;122;88.7624
117;121;67.382
117;122;14.58
118;121;28.9625
118;122;-44.3991
119;121;95.1503
119;122;-99.3644
120;121;-30.3997
120;122;-45.0991
88;126;-51.352
126;122;31.8233
