1;121;46.0979
1;122;10.283
2;121;7.94119
2;122;-11.4907
3;121;-30.6192
3;122;-41.409
4;121;98.8993
4;122;23.7951
5;121;-64.2949
5;122;3.42573
6;121;65.6161
6;122;47.0606
7;121;-49.384
7;122;14.6997
8;121;1.41781
8;122;-53.6388
9;121;67.837
9;122;-53.9102
10;121;-27.8021
10;122;-58.8014
11;121;-67.9503
11;122;-54.617
12;121;75.7272
12;122;12.8349
13;121;62.3159
13;122;10.9533
14;121;87.558
14;122;-30.4752
15;121;-83.8405
15;122;-27.5366
16;121;-80.6791
16;122;-12.4144
17;121;-89.3118
17;122;-57.6331
18;121;-49.2333
18;122;-19.931
19;121;18.4318
19;122;94.6494
20;121;47.5075
20;122;36.663
21;121;-19.1358
21;122;22.5529
22;121;-16.2764
22;122;-92.0671
23;121;91.5839
23;122;-66.9218
24;121;-45.7059
24;122;-17.1682
25;121;0.803391
25;122;53.2874
26;121;95.2656
26;122;53.9931
27;121;-10.3922
27;122;-30.9206
28;121;97.1187
29;121;80.0327
29;122;-45.614
30;121;-85.9648
30;122;-71.1688
31;121;54.7913
31;122;48.4609
32;121;16.4168
32;122;65.4795
33;121;33.1508
33;122;88.2408
34;121;-96.1772
34;122;-8.21428
35;121;-96.1344
35;122;93.056
36;121;34.4858
36;122;5.4528
37;121;6.17953
37;122;12.1724
38;121;13.3857
38;122;34.0027
39;121;-42.4836
39;122;-35.3787
40;121;-59.61
40;122;-85.5814
41;121;80.4953
41;122;33.7422
42;121;90.4615
42;122;56.4914
43;121;-97.1785
43;122;77.5802
44;121;-8.99812
44;122;-1.53535
45;121;-32.0844
45;122;55.5785
46;121;12.9976
46;122;-45.5829
47;121;-46.502
47;122;-31.5449
48;121;-77.7339
48;122;-55.6742
49;121;-43.3042
49;122;-25.9025
50;121;51.4457
50;122;-30.0022
51;121;-41.4989
51;122;64.5603
52;121;69.4664
52;122;64.6806
53;121;-53.9828
53;122;-67.6096
54;121;-22.0224
54;122;-78.0167
55;121;35.2028
55;122;66.6198
56;121;14.1862
56;122;92.6925
57;121;-27.1844
57;122;-3.92234
58;121;5.3151
58;122;-30.348
59;121;-14.5336
59;122;-59.8142
60;121;-11.7177
60;122;53.3821
61;121;45.2229
61;122;-82.737
62;121;44.8674
62;122;91.3715
63;121;75.0335
63;122;67.1334
64;121;57.4377
64;122;11.7455
65;121;9.43798
65;122;79.4021
66;121;-27.677
66;122;-36.207
67;121;43.7186
67;122;24.8413
68;121;32.6197
68;122;-39.8408
69;121;-72.0086
69;122;-13.6209
70;121;-47.5654
70;122;-16.6781
71;121;53.0597
71;122;-11.1635
72;121;46.4928
72;122;-56.808
73;121;13.6501
73;122;-4.32328
74;121;92.425
74;122;83.7035
75;121;35.8625
75;122;62.1864
76;121;72.5074
76;122;24.7345
77;121;-85.142
77;122;17.3747
78;121;-20.1936
78;122;-75.8466
79;121;-70.9756
79;122;22.8532
80;121;11.637
80;122;30.9098
81;121;2.01151
81;122;83.96
82;121;-83.6435
82;122;-54.2699
83;121;71.1488
83;122;-68.5314
84;121;-33.8185
84;122;59.4118
85;121;-47.2283
85;122;79.4583
86;121;-55.9657
86;122;-66.8518
87;121;97.4525
87;122;-62.9143
88;121;-23.6598
88;122;31.8233
89;121;-91.1661
89;122;95.1693
90;121;-5.19397
90;122;-31.3751
91;121;72.4897
91;122;-51.8113
92;121;7.17087
92;122;1.10886
93;121;-74.3323
93;122;-70.4833
94;121;12.0815
94;122;-15.2037
95;121;92.1483
95;122;34.2414
96;121;78.0494
96;122;-45.6186
97;121;-27.1638
97;122;-23.1017
98;121;-85.2193
98;122;81.6375
99;121;8.36694
99;122;66.293
100;121;18.4302
100;122;-86.1724
101;121;-25.091
101;122;-90.977
102;121;77.1411
102;122;-10.5526
103;121;-63.2866
103;122;-19.3729
104;121;-58.6214
104;122;78.8711
105;121;59.858
105;122;72.2194
106;121;-34.0217
106;122;-51.7139
107;121;26.4588
107;122;59.0978
108;121;-4.77689
108;122;52.1265
109;121;-73.2769
109;122;11.0394
110;121;99.2661
110;122;79.093
111;121;46.6355
111;122;10.5546
112;121;-66.5256
112;122;74.5857
113;121;-30.289
113;122;33.5859
114;121;56.2232
114;122;62.5807
115;121;-0.121056
115;122;-71.2646
116;121;33.7193
116;122;-10.0825
117;121;67.382
117;122;38.0062
118;121;-52.8505
118;122;-25.2769
119;121;-4.78764
119;122;-69.3864
120;121;8.65616
120;122;-38.9374
28;125;-61.2937
125;122;34.5104
