1;121;-5.48754
1;122;7.93237
2;121;-8.74997
2;122;1.62831
3;121;2.38396
3;122;-5.41147
4;121;2.59721
4;122;-6.53585
5;121;-8.99105
5;122;8.51716
6;121;4.34556
6;122;-7.83899
7;121;3.34681
7;122;-6.09985
8;121;2.60849
8;122;-7.5491
9;121;2.57679
9;122;-1.34575
10;121;6.85215
10;122;0.771061
11;121;7.35842
11;122;8.80647
12;121;3.02205
12;122;-8.42053
13;121;-10.8549
13;122;11.1798
14;121;5.55139
14;122;-4.35409
15;121;-0.10745
15;122;1.85587
16;121;0.491117
16;122;-5.18634
17;121;-5.3821
17;122;2.83194
18;121;-9.97205
18;122;-2.99916
19;121;6.17339
19;122;0.374804
20;121;-3.05607
20;122;1.88995
21;121;-4.26072
21;122;2.80736
22;121;-8.91936
22;122;-2.92163
23;121;7.28893
23;122;1.22241
24;121;1.79879
24;122;-1.38194
25;121;3.37303
25;122;5.32874
26;121;8.46372
26;122;2.74392
27;121;-1.90288
27;122;2.5486
28;121;4.82183
28;122;7.30171
29;121;-9.02523
29;122;2.84701
30;121;2.29602
30;122;-8.54671
31;121;4.97211
31;122;-7.21286
32;121;4.37273
32;122;-6.92192
33;121;-7.88455
33;122;8.82408
34;121;-4.97303
34;122;9.6753
35;121;-0.801121
35;122;-8.09644
36;121;4.35901
36;122;0.54528
37;121;3.47951
37;122;-7.31863
38;121;-7.1381
38;122;-6.37889
39;121;3.63751
39;122;4.56338
40;121;0.767392
40;122;-2.98947
41;121;9.04952
41;122;8.9925
42;121;2.27614
42;122;-0.571712
43;121;3.62342
43;122;2.56381
44;121;4.84243
44;122;4.79576
45;122;-6.99816
46;121;-1.81021
46;122;0.652163
47;121;-4.21103
47;122;4.28524
48;121;-5.54795
48;122;-8.59195
49;121;0.669582
49;122;3.10532
50;121;6.28192
50;122;-4.21606
51;121;-1.82044
51;122;10.8257
52;121;-4.58626
52;122;-3.64205
53;121;6.09404
53;122;0.923125
54;121;5.90067
54;122;-4.62322
55;121;3.52028
55;122;-3.33194
56;121;-4.15667
56;122;2.74108
57;121;-1.44182
57;122;0.717389
58;121;-3.83766
58;122;-1.17144
59;121;-7.95213
59;122;1.78521
60;121;9.31003
60;122;-7.27208
61;121;9.87
61;122;-9.35279
62;121;3.38009
62;122;-4.34102
63;121;-4.58807
63;122;-2.34222
64;121;5.74377
64;122;-6.17945
65;121;-4.87691
65;122;-2.7979
66;121;4.71809
66;122;-4.27847
67;121;-7.55715
67;122;2.13084
68;121;-0.774235
68;122;0.841598
69;121;-5.20258
69;122;-6.73883
70;121;6.02728
70;122;-6.66964
71;121;4.89453
71;122;-8.12938
72;121;-4.563
72;122;3.48116
73;121;3.36589
73;122;1.59934
74;121;2.28127
74;122;8.21452
75;121;-1.5325
75;122;-9.09441
76;121;-9.48775
76;122;-1.6625
77;121;2.35827
77;122;6.7258
78;121;3.96193
78;122;1.26368
79;121;-1.54919
79;122;0.0520372
80;121;-7.73503
80;122;2.44781
81;121;-7.03539
81;122;4.29699
82;121;4.9532
82;122;5.90263
83;121;6.89683
83;122;2.69044
84;121;-2.14727
84;122;-8.30574
85;121;-7.47364
85;122;-3.79553
86;121;-5.59657
86;122;14.4466
87;121;9.81645
87;122;-2.62235
88;121;-1.0977
88;122;-1.96326
89;121;-7.93905
89;122;6.67746
90;121;6.62672
90;122;-6.52275
91;121;7.58305
91;122;-2.48761
92;121;8.84467
92;122;9.13585
93;121;-1.45247
93;122;8.24981
94;121;-0.763044
94;122;-2.47613
95;121;3.92593
95;122;7.50649
96;121;9.81418
96;122;2.63987
97;121;-8.73214
97;122;3.87384
98;121;-3.86331
98;122;-1.11088
99;121;3.75143
99;122;3.5064
100;121;-5.16823
100;122;-6.77294
101;121;3.74344
101;122;10.5264
102;121;6.71411
102;122;6.96021
103;121;4.66922
103;122;-4.38359
104;121;2.59485
104;122;-7.62103
105;121;-7.23773
105;122;-0.778425
106;121;4.18078
106;122;-9.05002
107;121;-5.43246
107;122;4.74694
108;121;-6.85628
109;121;-3.15899
109;122;1.10394
110;122;8.56172
111;121;4.86292
111;122;-0.455099
112;121;9.41711
112;122;-0.767466
113;121;4.20297
113;122;-3.32934
114;121;7.37005
114;122;-3.9053
115;121;-9.63266
115;122;-5.55337
116;121;-2.55552
116;122;-7.73057
117;121;6.7382
117;122;2.36162
118;121;8.62259
118;122;-4.60609
119;121;9.4778
119;122;-3.03323
120;121;4.7552
120;122;-3.89374
96;61;3.84861
113;143;9.2232
143;122;-3.32934
75;5;2.85555
47;153;-5.60824
153;121;-4.21103
