1;121;-50.7858
1;122;-90.85
2;121;-87.4997
2;122;-69.2154
3;121;85.3103
3;122;43.7773
4;121;98.8993
4;122;-64.4176
5;121;72.1343
5;122;9.71595
6;121;-44.0802
6;122;-6.54001
7;121;94.4689
7;122;21.8569
8;121;1.41781
8;122;61.7234
9;121;67.837
9;122;88.5792
10;121;68.5215
10;122;83.0188
11;121;96.5574
11;122;-47.2767
12;121;66.5518
12;122;-6.3503
13;121;-83.1726
13;122;36.3252
14;121;83.4075
14;122;-79.8718
15;121;-66.9849
15;122;-73.8322
16;121;-80.6791
16;122;88.5657
17;121;56.344
17;122;-68.1787
18;121;4.84875
18;122;-2.71644
19;121;20.4061
19;122;3.74805
20;121;-33.3669
20;122;37.7328
21;121;-92.9972
21;122;22.5529
22;121;-89.1936
22;122;-102.067
23;121;-55.5902
23;122;22.2242
24;121;-45.7059
24;122;-87.7533
25;121;0.803391
25;122;99.1241
26;121;95.2656
26;122;-1.80036
27;121;89.1218
27;122;-71.16
28;121;13.9944
28;122;48.1467
29;121;-38.1887
29;122;-2.59811
30;121;70.0123
30;122;-45.7064
31;121;23.5697
31;122;89.3332
32;121;45.7277
32;122;56.8306
33;121;-78.8455
33;122;88.2408
34;121;-38.1685
34;122;96.753
35;121;-8.0112
35;122;69.3223
36;121;34.4858
36;122;5.4528
37;121;-66.987
37;122;-18.7161
38;121;13.3857
38;122;63.0394
39;121;-42.4836
39;122;67.6797
40;121;7.67392
40;122;58.3197
41;121;90.4953
41;122;30.5176
42;121;39.1658
42;122;-99.2262
43;121;-71.5745
43;122;70.5137
44;121;85.5662
44;122;-34.2164
45;121;-32.0844
45;122;55.5785
46;121;85.0631
46;122;91.4853
47;121;50.3695
47;122;-46.3954
48;121;-77.7339
48;122;66.0662
49;121;-43.3042
49;122;-15.9025
50;121;-5.32735
50;122;-18.6205
51;121;5.77536
51;122;-97.4339
52;121;-45.8626
52;122;-36.4205
53;121;-57.4027
53;122;67.5231
54;121;59.0067
54;122;0.113609
55;121;35.2028
55;122;68.6358
56;121;-41.5667
56;122;25.6981
57;121;69.6201
57;122;14.9527
58;121;5.3151
58;122;7.53521
59;121;-14.5336
59;122;-40.7935
60;121;50.4161
60;122;53.3821
61;121;-53.5402
61;122;-26.6546
62;121;53.523
62;122;91.3715
63;121;41.8004
63;122;84.7663
64;121;57.4377
64;122;98.4963
65;121;-48.7691
65;122;72.77
66;121;-20.1875
66;122;-36.207
67;121;95.077
67;122;-98.6817
68;121;63.7432
68;122;-39.8408
69;121;-58.9151
69;122;-23.6209
70;121;60.2728
70;122;10.3266
71;121;-6.78323
71;122;-81.2939
72;121;-70.2578
72;122;-48.4123
73;121;7.64376
73;122;35.0573
74;121;-80.143
74;122;-3.67731
75;121;60.2048
75;122;-90.9924
76;121;72.5074
76;122;-27.6016
77;121;-23.8576
77;122;-16.7749
78;121;13.2482
78;122;-75.8466
79;121;-29.6361
79;122;-108.184
80;121;-77.3503
80;122;-3.01611
81;121;41.4644
81;122;45.8997
82;121;-42.5756
82;122;59.0263
83;121;-59.1629
83;122;-12.2121
84;121;12.9919
84;122;39.9902
85;121;-86.7165
85;122;22.1809
86;121;0.969063
86;122;99.0132
87;121;98.1645
87;122;-32.7732
88;121;-10.977
88;122;-19.6326
89;121;-49.239
89;122;-14.3915
90;121;50.9487
90;122;-62.4614
91;121;21.2821
91;122;23.4561
92;121;7.17087
92;122;1.10886
93;121;-59.1692
93;122;-2.31833
94;121;26.131
94;122;-24.1831
95;121;-85.7144
95;122;-36.3405
96;121;-38.9221
96;122;9.50054
97;121;-87.3214
97;122;38.7384
98;121;-7.36098
98;122;-46.4843
99;121;87.5143
99;122;11.8246
100;121;-71.1186
100;122;30.2086
101;121;-8.71712
101;122;-27.0843
102;121;67.1411
102;122;-10.5526
103;121;46.6922
103;122;53.6754
104;121;-46.3615
104;122;-39.6006
105;121;-34.0876
105;122;72.2194
106;121;22.3167
106;122;-76.7612
107;121;-4.32455
107;122;70.3003
108;121;85.7771
108;122;46.5062
109;121;66.022
109;122;11.0394
110;121;-38.1549
110;122;-39.4416
111;121;-41.0487
111;122;12.923
112;121;94.1711
112;122;-68.9535
113;121;83.5329
113;122;-13.1899
114;121;-36.9482
114;122;-25.7415
115;121;98.6347
115;122;-5.53367
116;121;71.8451
116;122;-62.6038
117;121;67.382
117;122;62.4377
118;121;16.8771
118;122;71.9061
119;121;81.9501
119;122;-99.3644
120;121;-30.3997
120;122;-38.9374
107;54;53.4651
