1;53;5.19543
1;54;13.1207
1;55;3.53964
2;53;-5.16548
2;54;1.60097
2;55;-2.96218
3;53;-2.26434
3;54;-8.19741
3;55;6.19725
4;53;7.18883
4;54;2.82376
4;55;-9.06305
5;53;3.12197
5;54;8.32755
5;55;-8.02285
6;53;6.701
6;54;-3.92342
6;55;4.34594
7;53;3.44356
7;54;6.78701
7;55;-0.866607
8;53;-8.95665
8;54;-9.99906
8;55;6.13386
9;53;-8.38409
9;54;3.59822
9;55;5.00054
10;53;-4.29922
10;54;10.3468
10;55;-9.50739
11;53;-4.58014
11;54;2.29718
11;55;8.61333
12;53;9.56459
12;54;-1.96228
12;55;1.46244
13;53;-0.128341
13;54;0.80249
13;55;-3.4664
14;53;7.29746
14;54;-5.10745
14;55;-2.86112
15;53;3.09799
15;54;4.40501
15;55;0.6344
16;53;-9.57812
16;54;6.15449
16;55;-13.289
17;53;-8.60489
17;54;5.91075
17;55;-4.26846
18;53;9.69616
18;54;-5.23559
18;55;4.65636
19;53;8.99152
19;54;-2.92163
19;55;-3.88001
20;53;-2.64838
20;54;3.71776
20;55;-3.20796
21;53;4.1306
21;54;-3.75019
21;55;8.38351
22;53;5.69858
22;54;7.78525
22;55;-5.44578
23;53;4.98845
23;54;-5.97866
23;55;3.55404
24;53;9.68403
24;54;4.94957
24;55;7.25836
25;53;-7.31841
25;54;-5.69984
25;55;9.84019
26;54;8.53103
26;55;-6.81391
27;53;2.79958
27;54;2.89683
27;55;-6.09044
28;53;-3.25699
28;54;0.304324
28;55;12.6015
29;53;-2.30411
29;54;4.40407
29;55;-5.42064
30;53;13.9641
30;54;0.820926
30;55;-7.05186
31;53;-2.64158
31;54;-7.82734
31;55;1.39201
32;53;5.8354
32;54;6.84451
32;55;6.4575
33;53;-2.03127
33;54;1.96046
33;55;9.29726
34;53;8.21944
34;54;6.81608
34;55;-3.65075
35;53;5.75466
35;54;2.32653
35;55;2.47202
36;53;-7.91338
36;54;-1.92165
36;55;-2.57935
37;53;-7.32726
37;54;13.1053
37;55;-4.72861
38;53;8.38825
38;54;-11.8283
38;55;-6.70616
39;53;-2.78172
39;54;-6.23069
39;55;1.16574
40;53;-2.3343
40;54;2.93681
40;55;0.264437
41;53;-11.0849
41;54;-7.47849
41;55;14.5076
42;53;-2.79616
42;54;-1.89077
42;55;-0.377518
43;53;-0.175725
43;54;-0.351482
43;55;-3.86456
44;53;-1.05755
44;54;-8.81404
44;55;4.81708
45;53;-8.04913
45;54;-7.60072
45;55;9.57943
46;53;-3.19496
46;54;8.41975
46;55;-4.59237
47;53;4.92883
47;54;9.25639
48;53;9.00208
48;54;-5.30971
48;55;-5.92844
49;53;-6.47579
49;54;13.0908
49;55;0.514321
50;53;-2.51793
50;54;-0.937012
50;55;8.01791
51;53;12.0357
51;54;-2.37154
51;55;-1.59142
52;53;-1.27703
52;54;-8.43731
52;55;3.92089
26;61;6.28575
61;53;-3.32336
31;11;6.68793
53;15;-2.88434
