1;53;-8.04963
1;54;9.07365
1;55;-8.22273
2;53;-9.76509
2;54;6.35071
2;55;6.87787
3;53;2.73566
3;54;-8.14848
3;55;6.19725
4;53;-1.19639
4;54;-3.5461
4;55;-5.38052
5;53;3.38121
5;54;-1.72212
5;55;-11.8298
6;54;4.91824
6;55;8.87725
7;53;4.21293
7;54;-7.37512
7;55;-3.00504
8;53;0.849586
8;54;-2.10112
8;55;1.96021
9;53;-13.3841
9;54;-3.14474
9;55;4.4841
10;53;-7.82382
10;54;4.08238
10;55;-9.50739
11;53;-3.47084
11;54;5.39482
11;55;3.61333
12;53;-7.44162
12;54;-0.650192
12;55;-7.27786
13;53;7.36948
13;54;5.80249
13;55;1.63092
14;53;2.19457
14;54;0.534899
14;55;-8.49198
15;53;-0.257511
15;54;-3.17372
15;55;5.6344
16;53;0.642218
16;54;-0.223127
16;55;2.11285
17;53;-8.60489
17;54;7.95262
17;55;1.62066
18;53;-6.07144
18;54;-6.61782
18;55;-10.3629
19;53;2.86752
19;54;-2.92163
19;55;-8.70239
20;53;10.187
20;54;9.8218
20;55;-8.19264
21;53;-5.70405
21;54;-7.5261
21;55;1.16037
22;53;7.01839
22;54;-1.30356
22;55;0.859446
23;53;7.91655
23;54;-5.90557
23;55;-6.82051
24;53;14.684
24;54;-0.672505
24;55;-7.09254
25;53;2.11701
25;54;-6.51901
25;55;9.08464
26;53;4.41905
26;54;8.93639
26;55;-6.81391
27;53;8.73133
27;54;6.26759
27;55;-6.09044
28;53;6.86459
28;54;-4.86833
28;55;-5.25327
29;53;3.11761
29;54;4.40407
29;55;-2.39422
30;53;4.80078
30;54;6.59137
30;55;3.7334
31;53;-0.772603
31;54;8.54744
31;55;3.38963
32;53;-8.27331
32;54;-1.18997
32;55;1.23803
33;53;-7.75591
33;54;3.59286
33;55;-0.593505
34;53;8.18708
34;54;0.62289
34;55;-7.23734
35;53;3.35089
35;54;6.58118
35;55;5.82964
36;53;-1.06702
36;54;-1.92165
36;55;9.38045
37;53;0.699319
37;54;6.57442
37;55;-8.55237
38;53;3.76799
38;54;-4.05728
38;55;7.45726
39;53;3.92786
39;54;-6.48234
39;55;9.14122
40;53;-9.03308
40;54;8.86917
40;55;7.04064
41;53;-6.10878
41;54;-0.962413
41;55;9.50761
42;53;0.996924
42;54;12.4918
42;55;-2.76713
43;53;-5.60216
43;55;-3.57284
44;53;-1.86694
44;54;0.883207
44;55;0.935665
45;53;-7.44817
45;54;-5.11175
45;55;9.57943
46;53;7.28884
46;54;7.18838
46;55;8.82598
47;53;7.96943
47;54;-2.27948
47;55;-1.65368
48;53;4.97884
48;54;-9.50196
48;55;-6.48791
49;53;-13.4467
49;54;8.09077
49;55;2.26403
50;53;4.53776
50;54;9.19049
50;55;9.37099
51;53;7.42249
51;54;3.9574
51;55;4.46724
52;53;2.2393
52;54;2.22187
52;55;-4.92131
9;0;-7.23993
