1;17;6.8208
1;18;5.1918
1;19;9.08464
2;17;-3.21858
2;18;4.05344
2;19;-5.80127
3;17;-0.175725
3;18;3.75091
3;19;6.22121
4;17;-9.3987
4;18;-5.65401
4;19;-1.65021
5;17;-1.63063
5;18;13.7351
5;19;4.50328
6;17;-0.771313
6;18;-1.6243
6;19;3.32501
7;17;1.02604
7;18;-7.93513
7;19;-2.51174
8;17;-0.453546
8;18;3.06261
8;19;6.4575
9;17;7.69087
9;18;-4.58272
9;19;-4.93704
10;17;-8.39189
11;17;5.70692
11;18;5.68589
11;19;-7.24252
12;18;-17.1148
12;19;11.9591
13;17;5.51535
13;18;-4.23241
13;19;-6.4458
14;17;-1.49279
14;18;11.4732
14;19;-4.89322
15;17;-2.14222
15;18;3.20523
15;19;3.79017
16;17;-6.27006
16;18;-3.66694
16;19;8.62029
3;26;2.35973
26;19;-14.0252
5;1;13.9656
10;47;-13.6939
47;19;5.1555
