1;121;45.5506
1;122;-18.036
2;121;90.2858
2;122;-69.8931
3;121;23.8396
3;122;-85.9498
4;121;25.9721
4;122;-64.4176
5;121;62.1343
5;122;9.71595
6;121;-44.0802
6;122;-26.9265
7;121;16.4807
7;122;21.1105
8;121;-70.8016
8;122;-53.6388
9;121;67.837
9;122;88.5792
10;121;68.5215
10;122;-4.53834
11;121;97.3962
11;122;66.3063
12;121;30.2205
12;122;-56.5606
13;121;11.2847
13;122;98.6205
14;121;95.5389
14;122;-38.7869
15;121;-66.9849
15;122;-73.8322
16;121;-80.6791
16;122;16.6202
17;121;48.8817
17;122;-99.5179
18;121;4.84875
18;122;96.1482
19;121;75.5986
19;122;-7.3007
20;121;-49.4062
20;122;37.7328
21;121;-42.7255
21;122;12.5529
22;121;-89.1936
22;122;-92.0671
23;121;-0.0222244
23;122;58.9213
24;121;69.0511
24;122;18.7733
25;121;0.803391
25;122;88.9618
26;121;95.2656
26;122;-1.80036
27;121;95.0513
27;122;25.486
28;121;48.9461
28;122;-94.0508
29;121;-38.1887
29;122;34.485
30;121;67.5491
30;122;-15.1737
31;121;-98.5973
31;122;77.7454
32;121;66.745
32;122;-69.2192
33;121;78.2274
33;122;13.4722
34;121;46.4326
34;122;92.7597
35;121;86.1715
35;122;28.4646
36;121;34.4858
36;122;5.4528
37;121;-48.9826
37;122;45.2922
38;121;-82.7988
38;122;-14.1285
39;121;-42.4836
39;122;67.6797
40;121;-2.32608
40;122;58.3197
41;121;75.214
41;122;-61.1202
42;121;-43.4806
42;122;70.2653
43;121;-3.17957
43;122;70.5137
44;121;-23.3987
44;122;83.3816
45;121;33.0674
45;122;-55.8496
46;121;85.0631
46;122;91.4853
47;121;44.9117
47;122;-99.7486
48;121;-77.7339
48;122;-109.877
49;121;13.7237
49;122;-68.8128
50;121;92.883
50;122;48.6846
51;121;-81.7864
51;122;33.2738
52;121;-45.8626
52;122;-36.4205
53;121;-96.6125
53;122;60.5424
54;121;9.97887
54;122;-67.5776
55;121;46.7946
55;122;-33.3194
56;121;86.552
56;122;22.0087
57;121;53.5034
57;122;14.9527
58;121;5.3151
58;122;98.0456
59;121;-14.5336
59;122;68.8753
60;121;-11.7177
60;122;67.8381
61;121;-53.5402
61;122;-26.6546
62;121;2.30829
62;122;-75.0784
63;121;-22.5367
63;122;87.0629
64;121;57.4377
64;122;98.4963
65;121;-48.7691
65;122;-72.0722
66;121;47.1809
66;122;-63.5363
67;121;-82.4381
67;122;-65.5766
68;121;-39.4289
68;122;-39.8408
69;121;68.8414
69;122;70.5499
70;121;97.0114
70;122;4.04417
71;121;-4.8264
71;122;83.5634
72;121;-36.231
72;122;22.6797
73;121;-80.2483
73;122;56.043
74;121;20.7253
74;122;-45.4776
75;121;-74.0614
75;122;-100.992
76;121;72.5074
76;122;37.9441
77;121;-17.647
77;122;24.6688
78;121;-36.2301
78;122;-75.8466
79;121;-5.49188
79;122;-78.7925
80;121;-77.3503
80;122;35.739
81;121;41.4644
81;122;89.6507
82;121;76.4454
82;122;59.0263
83;121;61.1488
83;122;-62.9835
84;121;-80.8145
84;122;49.9902
85;121;-86.7165
85;122;69.4583
86;121;-45.9657
86;122;-7.25999
87;121;42.2038
87;122;-75.4307
88;121;51.4171
88;122;31.8233
89;121;-91.1661
89;122;-39.582
90;121;-83.5222
90;122;5.5306
91;121;-81.2441
91;122;-61.1617
92;121;7.17087
92;122;1.10886
93;121;-59.1692
93;122;70.9407
94;121;25.2623
94;122;25.3389
95;121;92.1483
95;122;-51.0073
96;121;-38.9221
96;122;33.6127
97;121;17.7424
97;122;71.6659
98;121;-42.8709
98;122;-11.1088
99;121;87.5143
99;122;-81.242
100;121;-71.1186
100;122;-89.2021
101;121;77.3984
101;122;-57.4423
102;121;28.9888
102;122;-10.5526
103;121;46.6922
103;122;-43.8359
104;121;-78.7293
104;122;-52.2608
105;121;-34.0876
105;122;-1.96465
106;121;90.2986
106;122;-15.3317
107;121;-4.32455
107;122;-2.53059
108;121;85.7771
108;122;36.5062
109;121;-31.5899
109;122;47.415
110;121;-38.1549
110;122;-39.4416
111;121;-31.0487
111;122;12.923
112;121;-2.5751
112;122;76.6937
113;121;83.5329
113;122;-3.1899
114;121;-34.415
114;122;71.0472
115;121;73.312
115;122;-5.53367
116;121;-102.563
116;122;50.7104
117;121;-77.9161
117;122;38.9862
118;121;-29.6875
118;122;14.0742
119;121;-83.1683
119;122;-99.3644
120;121;36.9501
120;122;57.6555
