1;121;71.3372
1;122;45.2338
2;121;48.7536
2;122;13.3456
3;121;22.9937
3;122;-61.4887
4;121;35.2619
4;122;-67.6933
5;121;-64.2949
5;122;10.9605
6;121;12.8398
6;122;75.3049
7;121;-20.3421
7;122;2.68018
8;121;58.9198
8;122;1.511
9;121;67.837
9;122;-2.0472
10;121;87.0592
10;122;86.9649
11;121;97.3962
11;122;41.0345
12;121;31.5595
12;122;-10.7216
13;121;-83.1726
13;122;80.9077
14;121;58.0956
14;122;-79.1225
15;121;56.5262
15;122;1.55495
16;121;65.6334
16;122;-83.7445
17;121;88.2162
17;122;-12.7703
18;121;-12.3516
18;122;12.5994
19;121;-48.0445
19;122;-31.5224
20;121;44.9061
20;122;-29.1014
21;121;14.7365
21;122;41.4445
22;121;-89.1936
22;122;-92.0671
23;121;-85.1885
23;122;12.2242
24;121;91.6045
24;122;85.5412
25;121;-92.3996
25;122;82.2066
26;121;-2.10076
26;122;-1.80036
27;121;50.1847
27;122;69.7479
28;121;88.6997
28;122;-56.7363
29;121;-91.8803
29;122;34.9839
30;121;97.8269
30;122;45.9856
31;121;23.5697
31;122;-69.0165
32;121;-16.608
32;122;-48.0704
33;121;33.1508
33;122;3.56271
34;121;-38.1685
34;122;85.1063
35;121;-43.5679
35;122;63.491
36;121;34.4858
36;122;29.7453
37;121;39.7964
37;122;-40.2194
38;121;-71.381
38;122;-4.57281
39;121;77.3473
39;122;47.0614
40;121;7.67392
40;122;-92.3509
41;121;-92.1935
41;122;67.041
42;121;81.8915
42;122;-5.71712
43;121;-71.5745
43;122;-48.2929
44;121;35.542
44;122;-89.4046
45;121;-32.0844
45;122;-10.8414
46;121;85.0631
46;122;16.197
47;121;54.9117
47;122;-14.8568
48;121;49.9379
48;122;66.0662
49;121;-52.4308
49;122;-34.5549
50;121;-19.2919
50;122;9.42839
51;121;98.8071
51;122;86.2367
52;121;14.8815
52;122;38.6035
53;121;5.77842
53;122;-46.6801
54;121;77.3809
54;122;-78.0167
55;121;-32.6616
55;122;12.5722
56;121;45.2373
56;122;27.5466
57;121;-82.7174
57;122;-54.2712
58;121;-62.4934
58;122;98.0456
59;121;22.4312
59;122;27.916
60;121;-38.2448
60;122;-91.4817
61;121;-11.6608
61;122;-62.4624
62;121;85.8024
62;122;3.1425
63;121;0.991203
63;122;84.7663
64;121;57.4377
64;122;21.7455
65;121;76.3848
65;122;20.2569
66;121;47.1809
66;122;-26.207
67;121;95.077
67;122;5.92528
68;121;27.3724
68;122;33.5119
69;121;-78.1431
69;122;58.8298
70;121;-86.7183
70;122;32.1931
71;121;53.0597
71;122;-11.5444
72;121;-22.4845
72;122;4.31268
73;121;7.64376
73;122;35.0573
74;121;20.7253
74;122;-86.4285
75;121;-44.5509
75;122;-33.4588
76;121;73.5537
76;122;78.9661
77;121;-17.647
77;122;24.0315
78;121;4.36689
78;122;-37.0254
79;121;9.74038
79;122;22.8532
80;121;-40.4618
80;122;14.4781
81;121;41.4644
81;122;-20.8234
82;121;99.532
82;122;-0.14447
83;121;-72.8518
83;122;26.9044
84;121;-66.6326
84;122;39.9902
85;121;36.8164
85;122;-67.1267
86;121;-78.7218
86;122;66.3432
87;121;-23.1917
87;122;-16.8587
88;121;75.6834
88;122;37.4755
89;121;-83.9633
89;122;93.5137
90;121;51.4999
90;122;36.1335
91;121;-74.5112
91;122;-79.4634
92;121;-96.7562
92;122;-58.6768
93;121;-59.1692
93;122;62.1582
94;121;81.0193
94;122;-24.1831
95;121;-69.5173
95;122;-59.4425
96;121;-38.9221
96;122;33.6127
97;121;-46.0872
97;122;11.4005
98;121;0.111549
98;122;60.4576
99;121;87.5143
99;122;-88.9868
100;121;49.0462
100;122;-10.6757
101;121;-8.71712
101;122;-27.0843
102;121;67.1411
102;122;-27.6385
103;121;46.6922
103;122;-19.3729
104;121;-46.3615
104;122;-42.5908
105;121;-34.0876
105;122;72.2194
106;121;90.2986
106;122;-76.7612
107;121;26.4588
107;122;-2.53059
108;121;85.7771
108;122;-99.3336
109;121;-78.2344
109;122;13.7008
110;121;-96.1133
110;122;-39.4416
111;121;-73.106
111;122;-41.3575
112;121;2.1372
112;122;23.094
113;121;-53.4633
113;122;33.5859
114;121;5.21239
114;122;-14.4066
115;121;98.6347
115;122;-5.53367
116;121;26.0982
116;122;18.8586
117;121;-87.6479
117;122;48.8859
118;121;-60.0111
118;122;14.0742
119;121;81.9501
119;122;47.5175
120;121;97.4344
120;122;5.9836
79;136;-81.5351
136;122;22.8532
