1;121;4.30566
1;122;2.74223
2;121;-8.74997
2;122;-3.37169
3;121;2.38396
3;122;-8.59498
4;121;9.88993
4;122;-4.55544
5;121;3.30989
5;122;8.51716
6;121;5.41194
6;122;-2.69265
7;121;-1.75207
7;122;-2.81431
8;121;-7.08016
8;122;9.52959
9;121;0.403723
9;122;8.85792
10;121;7.28032
10;122;9.54617
11;121;9.73962
11;122;6.63062
12;121;3.02205
12;122;-4.65606
13;121;-8.31726
13;122;9.88392
14;121;8.55389
14;122;-3.87869
15;121;-4.34738
15;122;-3.30823
16;121;-8.06791
16;122;-5.18634
17;121;-5.32112
18;121;-4.51513
18;122;-6.89493
19;121;3.13799
19;122;0.374804
20;121;-4.94062
20;122;-1.22672
21;121;-4.27255
21;122;-3.13465
22;121;-8.91936
22;122;-3.01642
23;121;0.997777
23;122;-7.79146
24;121;-4.57059
24;122;-16.1674
25;121;0.0803385
25;122;8.89618
26;121;-1.39641
26;122;-0.180037
27;121;9.50513
27;122;-2.20593
28;121;4.89461
28;122;-3.34989
29;121;-2.34388
29;122;4.74019
30;121;6.75491
30;122;2.22713
31;121;3.93452
31;122;7.77454
32;121;-1.6608
32;122;-6.92192
33;121;5.61908
33;122;7.06874
34;121;4.64326
34;122;9.6753
35;121;-0.801121
35;122;2.84645
36;121;8.40959
36;122;0.54528
37;121;3.47951
37;122;4.52922
38;121;-4.90063
38;122;-0.41285
39;121;-4.24836
39;122;1.76797
40;121;5.01413
40;122;3.5531
41;121;-6.42631
41;122;-7.11202
42;121;-0.886192
42;122;2.02653
43;121;-12.1575
43;122;2.56381
44;121;-7.33987
44;122;-0.976325
45;121;-3.20844
45;122;5.55785
46;121;2.02288
46;122;7.99042
47;121;-7.81042
47;122;5.75459
48;121;0.222374
48;122;-4.36578
49;121;6.37237
49;122;-1.59025
50;121;6.28192
50;122;-0.0104809
51;121;-1.07571
51;122;-2.82469
52;121;4.33412
52;122;-3.64205
53;121;-5.86699
53;122;-2.82105
54;121;-8.11855
54;122;-11.7578
55;121;1.03362
55;122;6.63336
56;121;6.74208
56;122;-2.24535
57;121;5.51331
57;122;4.48406
58;121;-0.772603
58;122;9.80455
59;121;-1.45336
59;122;-0.911871
60;121;-7.28911
60;122;-9.35632
61;121;9.87
61;122;-2.66546
62;121;6.31983
62;122;-4.34102
63;121;0.0991201
63;122;1.31362
64;121;0.743766
64;122;9.84962
65;121;8.76083
65;122;2.02569
66;121;9.71809
66;122;-5.35363
67;121;6.12016
67;122;5.00674
68;121;3.00153
68;122;-3.98408
69;121;-0.777877
69;122;-1.36209
70;121;9.70114
70;122;3.21931
71;121;-3.22143
71;122;-1.15444
72;121;-3.6231
72;122;2.26797
73;121;3.36589
73;122;3.50573
74;121;2.07253
74;122;-8.45756
75;121;-7.40614
75;122;-9.09924
76;121;-2.85227
76;122;3.79441
77;121;-1.7647
77;122;-2.53312
78;121;0.436688
78;122;6.27715
79;121;1.17317
79;122;-3.16755
80;121;-7.73503
80;122;3.5739
81;121;-2.7878
81;122;6.98305
82;121;8.45317
82;122;-0.0144482
83;121;7.11488
83;122;2.69044
84;121;1.1629
84;122;10.6683
85;121;-8.67165
85;122;7.94583
86;121;-5.59657
86;122;0.274001
87;121;9.81645
87;122;-12.5431
88;121;5.14171
88;122;8.40187
89;121;-9.11661
89;122;9.12222
90;121;5.09487
90;122;-4.34331
91;121;0.610134
91;122;-7.94634
92;121;-5.65253
92;122;0.110886
93;121;0.521223
93;122;6.21582
94;121;-2.47377
94;122;2.53389
95;121;-1.95173
95;122;4.79119
96;121;-3.89221
96;122;3.36127
97;121;-7.46842
97;122;8.16659
98;121;-4.28709
98;122;-0.993102
99;121;5.30083
99;122;-3.81754
100;121;1.68242
100;122;-12.3751
101;121;5.76463
101;122;-5.74423
102;121;6.71411
102;122;-3.31968
103;121;5.43156
103;122;12.4568
104;121;-1.84424
104;122;-0.0369482
105;121;-6.63308
105;122;7.22194
106;121;5.32698
106;122;-1.53317
107;121;5.11866
107;122;-0.253059
108;121;8.57771
108;122;-7.10108
109;121;-5.3642
109;122;6.10394
110;121;-8.81549
110;122;-3.94416
111;121;1.9755
111;122;-4.3631
112;121;9.41711
112;122;4.23253
113;121;8.35329
113;122;5.4554
114;121;-0.223127
114;122;-4.64777
115;121;7.3312
115;122;-7.79817
116;121;-9.2563
116;122;-1.00825
117;122;3.64258
118;121;-2.96875
118;122;-4.43991
119;121;3.79017
119;122;-9.93644
120;121;-3.03997
120;122;0.765549
79;70;-13.2949
108;145;4.90204
145;122;-7.10108
84;57;-7.44461
17;152;1.86647
152;122;-9.95179
