1;53;-8.68756
1;54;15.7653
1;55;-6.39158
2;53;-2.11345
2;54;8.50153
2;55;-2.21884
3;53;5.04242
3;54;-9.16644
3;55;6.47705
4;53;7.18883
4;54;-9.47795
4;55;-3.99108
5;53;-6.13565
5;54;-1.72212
5;55;-4.28709
6;53;-1.96341
6;54;-13.1318
6;55;8.63791
7;53;-1.82426
7;54;-7.37512
7;55;2.73984
8;53;-4.15041
8;54;-2.44189
8;55;6.08353
9;53;-8.2873
9;54;-3.14474
9;55;-1.02238
10;53;-5.22608
10;54;4.08238
10;55;-0.196466
11;53;-2.2775
11;54;1.74394
11;55;3.68736
12;53;-4.23461
12;54;-5.23488
12;55;-8.95023
13;53;4.88112
13;54;7.77454
13;55;1.67141
14;53;7.29746
14;54;-3.44748
14;55;1.34722
15;53;-0.257511
15;54;-6.49488
15;55;7.66073
16;53;-2.95083
16;54;-0.960917
16;55;8.11882
17;53;7.3312
17;54;5.31147
17;55;6.59878
18;53;9.79082
18;54;-6.15572
18;55;-5.36289
19;53;7.80465
19;54;2.77308
19;55;-4.2723
20;53;-9.59954
20;54;5.41194
20;55;-6.41816
21;53;-5.2344
21;54;-9.89183
21;55;-0.595771
22;53;-2.33804
22;54;4.94461
22;55;-3.00875
23;53;3.45932
23;54;-9.95376
23;55;-4.39906
24;53;9.68403
24;54;3.0695
24;55;-9.98767
25;53;-5.63808
25;54;-8.01556
25;55;7.30362
26;53;0.650646
26;54;-1.24117
26;55;-0.064352
27;53;7.5215
27;54;2.38115
27;55;-2.883
28;53;7.24293
28;54;-7.75589
28;55;-10.2533
29;53;3.11761
29;54;8.73507
29;55;7.76696
30;53;4.80078
30;54;3.5569
30;55;0.22279
31;53;1.5727
31;54;8.54744
31;55;1.90091
32;53;-13.2733
32;54;-0.629453
32;55;6.78381
33;53;-3.62872
33;54;-6.60359
33;55;-0.975846
34;53;8.18708
34;54;6.81608
34;55;-7.23734
35;53;9.00505
35;54;8.40257
35;55;-2.51861
36;53;2.17562
36;54;2.82161
36;55;1.30456
37;53;-2.47613
37;54;5.92502
37;55;-14.4498
38;53;9.31765
38;54;3.7005
38;55;7.05499
39;53;-2.78172
39;54;-1.48234
39;55;0.761107
40;53;-1.71965
40;54;2.93681
40;55;-3.71616
41;53;-9.46435
41;54;-0.962413
41;55;-1.20741
42;53;-5.57981
42;54;5.61146
42;55;-9.51417
43;53;-5.89109
43;54;3.1976
43;55;-3.57284
44;53;3.13306
44;54;-5.99295
44;55;6.31356
45;53;-4.46346
45;54;7.85443
45;55;9.39179
46;53;-7.86063
46;54;9.94105
46;55;2.4213
47;53;3.708
47;54;9.6396
47;55;-9.717
48;53;9.00208
48;54;9.86404
48;55;4.74815
49;53;-8.4467
49;54;6.12297
49;55;-2.25067
50;53;0.59508
50;54;3.71973
50;55;6.92018
51;53;7.42249
51;54;-8.76099
51;55;-9.26968
52;53;-9.31702
52;54;-13.265
52;55;-4.02937
