1;122;-1.80361
2;121;9.02858
2;122;3.56614
3;121;4.16935
3;122;-2.64444
4;121;-3.27833
4;122;-6.44176
5;121;-9.7219
5;122;8.45752
6;121;0.591981
6;122;3.86014
7;121;9.91538
7;122;2.11105
8;121;0.14178
8;122;9.52959
9;121;3.00981
9;122;-0.20472
10;121;-3.06308
10;122;-3.60448
11;121;7.35842
11;122;-9.39105
12;121;-7.35391
12;122;-13.4205
13;121;0.386283
13;122;3.63252
14;121;8.55389
14;122;-4.40492
15;121;7.35636
15;122;-7.96148
16;121;-8.06791
16;122;13.8566
17;121;4.88817
17;122;-6.81787
18;121;0.484874
18;122;-1.89493
19;121;2.04061
19;122;0.374804
20;121;-4.09381
20;122;-7.91487
21;121;-4.26072
21;122;2.25529
22;121;4.34183
22;122;7.37552
23;121;0.997777
23;122;-8.15021
24;121;6.90511
24;122;-4.16394
25;121;2.50947
25;122;1.22347
26;121;-0.671304
26;122;-5.92039
27;121;6.56654
27;122;6.97479
28;121;0.287033
28;122;-9.15751
29;121;-9.36908
29;122;3.4485
30;121;6.75491
30;122;-8.54671
31;121;-0.592022
31;122;-0.925734
32;121;6.6745
32;122;-6.92192
33;121;-7.71567
33;122;1.34722
34;121;4.64326
34;122;9.6753
35;121;-2.76475
35;122;5.72373
36;121;13.2461
36;122;-9.24852
37;121;5.98827
37;122;-2.98863
38;121;1.33857
38;122;6.32019
39;121;-4.24836
39;122;1.361
40;121;0.767392
40;122;8.82147
41;121;-3.73626
41;122;6.92483
42;121;5.10301
42;122;7.9617
43;121;-8.32738
43;122;2.56381
44;121;3.5542
44;122;4.30981
45;121;5.51726
45;122;5.55785
46;121;8.50631
46;122;6.11083
47;121;-4.21103
47;122;1.70324
48;121;2.26384
48;122;0.891487
49;121;-8.3416
49;122;-1.59025
50;121;-0.107318
50;122;4.86846
51;121;-7.17864
51;122;-0.269494
52;121;6.94664
52;122;-4.16743
53;121;-9.66125
53;122;-9.50263
54;121;3.17225
54;122;-6.75776
55;121;-3.26616
55;122;-3.33194
56;121;-4.15667
56;122;-2.30982
57;121;6.962
57;122;-1.38117
58;121;0.53151
58;122;-4.14889
59;121;8.01793
59;122;6.88753
60;121;-5.45035
60;122;8.42809
61;121;-0.354023
61;122;-2.66546
62;121;0.230828
62;122;9.36789
63;121;4.18004
63;122;9.44117
64;121;-11.4955
64;122;5.84329
65;121;2.55036
65;122;-7.20722
66;121;-7.01875
66;122;-4.27847
67;121;6.12016
67;122;8.78166
68;121;6.37432
68;122;6.36082
69;121;4.13045
69;122;7.06334
70;121;9.15419
70;122;-4.93665
71;121;5.30597
71;122;-8.12938
72;121;-4.563
72;122;4.42822
73;121;3.36589
73;122;1.59934
74;121;2.07253
74;122;-3.45756
75;121;6.02048
75;122;5.27064
76;121;-6.93917
76;122;4.59403
77;121;-1.7647
77;122;-7.34955
78;121;3.99647
78;122;-7.58466
79;121;-5.85566
79;122;-8.20658
80;121;8.54733
80;122;-2.55219
81;121;-6.41617
81;122;8.96507
82;121;9.9532
82;122;1.47902
83;121;7.11488
83;122;13.9961
84;121;7.31078
84;122;-8.09601
85;121;-2.47364
85;122;5.86404
86;121;-6.86636
86;122;1.63432
87;121;9.81645
87;122;-0.775004
88;121;5.14171
88;122;-9.76615
89;121;-9.11661
89;122;11.6487
90;121;5.09487
90;122;0.55306
91;121;-8.12441
91;122;-4.10291
92;121;-8.85257
92;122;0.110886
93;121;-3.38229
93;122;9.97369
94;121;-7.53852
94;122;-2.42402
95;122;4.79119
96;121;-3.89221
96;122;2.63987
97;121;-3.96042
97;122;13.1666
98;121;-5.7361
98;122;-3.72824
99;121;5.30083
99;122;-3.09357
100;121;-7.11186
100;122;-12.3751
101;121;5.76463
101;122;4.2728
102;121;2.89888
102;122;2.02298
103;121;-9.68199
103;122;-7.23799
104;121;-7.87293
104;122;-9.50849
105;121;-3.40876
105;122;-1.64673
106;121;5.32698
106;122;-0.518074
107;121;3.68736
107;122;1.18551
108;121;8.57771
108;122;-8.98822
109;121;8.95947
109;122;-4.3948
110;121;-3.81549
110;122;8.56172
111;121;9.64077
111;122;2.2923
112;121;9.41711
112;122;-6.49488
113;121;7.27198
113;122;5.4554
114;121;7.37005
114;122;5.4629
115;121;7.3312
115;122;-7.79817
116;121;7.18451
116;122;6.88586
117;121;-7.19302
117;122;-0.262251
118;121;3.5226
118;122;-1.07892
119;121;6.42721
119;122;0.520621
120;121;5.26066
120;122;-0.594591
45;124;-2.84874
124;122;-8.93853
59;76;8.50325
14;71;2.21837
