1;121;-81.6152
1;122;-18.9567
2;121;-87.4997
2;122;-59.7023
3;121;33.8396
3;122;-94.8461
4;121;-32.7833
4;122;-64.4176
5;121;62.1343
5;122;16.8139
6;121;-75.7313
6;122;-26.9265
7;121;94.4689
7;122;21.8569
8;121;-42.2497
8;122;95.2959
9;121;83.1591
9;122;88.5792
10;121;68.5215
10;122;83.0188
11;121;97.3962
11;122;66.3063
12;121;98.8453
12;122;-40.3505
13;121;-83.1726
13;122;61.3926
14;121;83.4075
14;122;-38.7869
15;121;-66.9849
15;122;92.1767
16;121;-80.6791
16;122;88.5657
17;121;7.21109
17;122;-99.5179
18;121;4.84875
18;122;-68.9493
19;121;75.5986
19;122;-39.7121
20;121;-49.4062
20;122;40.9513
21;121;-86.536
21;122;22.5529
22;121;-89.1936
22;122;-92.0671
23;121;-55.5902
23;122;-8.75005
24;121;-45.7059
24;122;98.7469
25;121;25.0947
25;122;-3.6965
26;121;95.2656
26;122;-9.20386
27;121;89.1218
27;122;25.486
28;121;13.9944
28;122;-94.0508
29;121;-31.296
29;122;-12.5981
30;121;-33.2326
30;122;-45.7064
31;121;23.5697
31;122;89.3332
32;121;66.745
32;122;-69.2192
33;121;-78.8455
33;122;88.2408
34;121;-38.1685
34;122;96.753
35;121;-8.0112
35;122;28.4646
36;121;34.4858
36;122;-71.9324
37;121;65.6277
37;122;45.2922
38;121;-55.7065
38;122;-14.5728
39;121;-42.4836
39;122;67.6797
40;121;88.4536
40;122;45.5553
41;121;52.6273
41;122;24.1879
42;121;22.7615
42;122;69.503
43;121;-21.6977
43;122;70.5137
44;121;85.5662
44;122;-9.76325
45;121;33.0674
45;122;-9.10174
46;121;-76.6011
46;122;1.72131
47;121;44.9117
47;122;40.9823
48;121;-61.2297
48;122;-21.7024
49;121;-53.3042
49;122;-15.9025
50;121;62.8192
50;122;34.9536
51;121;-77.4379
51;122;-2.69494
52;121;20.3654
52;122;-36.4205
53;121;-57.4027
53;122;-23.343
54;121;9.97887
54;122;0.113609
55;121;35.2028
55;122;62.2258
56;121;-41.5667
56;122;-23.0982
57;121;69.6201
57;122;14.9527
58;121;5.3151
58;122;-39.6761
59;121;-14.5336
59;122;-45.0299
60;121;-11.7177
60;122;-42.9271
61;121;20.7206
61;122;-76.0072
62;121;44.8674
62;122;-31.9496
63;121;41.8004
63;122;67.1334
64;121;34.627
64;122;98.4963
65;121;-48.7691
65;122;13.7499
66;121;47.1809
66;122;6.72727
67;121;70.4388
67;122;68.3963
68;121;27.3724
68;122;-66.2445
69;121;68.8414
69;122;-89.6468
70;121;60.2728
70;122;24.8119
71;121;53.0597
71;122;23.005
72;121;-62.2626
72;122;22.6797
73;121;33.6589
73;122;46.2344
74;121;-50.375
74;122;-80.8747
75;121;-74.0614
75;122;-90.9924
76;121;-60.7818
76;122;92.3191
77;121;-49.9015
77;122;-35.9384
78;121;-36.2301
78;122;63.8135
79;122;-78.7925
80;121;-20.8935
80;122;35.739
81;121;41.4644
81;122;69.8305
82;121;99.532
82;122;59.0263
83;121;71.1488
83;122;26.9044
84;121;-70.8145
84;122;39.9902
85;121;-40.4452
85;122;79.4583
86;121;-55.9657
86;122;69.2802
87;121;98.1645
87;122;-26.2235
88;121;-10.977
88;122;31.8233
89;121;-49.239
89;122;60.1075
90;121;48.7576
90;122;-83.2166
91;121;21.2821
91;122;58.0249
92;121;7.17087
92;122;91.8193
93;121;-59.1692
93;122;70.9407
94;121;-30.1479
94;122;-24.7613
95;121;92.1483
95;122;40.8514
96;121;-38.9221
96;122;57.9069
97;121;23.894
97;122;-39.3901
98;121;-82.3925
98;122;-11.1088
99;121;87.5143
99;122;11.8246
100;121;48.2478
100;122;-99.2021
101;121;-8.71712
101;122;-27.0843
102;121;67.1411
102;122;-10.5526
103;121;-53.8913
103;122;-31.8704
104;121;-78.7293
104;122;55.5261
105;121;-34.0876
105;122;72.2194
106;121;90.2986
106;122;-15.3317
107;121;-96.4329
107;122;-2.53059
108;121;60.0062
108;122;-26.5944
109;121;-31.5899
109;122;11.0394
110;121;-38.1549
110;122;-39.4416
111;121;67.5264
111;122;22.923
112;121;94.1711
112;122;76.6937
113;121;83.5329
113;122;66.1625
114;121;-34.415
114;122;-4.63
115;121;39.1348
115;122;-7.3116
116;121;71.8451
116;122;-10.0825
117;121;67.382
117;122;38.9862
118;121;79.3649
118;122;10.5745
119;121;95.1503
119;122;-99.3644
120;121;-30.3997
120;122;-51.5479
46;126;51.9484
126;122;91.4853
108;111;-100.351
25;47;88.2915
