1;53;-9.0205
1;54;8.12072
1;55;-5.65253
2;53;-6.31889
2;54;7.35636
2;55;-8.44126
3;53;-8.29555
3;54;-9.16644
3;55;-1.3354
4;53;-2.5854
4;54;-14.5717
4;55;-3.99108
5;53;2.42064
5;54;4.65093
5;55;9.76701
6;53;-3.72824
6;54;-8.13176
6;55;3.31907
7;53;1.20815
7;54;-5.0493
7;55;-1.45571
8;53;-4.50667
8;54;0.666781
8;55;12.0406
9;53;-3.2873
9;54;10.4146
9;55;1.93904
10;53;6.04576
10;54;9.50513
10;55;-9.50739
11;53;-0.105391
11;54;2.71929
11;55;7.29583
12;53;5.5264
12;54;-5.65019
12;55;0.797361
13;53;-9.46488
13;54;9.14636
13;55;-3.36908
14;53;7.01217
14;54;3.01432
14;55;10.3273
15;53;3.84653
15;54;-1.05862
15;55;6.25058
16;53;1.56334
16;54;7.09064
16;55;5.21594
17;53;-7.32169
17;54;7.91802
17;55;2.21418
18;53;4.69616
18;54;0.142449
18;55;-1.78038
19;53;-0.273086
19;54;0.41296
19;55;-7.38571
20;53;-9.51633
20;54;-6.47857
20;55;-0.732437
21;53;-2.03421
21;54;-9.8106
21;55;1.35915
22;53;-2.91014
22;54;-6.41563
22;55;-3.19884
23;53;3.45932
23;54;-5.90557
23;55;-8.20211
24;53;-3.30187
24;54;2.05842
24;55;-0.282802
25;53;-7.92735
25;54;0.135528
25;55;7.73498
26;53;7.24185
26;54;9.47083
26;55;-11.8139
27;53;7.5215
27;54;-9.03303
27;55;-7.97049
28;53;-3.75981
28;54;-14.9389
28;55;7.17196
29;53;3.11761
29;54;7.84406
29;55;7.42006
30;53;13.9641
30;54;7.14262
30;55;0.22279
31;53;-2.36664
31;54;4.4645
31;55;7.17553
32;53;-7.95114
32;54;-4.8293
32;55;5.20282
33;53;-8.26657
33;54;-2.35542
33;55;9.29726
34;53;6.49935
34;54;9.51359
34;55;-3.84936
35;53;1.68065
35;54;-0.237644
35;55;-7.62531
36;53;-5.51673
36;54;-4.04774
36;55;-2.57935
37;53;-9.38594
37;54;10.925
37;55;-9.44977
38;53;9.50084
38;54;-10.206
38;55;-2.94501
39;53;-4.13967
39;54;-6.23069
39;55;7.90906
40;53;-8.017
40;54;-8.51663
40;55;0.264437
41;53;-9.46435
41;54;-5.88327
41;55;7.64858
42;53;-4.59052
42;54;2.68833
42;55;-9.51417
43;53;2.94227
43;54;5.56386
43;55;-9.18803
44;53;-18.8693
44;54;7.28657
44;55;0.738157
45;53;8.99013
45;54;8.89394
45;55;9.57943
46;53;-7.1372
46;54;3.41975
46;55;-9.59237
47;53;7.64454
47;54;2.68841
47;55;-9.2369
48;53;6.3491
48;54;4.99379
48;55;-6.48791
49;53;-9.24336
49;54;6.71394
49;55;4.00755
50;53;-9.33723
50;54;-8.64686
50;55;6.92018
51;53;10.1417
51;54;-9.75564
51;55;4.67972
52;53;5.24888
52;54;-8.35222
52;55;-7.275
36;2;-6.35882
26;75;-8.92922
75;55;-6.81391
