1;121;23.1684
1;122;84.981
2;121;-84.8933
2;122;-27.8859
3;121;-39.2342
3;122;-4.11466
4;121;4.0903
4;122;-39.2322
5;121;-15.134
5;122;37.4302
6;121;49.3775
6;122;66.6363
7;121;67.4013
7;122;57.8163
8;121;90.446
8;122;4.27716
9;121;-72.605
9;122;43.5016
10;121;-23.013
10;122;66.9425
11;121;86.1333
11;122;37.9133
12;121;29.0488
12;122;28.6663
13;121;-68.6642
13;122;-27.9309
14;121;99.9391
14;122;-44.8135
15;121;13.3807
15;122;-2.27817
16;121;69.1706
16;122;67.8224
17;121;-72.9382
17;122;-1.95657
18;121;-89.3639
18;122;-93.1201
19;121;-56.4593
19;122;65.6443
20;121;98.625
20;122;-31.4005
21;121;-17.5418
21;122;17.9258
22;121;-73.5017
22;122;-29.9474
23;121;-4.99657
23;122;36.3799
24;121;57.8434
24;122;-41.6394
25;121;-66.4679
25;122;41.3762
26;121;13.021
26;122;91.3004
27;121;109.22
27;122;44.3074
28;121;75.5016
28;122;-30.2784
29;121;73.0159
29;122;88.9673
30;121;-38.4058
30;122;92.4188
31;121;-23.1841
31;122;-0.725388
32;121;-72.2891
32;122;60.715
33;122;3.56271
34;121;-86.1772
34;122;-39.2963
35;121;-66.7085
35;122;-33.6513
36;121;82.4609
36;122;-92.1648
37;121;55.8383
37;122;-87.4637
38;121;-55.7065
38;122;-10.065
39;121;3.78619
39;122;-50.2016
40;121;88.4536
40;122;43.3097
41;121;-28.9429
41;122;24.1879
42;121;90.4615
42;122;58.4892
43;121;-74.8653
43;122;6.66969
44;121;-49.9895
44;122;-18.0731
45;121;-30.3386
45;122;55.8625
46;121;51.51
46;122;62.9019
47;121;-23.6145
47;122;-72.825
48;121;6.7673
48;122;-107.642
49;121;59.9016
49;122;-7.40376
50;121;4.67265
50;122;-73.4327
51;121;-38.1529
51;122;95.8906
52;121;8.41429
52;122;45.3022
53;121;-60.2403
53;122;-67.6096
54;121;-22.0224
54;122;-16.481
55;121;3.53743
55;122;46.6706
56;121;57.2004
56;122;24.6289
57;121;-29.1415
57;122;7.1739
58;121;-17.2969
58;122;-61.8931
59;121;77.3631
59;122;-45.0299
60;121;-5.85622
60;122;48.1708
61;121;86.8957
61;122;99.4903
62;121;-47.1001
62;122;97.1062
63;121;-73.3347
63;122;-66.1271
64;121;5.70115
64;122;-97.5438
65;121;38.7208
65;122;-55.0291
66;121;-41.1679
66;122;-64.6448
67;121;61.0229
67;122;5.92528
68;121;51.7302
68;122;-60.336
69;121;86.3102
69;122;91.094
70;121;-22.3963
70;122;58.4025
71;121;-37.8032
71;122;-12.0747
72;121;51.1334
72;122;-9.36489
73;121;-22.9687
73;122;48.8099
74;121;59.5596
74;122;-76.7071
75;121;31.3127
75;122;-18.8428
76;121;97.7013
76;122;-35.4016
77;121;-19.3525
77;122;-35.9384
78;121;88.4124
78;122;-29.7503
79;121;-50.2793
79;122;66.7206
80;121;16.9136
80;122;46.7936
81;121;1.5434
81;122;83.8921
82;121;-83.6435
82;122;14.7902
83;121;91.8931
83;122;45.7224
84;121;75.7287
84;122;-64.9063
85;122;-89.1885
86;121;-67.9699
86;122;97.3608
87;121;-22.5329
87;122;-90.0366
88;121;57.8572
88;122;-12.1403
89;121;56.1978
89;122;-11.662
90;121;-33.2311
90;122;55.005
91;121;-56.4283
91;122;-94.8294
92;121;-77.4065
92;122;78.3635
93;121;-44.2282
93;122;46.7101
94;121;-6.36043
94;122;-15.2037
95;121;94.4362
95;122;48.1978
96;121;-74.849
96;122;26.1202
97;121;-28.7805
97;122;-49.9875
98;121;17.8854
98;122;29.4066
99;121;66.6477
99;122;-24.6104
100;121;14.5841
100;122;-85.5611
101;121;-18.4221
101;122;30.8209
102;121;35.6041
102;122;-98.0411
103;121;69.6812
103;122;87.6912
104;121;-67.2064
104;122;47.0062
105;121;-27.1302
105;122;55.8998
106;121;-34.0217
106;122;-86.818
107;121;-50.3934
107;122;-13.6165
108;121;14.4309
108;122;-4.13483
109;121;-11.6429
109;122;-53.7144
110;121;0.00965881
110;122;-96.1563
111;121;46.6355
111;122;-78.2355
112;121;-33.0831
112;122;94.2932
113;121;-43.9916
113;122;-62.8436
114;121;27.7479
114;122;-25.7415
115;121;-13.3339
115;122;21.1655
116;121;86.1787
116;122;53.1855
117;121;-68.3572
117;122;36.4258
118;121;-90.4907
118;122;25.4499
119;121;-81.3668
119;122;-25.488
120;121;52.6066
120;122;-51.5479
28;68;51.999
85;133;3.71119
133;121;-36.9325
33;141;39.0915
141;121;2.20771
87;94;26.621
