
---- Results of cofig: ----
  keep=0.411
  threshold=3.872
  interSpeciesRate=0.001
  noCrossoverOff=0.236
  probabilityWeightMutated=0.74
  probabilityAddNodeSmall=0.027
  probabilityAddLink_small=0.019
  probabilityAddNodeLarge=0.254
  probabilityAddLink_Large=0.107
  largeSize=20
  c1=1.174
  c2=0.502
  c3=0.479
  numberGenomes=50
  numberInputs=120
  numberOutputs=2
  evolutions=50
  n_max=300
  learningRate=10
  inputWeights=110,150
  weightsRange=-100,100
  process_max=25
  function=
  folder=results/trial-0

--Results of run:0 --
Best Genome 
Genome id: 1349
Genome fitness: 0.87
   IN  OUT    Weight  Innov
    1  121   55.5506      1
    1  122  -18.9567      2
    2  121  -87.4997      3
    2  122  -64.6574      4
    3  121   23.8396      5
    3  122   53.7773      6
    4  121   98.8993      7
    4  122  -64.4176      8
    5  121   62.1343      9
    5  122   86.7352     10
    6  121  -44.0802     11
    6  122  -98.0104     12
    7  121   94.4689     13
    7  122    60.202     14
    8  121   1.41781     15
    8  122  -53.6388     16
    9  121    67.837     17
    9  122   88.5792     18
   10  121  -84.3146     19
   10  122   83.0188     20
   11  121   97.3962     21
   11  122   66.3063     22
   12  121   30.2205     23
   12  122  -84.2053     24
   13  121  -83.1726     25
   13  122   36.3252     26
   14  121   99.9391     27
   14  122   64.0631     28
   15  121   18.1551     29
   15  122  -73.8322     30
   16  121  -80.6791     31
   16  122   88.5657     32
   17  121   7.21109     33
   17  122  -58.1787     34
   18  121   70.9064     35
   18  122  -68.9493     36
   19  121  -4.19701     37
   19  122   3.74805     38
   20  121   6.67606     39
   20  122   37.7328     40
   21  121   -86.536     41
   21  122   22.5529     42
   22  121   58.5717     43
   22  122  -92.0671     44
   23  121  -45.5902     45
   23  122   12.2242     46
   24  121  -45.7059     47
   24  122  -87.7533     48
   25  121  -66.4679     49
   25  122  -77.1845     50
   26  121   13.5915     51
   26  122  -1.80036     52
   27  121   89.1218     53
   27  122   57.0896     54
   28  121   13.9944     55
   28  122  -94.0508     56
   29  121  -38.1887     57
   29  122  -2.59811     58
   30  121   60.0123     59
   30  122  -5.17368     60
   31  121   23.5697     61
   31  122   89.3332     62
   32  121   -16.608     63
   32  122  -69.2192     64
   33  121  -78.8455     65
   33  122   52.3743     66
   34  121  -38.1685     67
   34  122    96.753     68
   35  121   -8.0112     69
   35  122  -94.0037     70
   36  121   34.4858     71
   36  122   24.2944     72
   37  121  -48.9826     73
   37  122   45.2922     74
   38  121   20.9762     75
   38  122  -4.57281     76
   39  121  -42.4836     77
   39  122   67.6797     78
   40  121   7.67392     79
   40  122   8.77528     80
   41  121   90.4953     81
   41  122  -7.06052     82
   42  121  -33.4806     83
   42  122    79.617     84
   43  121  -71.5745     85
   43  122    -87.78     86
   44  121   85.5662     87
   44  122   58.6611     88
   45  121  -32.0844     89
   45  122   55.5785     90
   46  121  -63.6362     91
   46  122   91.4853     92
   47  121   44.9117     93
   47  122   75.8469     94
   48  121  -77.7339     95
   48  122   66.0662     96
   49  121  -43.3042     97
   49  122  -5.90249     98
   50  121   62.8192     99
   50  122   48.6846    100
   51  121   7.12823    101
   51  122  -2.69494    102
   52  121  -35.8626    103
   52  122  -46.4205    104
   53  121  -57.4027    105
   53  122   67.5231    106
   54  121  -28.4412    107
   54  122  0.113609    108
   55  121   35.2028    109
   55  122  -16.3404    110
   56  121  -41.5667    111
   56  122   25.6981    112
   57  121   69.6201    113
   57  122   14.9527    114
   58  121    5.3151    115
   58  122   98.0456    116
   59  121  -14.5336    117
   59  122  -9.11871    118
   60  121  -11.7177    119
   60  122   53.3821    120
   61  121   82.5535    121
   61  122  -26.6546    122
   62  121  -57.9388    123
   62  122   91.3715    124
   63  121   41.8004    125
   63  122   42.8571    126
   64  121   47.4377    127
   64  122   98.4963    128
   65  121   35.0049    129
   65  122  -72.9987    130
   66  121  -21.3778    131
   66  122   -36.207    132
   67  121  -82.4381    133
   67  122  -98.6817    134
   68  121   27.3724    135
   68  122  -49.8408    136
   69  121  0.146545    137
   69  122  -13.6209    138
   70  121   60.2728    139
   70  122   4.04417    140
   71  121   53.0597    141
   71  122  -81.2939    142
   72  121   5.08676    143
   72  122   22.6797    144
   73  121   33.6589    145
   73  122   73.3403    146
   74  121   20.7253    147
   74  122  -80.8747    148
   75  121  -74.0614    149
   75  122  -19.2279    150
   76  121   62.5074    151
   76  122  -12.9999    152
   77  121   -17.647    153
   77  122  -98.0894    154
   78  121  -36.2301    155
   78  122   64.7352    156
   79  121  -15.4919    157
   79  122  -78.7925    158
   80  121  -77.3503    159
   80  122  -52.5979    160
   81  121   41.4644    161
   81  122   69.8305    162
   82  121   109.532    163
   82  122  -31.3549    164
   83  121   26.6757    165
   83  122   16.9044    166
   84  121  -80.8145    167
   84  122   39.9902    168
   85  121  -86.7165    169
   85  122   79.4583    170
   86  121  -55.9657    171
   86  122   66.3432    172
   87  121  -22.5329    173
   87  122  -26.2235    174
   88  121   -10.977    175
   88  122   31.8233    176
   89  121  -101.166    177
   89  122  -90.2517    178
   90  121   50.9487    179
   90  122  -65.2275    180
   91  121  -81.2441    181
   91  122   23.4561    182
   92  121   7.17087    183
   92  122   1.10886    184
   93  121  -59.1692    185
   93  122   70.9407    186
   94  121   25.2623    187
   94  122   25.3389    188
   95  121   94.4362    189
   95  122   57.9119    190
   96  121  -38.9221    191
   96  122   33.6127    192
   97  121   17.7424    193
   97  122  -39.3901    194
   98  121  -7.36098    195
   98  122  -11.1088    196
   99  121   87.5143    197
   99  122   11.8246    198
  100  121  -71.1186    199
  100  122  -85.0759    200
  101  121  -8.71712    201
  101  122  -28.7057    202
  102  121   67.1411    203
  102  122  -10.5526    204
  103  121   46.6922    205
  103  122  -53.8359    206
  104  121  -78.7293    207
  104  122   55.5261    208
  105  121  -34.0876    209
  105  122   72.2194    210
  106  121   90.2986    211
  106  122  -30.8833    212
  107  121   -11.472    213
  107  122  -2.53059    214
  108  121   74.2337    215
  108  122   26.5062    216
  109  121  -73.0354    217
  109  122   11.0394    218
  110  121  -38.1549    219
  110  122  -49.4416    220
  111  121  -58.1248    221
  111  122    22.923    222
  112  121   94.1711    223
  112  122   76.6937    224
  113  121   73.5329    225
  113  122  -13.1899    226
  114  121   -34.415    227
  114  122   71.0472    228
  115  121   98.6347    229
  115  122  -5.53367    230
  116  121   71.8451    231
  116  122  -10.0825    232
  117  121    67.382    233
  117  122   38.9862    234
  118  121   79.3649    235
  118  122   14.0742    236
  119  121   95.1503    237
  119  122  -99.3644    238
  120  121   17.5159    239
  120  122  -30.1948    240
   47  129  -56.3024    256
  129  121   44.9117    257

Summerized results: 
run: 0 bestFitness: 0
Max fitness: 0
Percentage: 100% (1 of 1)
--------------------------------------------------------------
