1;121;7.13372
1;122;-7.70725
2;121;2.88366
2;122;-8.8581
3;121;4.16935
3;122;-8.59498
4;121;3.52618
4;122;0.231407
5;121;-8.99105
5;122;8.51716
6;121;-3.70447
6;122;-7.69265
7;121;9.44689
7;122;-5.75522
8;121;4.89198
8;122;-8.0474
9;121;-9.2837
9;122;8.85792
10;121;-6.37274
10;122;0.0692196
11;121;-3.48282
11;122;-3.56171
12;121;-7.35391
12;122;5.74247
13;121;-2.10957
13;122;3.63252
14;121;8.18657
14;122;-4.6367
15;121;8.30404
15;122;8.64969
16;121;5.49112
16;122;4.81366
17;121;-10.3821
17;122;-4.62723
18;121;-0.157243
18;122;-2.99916
19;121;1.17339
19;122;3.19435
20;121;-3.33669
20;122;1.80779
21;121;1.90969
21;122;6.66644
22;121;-8.91936
22;122;5.8581
23;121;-0.35853
23;122;-4.1933
24;121;9.16045
24;122;8.75429
25;121;-7.03231
25;122;8.89618
26;121;7.77556
26;122;-0.920386
27;121;4.41128
27;122;-1.66091
28;121;-3.64793
28;122;-3.34989
29;121;-9.36908
29;122;-0.259811
30;121;7.00123
30;122;-0.882902
31;121;0.438719
31;122;-4.52144
32;121;7.9394
32;122;-2.03316
33;121;3.31508
33;122;2.61384
34;121;-3.81685
34;122;0.363013
35;121;-4.35679
35;122;4.96299
36;121;8.9748
36;122;-7.29653
37;121;3.97964
37;122;-1.81575
38;121;-0.804496
38;122;-6.37889
39;121;3.63751
39;122;4.56338
40;121;0.767392
40;122;-2.98947
41;121;-9.21935
41;122;4.60625
42;121;5.37462
42;122;-5.94429
43;121;-8.32738
43;122;12.0514
44;121;4.84243
44;122;-1.06515
45;121;5.51726
45;122;0.557848
46;121;8.50631
46;122;7.29628
47;121;-6.95018
47;122;-5.32564
48;121;0.222374
48;122;0.891487
49;121;2.10447
49;122;-1.59025
50;121;4.75877
50;122;4.86846
51;121;-8.74379
51;122;8.44908
52;121;9.05324
52;122;-0.469781
53;121;12.9817
53;122;6.75231
54;121;0.997887
54;122;0.653706
55;121;4.37192
55;122;6.63336
56;121;6.74208
56;122;-7.89337
57;121;-1.44182
57;122;-0.392235
58;121;-3.83766
58;122;-8.34865
59;121;2.24312
59;122;1.86816
60;121;-0.585623
60;122;-9.14817
61;121;2.3517
61;122;-14.3528
62;121;-5.79388
62;122;-1.95243
63;121;-2.25367
63;122;-6.61271
64;121;6.39576
64;122;9.36686
65;121;8.76083
65;122;1.37498
66;121;-2.12445
66;122;0.483623
67;121;-8.16218
67;122;0.592527
68;121;1.4889
68;122;-1.89047
69;121;6.88413
69;122;-1.36209
70;121;6.02728
70;122;-11.6696
71;121;-4.61694
71;122;-3.07319
72;121;-3.6231
72;122;-0.936489
73;121;3.36589
73;122;4.62344
74;121;2.07253
74;122;-5.26051
75;121;-7.40614
75;122;-9.09441
76;121;7.25074
76;122;3.13062
77;121;8.79011
77;122;0.568915
78;121;7.84124
78;122;0.738157
79;121;-3.74709
79;122;9.65789
80;121;-2.89303
80;122;-6.65223
81;121;-5.00408
81;122;6.98305
82;121;9.9532
82;122;-1.81035
83;121;7.48425
83;122;2.69044
84;121;0.0679588
84;122;-5.61394
85;121;-3.95104
85;122;7.65857
86;121;0.0969067
86;122;-1.71559
87;121;4.81645
87;122;-9.00366
88;121;5.40813
88;122;8.40187
89;121;-7.93905
89;122;8.51763
90;121;5.09487
90;122;-6.47522
91;121;7.58305
91;122;-5.70094
92;121;-3.85257
92;122;-9.72268
93;121;-0.916923
93;122;3.44744
94;121;2.52623
94;122;-4.92345
95;121;0.0120039
95;122;2.00207
96;121;9.81418
96;122;-3.99108
97;121;-1.13565
97;122;8.16659
98;121;-4.28709
98;122;-1.86248
99;121;5.69051
99;122;6.53497
100;121;8.5365
100;122;-8.65022
101;121;-8.50323
101;122;-2.70843
102;121;-12.3665
102;122;-1.05526
103;121;4.66922
103;122;-4.38359
104;121;2.59485
104;122;-2.63307
105;121;-7.17629
105;122;2.17714
106;121;9.74358
106;122;-0.164145
107;121;-0.358672
107;122;5.90978
108;121;1.17484
108;122;-6.3338
109;121;-8.69151
109;122;2.71141
110;121;-4.80146
110;122;8.56172
111;121;3.08374
111;122;-0.455099
112;121;-5.57105
112;122;8.09535
113;121;4.24918
113;122;11.3864
114;121;4.14112
114;122;7.10472
115;121;4.75223
115;122;-3.87195
116;121;-2.55552
116;122;1.88586
117;121;-6.19902
117;122;9.76873
118;121;7.79106
118;122;2.58263
119;121;3.79017
119;122;-9.93644
120;121;9.94957
120;122;-4.86062
114;132;-1.00068
132;122;-0.876935
