1;121;-36.1249
1;122;-21.1234
2;121;-87.4997
2;122;59.688
3;121;82.3295
3;122;-60.4897
4;121;98.8993
4;122;-64.4176
5;121;-54.4451
5;122;9.71595
6;121;-44.0802
6;122;-6.54001
7;121;-27.0431
7;122;60.202
8;121;-98.5683
8;122;-53.6388
9;121;-54.8528
9;122;43.4594
10;121;104.147
10;122;21.3938
11;121;97.3962
11;122;95.6459
12;121;30.2205
12;122;-84.2053
13;121;-68.6642
13;122;36.3252
14;121;-74.0419
14;122;-78.2382
15;121;-66.9849
15;122;-30.5427
16;121;-80.6791
16;122;88.5657
17;121;-53.2112
17;122;-40.7937
18;121;22.2187
18;122;67.9736
19;121;75.5986
19;122;3.74805
20;121;-41.4966
20;122;37.7328
21;121;-86.536
21;122;53.9828
22;121;-89.1936
22;122;78.3059
23;121;19.8851
23;122;-7.87364
24;121;-45.7059
24;122;-97.7533
25;121;-86.0489
25;122;89.8654
26;121;83.8351
26;122;-82.7888
27;121;-48.1526
27;122;-71.16
28;121;78.0465
28;122;48.1467
29;121;-90.2523
29;122;-95.9954
30;121;70.0123
30;122;-87.3808
31;121;13.5697
31;122;-29.9839
32;121;45.7277
32;122;-98.6888
33;121;-78.8455
33;122;-43.0252
34;121;-45.8859
34;122;96.753
35;121;55.0821
35;122;-76.2353
36;121;34.4858
36;122;-92.1439
37;121;76.9087
37;122;-75.9598
38;121;86.162
38;122;-4.57281
39;121;-43.1413
39;122;47.7069
40;121;7.67392
40;122;37.3183
41;121;90.4953
41;122;12.0353
42;121;-60.9555
42;122;79.617
43;121;59.3576
43;122;27.9596
44;121;62.2516
44;122;-9.76325
45;121;-32.0844
45;122;-9.10174
46;121;85.0631
46;122;91.4853
47;121;-76.2531
47;122;69.1266
48;121;-77.7339
48;122;84.794
49;121;-20.3127
49;122;10.7849
50;121;5.76331
50;122;82.1944
51;121;-38.1529
51;122;-97.4339
52;121;-45.8626
52;122;84.0257
53;121;-70.468
53;122;76.2124
54;121;28.2161
54;122;77.8958
55;121;-16.577
55;122;18.9559
56;121;-41.5667
56;122;32.6876
57;121;69.6201
57;122;38.4441
58;121;25.4437
58;122;60.4161
59;121;88.6789
59;122;14.3512
60;121;-11.7177
60;122;-15.8523
61;121;19.5031
61;122;-26.6546
62;121;15.3106
62;122;-43.6706
63;121;41.8004
64;121;36.889
64;122;88.1768
65;121;-11.337
65;122;-26.2673
66;121;47.1809
66;122;-53.5477
67;121;-92.8507
67;122;-51.1175
68;121;-87.2697
68;122;46.4297
69;121;-65.9437
69;122;58.6941
70;121;-39.7614
70;122;49.0143
71;121;52.4343
71;122;-81.2939
72;121;-62.2626
72;122;22.6797
73;121;-10.1959
73;122;-51.9875
74;121;-31.5732
74;122;46.5309
75;121;-60.3001
75;122;-90.9924
76;121;-77.9996
76;122;-87.6497
77;121;75.3138
77;122;-73.0195
78;121;78.4124
78;122;-9.07029
79;121;81.8
79;122;-59.069
80;121;8.40378
80;122;35.739
81;121;41.4644
81;122;-48.8343
82;121;-89.6122
82;122;-96.496
83;121;99.9987
83;122;67.4544
84;121;77.9911
84;122;-90.0934
85;121;-86.7165
85;122;-77.1267
86;121;-55.9657
86;122;66.3432
87;121;98.1645
87;122;48.6155
88;121;18.7784
88;122;-44.5921
89;121;-49.239
89;122;-21.662
90;121;82.6053
90;122;-83.2166
91;121;-28.1809
91;122;-13.3977
92;121;61.662
92;122;-9.48483
93;121;88.0537
93;122;70.9407
94;121;-73.5357
94;122;25.3389
95;121;-0.918396
95;122;78.2559
96;121;-69.8585
96;122;33.6127
97;121;42.8361
97;122;-44.6563
98;121;-7.36098
98;122;49.5606
99;122;85.0753
100;121;74.6543
100;122;-22.9245
101;121;54.2495
101;122;48.7622
102;121;35.9577
102;122;-97.4073
103;121;46.6922
103;122;-43.8359
104;121;-67.2064
104;122;-0.369476
105;121;96.2047
105;122;72.2194
106;121;29.9414
106;122;-15.3317
107;121;34.4034
107;122;-61.5916
108;121;-56.7251
108;122;-80.5045
109;121;66.022
109;122;77.1141
110;121;-71.4991
110;122;50.3757
111;121;-41.0487
111;122;83.7145
112;121;94.1711
112;122;87.6236
113;121;83.5329
113;122;-13.1899
114;121;-34.415
114;122;16.2391
115;121;-92.8139
115;122;18.508
116;121;3.03696
116;122;9.12749
117;121;14.8402
117;122;38.9862
118;121;79.3649
118;122;-65.9264
119;121;95.1503
119;122;25.2457
120;121;66.6487
120;122;-53.2217
99;126;9.53055
126;121;43.1317
