1;17;5.56781
1;18;-3.42595
1;19;-3.52724
2;17;-0.770222
2;18;4.05344
2;19;-0.80127
3;17;2.03654
3;18;6.71065
3;19;1.26653
4;17;-7.95114
4;18;-2.13552
4;19;-2.60832
5;17;1.42644
5;18;9.9327
5;19;-0.586519
6;17;2.69018
6;18;2.16471
6;19;-4.70895
7;17;-9.68363
7;18;9.51542
7;19;1.81299
8;17;1.2712
8;18;-1.16456
8;19;8.42809
9;17;5.87507
9;18;-18.2069
9;19;-9.4776
10;17;5.85989
10;18;-1.06711
10;19;-9.90547
11;17;-6.23504
11;18;3.53257
11;19;3.13015
12;17;-4.41645
12;18;-9.68602
12;19;12.1836
13;17;6.38748
13;18;7.77374
13;19;-2.75771
14;17;-4.29702
14;18;4.8226
14;19;3.5051
15;17;0.000371933
15;18;9.34548
15;19;7.75612
16;17;9.41385
16;18;-9.82863
16;19;9.92083
4;8;-13.7361
2;15;1.22599
18;2;1.10279
7;16;-8.85118
