1;121;43.0566
1;122;-18.036
2;121;-87.4997
2;122;-69.8931
3;121;23.8396
3;122;-85.9498
4;121;98.8993
4;122;-45.5544
5;121;33.0989
5;122;84.5752
6;121;38.2735
6;122;-26.9265
7;121;94.4689
7;122;21.1105
8;121;1.41781
8;122;95.2959
9;121;67.837
9;122;66.1734
10;121;68.5215
10;122;83.0188
11;121;97.3962
11;122;-93.9105
12;121;30.2205
12;122;-84.2053
13;121;-93.1726
13;122;98.6205
14;121;85.5389
14;122;-38.7869
15;121;73.5636
15;122;-33.0823
16;121;-89.8037
16;122;88.5657
17;121;48.8817
17;122;-99.5179
18;121;4.84875
18;122;96.1482
19;121;75.5986
19;122;13.748
20;121;-33.3669
20;122;37.7328
21;121;-86.536
21;122;88.8673
22;121;-89.1936
22;122;-92.0671
23;121;-55.5902
23;122;12.2242
24;121;69.0511
24;122;-87.7533
25;121;0.803391
25;122;-77.1845
26;121;95.2656
26;122;-1.80036
27;121;95.0513
27;122;25.486
28;121;13.9944
28;122;6.33604
29;121;-38.1887
29;122;34.485
30;121;67.5491
30;122;-49.8752
31;121;-98.5973
31;122;89.3332
32;121;66.745
32;122;-69.2192
33;121;-78.8455
33;122;13.4722
34;121;46.4326
34;122;96.753
35;121;-8.0112
35;122;97.0264
36;121;34.4858
36;122;5.4528
37;121;-48.9826
37;122;45.2922
38;121;13.3857
38;122;-4.57281
39;121;-70.9651
39;122;86.2522
40;121;7.67392
40;122;54.1296
41;121;75.214
41;122;-71.1202
42;121;-50.3637
42;122;70.2653
43;121;6.82043
43;122;70.5137
44;121;85.5662
44;122;83.3816
45;121;33.0674
45;122;-55.8496
46;121;75.0631
46;122;91.4853
47;121;44.9117
47;122;-31.5449
48;121;-77.7339
48;122;66.0662
49;121;13.7237
49;122;-68.8128
50;121;62.8192
50;122;-0.104805
51;121;-87.4379
51;122;33.2738
52;121;43.3412
52;122;-36.4205
53;121;-96.6125
53;122;60.5424
54;121;59.0067
54;122;0.113609
55;121;46.7946
55;122;24.6237
56;121;76.552
56;122;25.6981
57;121;59.6201
57;122;-63.8117
58;121;-7.72603
58;122;-39.6761
59;121;-65.2293
59;122;-9.11871
60;121;-56.2945
60;122;53.3821
61;121;-86.9742
61;122;-22.7881
62;121;2.30829
62;122;-65.0784
63;121;-22.5367
63;122;87.0629
64;121;-64.9552
64;122;91.187
65;121;-81.7499
65;122;20.2569
66;121;47.1809
66;122;-53.5363
67;121;61.2016
67;122;-98.6817
68;121;27.3724
68;122;-39.8408
69;121;94.9658
69;122;-13.6209
70;121;97.0114
70;122;4.04417
71;121;-4.8264
71;122;-81.2939
72;121;-36.231
72;122;-51.323
73;121;-80.2483
73;122;35.0573
74;121;9.00092
74;122;-80.8747
75;121;-74.0614
75;122;-90.9924
76;121;-77.6395
76;122;-27.6016
77;121;-70.0817
77;122;17.3747
78;121;72.8657
78;122;7.38158
79;121;11.7317
79;122;-92.0895
80;121;-77.3503
80;122;35.739
81;121;-64.1617
81;122;69.8305
82;122;59.0263
83;121;71.1488
83;122;26.9044
84;121;-80.8145
84;122;39.9902
85;121;-86.7165
85;122;58.6404
86;121;-55.9657
86;122;66.3432
87;121;98.1645
87;122;-75.4307
88;121;51.4171
88;122;61.9554
89;121;-91.1661
89;122;-90.2517
90;121;50.9487
90;122;-65.2275
91;121;-81.2441
91;122;-61.1617
92;121;7.17087
92;122;1.10886
93;121;63.5071
93;122;70.9407
94;121;50.4242
94;122;25.3389
95;122;-51.0073
96;121;-94.7795
96;122;33.6127
97;121;-61.3565
97;122;81.6659
98;121;-7.36098
98;122;-11.1088
99;121;-81.3176
99;122;11.8246
100;121;-71.1186
100;122;-73.7512
101;121;-8.71712
101;122;-27.0843
102;121;28.9888
102;122;-10.5526
103;121;46.6922
103;122;-19.5941
104;121;-18.4424
104;122;55.5261
105;121;40.8238
105;122;-1.96465
106;121;90.2986
106;122;-15.3317
107;121;-4.32455
107;122;96.7445
108;121;95.7771
108;122;0.38073
109;121;-86.9151
109;122;47.415
110;121;-38.1549
110;122;-39.4416
111;121;-41.0487
111;122;80.84
112;121;94.1711
112;122;-64.9488
113;121;73.5329
113;122;-13.1899
114;121;-2.23128
114;122;81.1882
115;121;98.6347
115;122;79.5262
116;121;71.8451
116;122;-10.0825
117;121;67.382
117;122;38.9862
118;121;69.3649
118;122;14.0742
119;121;-83.1683
119;122;-99.3644
120;121;-30.3997
120;122;-38.9374
82;128;-40.4271
128;121;99.532
95;129;-85.7743
129;121;-75.7491
