1;17;14.0414
1;18;2.88766
1;19;-0.361283
2;17;-8.21858
2;18;4.24174
2;19;-6.34888
3;17;-4.35563
3;18;-8.79689
3;19;-4.64785
4;17;3.91967
4;18;3.47873
4;19;3.34979
5;17;-3.05768
5;18;8.73507
5;19;2.96334
6;17;4.44753
6;18;6.80819
6;19;13.325
7;17;1.59931
7;18;2.06487
8;17;3.98688
8;18;-6.18997
8;19;8.62815
9;17;18.5736
9;18;3.81003
9;19;-4.79006
10;17;-12.1942
10;18;5.65262
10;19;-8.1252
11;17;-6.99802
11;18;10.6859
11;19;-1.79978
12;17;-4.41645
12;18;-12.6375
12;19;11.9591
13;17;11.3875
13;18;-4.07119
13;19;-3.40716
14;18;14.6873
14;19;-9.92843
15;17;0.000371933
15;18;6.54111
15;19;-7.97109
16;17;-7.79146
16;18;-13.9663
16;19;33.6203
7;20;-6.28109
7;20;7.60742
20;19;8.38963
20;19;3.41829
14;25;-8.55814
25;17;2.60869
1;39;1.72406
39;19;9.08464
