1;122;4.49868
2;121;-6.11419
2;122;-5.7696
3;121;2.29937
3;122;-2.85147
4;121;9.53596
4;122;-6.53585
5;121;7.50523
5;122;2.54493
6;121;5.41194
6;122;8.20917
7;121;9.91538
7;122;2.18569
8;121;0.14178
8;122;-8.0474
9;121;6.7837
9;122;8.85792
10;121;-0.123251
10;122;-5.45383
11;121;9.73962
11;122;-8.64608
12;121;3.02205
12;122;-5.90962
13;121;-8.31726
13;122;6.17982
14;121;5.80956
14;122;-4.6367
15;121;13.304
15;122;-2.38322
16;121;0.491117
16;122;-5.18634
17;121;-5.3821
17;122;7.83999
18;121;-9.97205
18;122;-4.63422
19;121;1.17339
19;122;-2.41721
20;121;-1.17007
20;122;4.76311
21;121;-4.26072
21;122;1.18989
22;121;8.28042
22;122;7.37552
23;121;9.15839
23;122;5.89213
24;121;-3.20121
24;122;4.49121
25;121;-7.03231
25;122;9.91241
26;121;9.52656
26;122;-0.180037
27;121;9.22028
27;122;-7.99374
28;121;4.82183
28;122;0.633603
29;121;-9.36908
29;122;-2.15299
30;121;2.00123
30;122;0.574107
31;121;-0.592022
31;122;-0.0343056
32;121;7.04079
32;122;-5.61019
33;121;3.06559
33;122;1.34722
34;121;4.64326
34;122;9.6753
35;121;8.61715
35;122;2.84645
36;121;13.4096
36;122;-9.24852
37;121;9.61912
37;122;-6.08128
38;121;8.93653
38;122;-0.41285
39;121;0.392794
39;122;-3.76354
40;121;8.46111
40;122;5.83197
41;121;-8.27897
41;122;6.92483
42;121;-5.03637
42;122;-0.089406
43;121;3.67889
43;122;2.56381
44;121;7.75929
44;122;-9.84754
45;121;-3.29715
45;122;-3.94799
46;121;9.60863
46;122;0.676147
47;121;-7.81042
47;122;-5.32564
48;121;4.99379
48;122;6.60662
49;122;0.113193
50;121;5.14457
50;122;-0.0571613
51;121;-7.17864
51;122;-2.82469
52;121;-8.13183
52;122;6.93284
53;121;-5.74027
53;122;6.05424
54;121;0.997887
54;122;-6.75776
55;121;4.37192
55;122;1.63336
56;121;8.6552
56;122;2.56981
57;121;6.962
57;122;-0.392235
58;121;6.94277
58;122;-3.0348
59;121;4.14898
59;122;6.86816
60;121;9.31003
60;122;-9.14817
61;121;-5.55507
61;122;-9.35279
62;121;-5.79388
62;122;10.6706
63;121;-7.77129
63;122;6.71334
64;121;-7.44448
64;122;9.1187
65;121;8.76083
65;122;-0.00380516
66;121;4.71809
66;122;-3.6207
67;121;-8.24381
67;122;-6.55766
68;121;1.05711
68;122;6.5881
69;121;8.32951
69;122;7.06334
70;121;-0.678176
70;122;1.03266
71;121;-8.02234
71;122;-1.15444
72;121;-4.02603
72;122;2.9644
73;121;-8.02483
73;122;3.50573
74;121;-6.05677
74;122;2.75187
75;121;-8.69419
75;122;-8.10425
76;121;-7.79996
76;122;3.79441
77;121;-6.7647
77;122;-8.85578
78;121;0.436688
78;122;1.26368
79;121;1.17317
79;122;-7.87925
80;121;0.777704
80;122;2.99817
81;121;-6.41617
81;122;4.5113
82;121;9.9532
82;122;-0.0144482
83;121;2.34344
83;122;2.69044
84;121;-8.08145
84;122;0.67295
85;121;-9.24336
85;122;7.94583
86;121;-4.97538
86;122;-1.71559
87;121;1.50412
87;122;-7.2561
88;121;2.92772
88;122;3.40187
89;121;-9.85893
89;122;9.35137
90;121;5.09487
90;122;-6.52275
91;121;-6.72385
91;122;-9.6436
92;121;0.717087
92;122;-2.99585
93;121;1.2962
93;122;8.24981
94;121;5.04242
94;122;-2.47613
95;121;-7.57491
95;122;4.79119
96;121;-5.65364
96;122;0.256965
97;121;-6.13565
97;122;-3.85995
98;121;-0.969144
98;122;-6.11088
99;121;5.69051
99;122;-2.46104
100;121;-7.11186
100;122;-7.37512
101;121;7.73984
101;122;0.371914
102;121;3.59577
102;122;1.96021
103;121;4.66922
103;122;-3.31054
104;121;6.99802
104;122;-2.63307
105;121;1.59124
105;122;-0.778425
106;121;9.56222
106;122;-9.05002
107;121;-2.50473
107;122;9.67445
108;121;-0.182171
108;122;-1.37185
109;121;7.6147
109;122;-3.89606
110;121;0.19854
110;122;6.86716
111;121;1.9755
111;122;-8.59124
112;121;9.41711
112;122;4.50708
113;121;6.25058
113;122;-1.31899
114;121;4.14112
114;122;-3.9053
115;121;-0.808821
115;122;-1.46582
116;121;7.18451
116;122;1.88586
117;121;1.7382
117;122;3.89862
118;121;9.9098
118;122;-4.60609
119;121;6.42721
119;122;1.21744
120;121;-1.83172
120;122;5.76555
89;127;-6.17607
127;121;-9.11661
68;56;1.17198
103;87;-3.22856
54;51;-3.65091
76;43;5.90599
