
---- Results of cofig: ----
  keep=0.489
  threshold=3.148
  interSpeciesRate=0.001
  noCrossoverOff=0.233
  probabilityWeightMutated=0.728
  probabilityAddNodeSmall=0.031
  probabilityAddLink_small=0.048
  probabilityAddNodeLarge=0.274
  probabilityAddLink_Large=0.142
  largeSize=20
  c1=0.7
  c2=0.637
  c3=0.409
  numberGenomes=50
  numberInputs=120
  numberOutputs=2
  evolutions=50
  n_max=300
  learningRate=5
  inputWeights=110,150
  weightsRange=-10,10
  process_max=25
  function=
  folder=results/trial-17

--Results of run:0 --
Best Genome 
Genome id: 1156
Genome fitness: 0.96
   IN  OUT    Weight  Innov
    1  122   4.49868      2
    2  121  -6.11419      3
    2  122   -5.7696      4
    3  121   2.29937      5
    3  122  -2.85147      6
    4  121   9.53596      7
    4  122  -6.53585      8
    5  121   7.50523      9
    5  122   2.54493     10
    6  121   5.41194     11
    6  122   8.20917     12
    7  121   9.91538     13
    7  122   2.18569     14
    8  121   0.14178     15
    8  122   -8.0474     16
    9  121    6.7837     17
    9  122   8.85792     18
   10  121 -0.123251     19
   10  122  -5.45383     20
   11  121   9.73962     21
   11  122  -8.64608     22
   12  121   3.02205     23
   12  122  -5.90962     24
   13  121  -8.31726     25
   13  122   6.17982     26
   14  121   5.80956     27
   14  122   -4.6367     28
   15  121    13.304     29
   15  122  -2.38322     30
   16  121  0.491117     31
   16  122  -5.18634     32
   17  121   -5.3821     33
   17  122   7.83999     34
   18  121  -9.97205     35
   18  122  -4.63422     36
   19  121   1.17339     37
   19  122  -2.41721     38
   20  121  -1.17007     39
   20  122   4.76311     40
   21  121  -4.26072     41
   21  122   1.18989     42
   22  121   8.28042     43
   22  122   7.37552     44
   23  121   9.15839     45
   23  122   5.89213     46
   24  121  -3.20121     47
   24  122   4.49121     48
   25  121  -7.03231     49
   25  122   9.91241     50
   26  121   9.52656     51
   26  122 -0.180037     52
   27  121   9.22028     53
   27  122  -7.99374     54
   28  121   4.82183     55
   28  122  0.633603     56
   29  121  -9.36908     57
   29  122  -2.15299     58
   30  121   2.00123     59
   30  122  0.574107     60
   31  121 -0.592022     61
   31  122-0.0343056     62
   32  121   7.04079     63
   32  122  -5.61019     64
   33  121   3.06559     65
   33  122   1.34722     66
   34  121   4.64326     67
   34  122    9.6753     68
   35  121   8.61715     69
   35  122   2.84645     70
   36  121   13.4096     71
   36  122  -9.24852     72
   37  121   9.61912     73
   37  122  -6.08128     74
   38  121   8.93653     75
   38  122  -0.41285     76
   39  121  0.392794     77
   39  122  -3.76354     78
   40  121   8.46111     79
   40  122   5.83197     80
   41  121  -8.27897     81
   41  122   6.92483     82
   42  121  -5.03637     83
   42  122 -0.089406     84
   43  121   3.67889     85
   43  122   2.56381     86
   44  121   7.75929     87
   44  122  -9.84754     88
   45  121  -3.29715     89
   45  122  -3.94799     90
   46  121   9.60863     91
   46  122  0.676147     92
   47  121  -7.81042     93
   47  122  -5.32564     94
   48  121   4.99379     95
   48  122   6.60662     96
   49  122  0.113193     98
   50  121   5.14457     99
   50  122-0.0571613    100
   51  121  -7.17864    101
   51  122  -2.82469    102
   52  121  -8.13183    103
   52  122   6.93284    104
   53  121  -5.74027    105
   53  122   6.05424    106
   54  121  0.997887    107
   54  122  -6.75776    108
   55  121   4.37192    109
   55  122   1.63336    110
   56  121    8.6552    111
   56  122   2.56981    112
   57  121     6.962    113
   57  122 -0.392235    114
   58  121   6.94277    115
   58  122   -3.0348    116
   59  121   4.14898    117
   59  122   6.86816    118
   60  121   9.31003    119
   60  122  -9.14817    120
   61  121  -5.55507    121
   61  122  -9.35279    122
   62  121  -5.79388    123
   62  122   10.6706    124
   63  121  -7.77129    125
   63  122   6.71334    126
   64  121  -7.44448    127
   64  122    9.1187    128
   65  121   8.76083    129
   65  122-0.00380516    130
   66  121   4.71809    131
   66  122   -3.6207    132
   67  121  -8.24381    133
   67  122  -6.55766    134
   68  121   1.05711    135
   68  122    6.5881    136
   69  121   8.32951    137
   69  122   7.06334    138
   70  121 -0.678176    139
   70  122   1.03266    140
   71  121  -8.02234    141
   71  122  -1.15444    142
   72  121  -4.02603    143
   72  122    2.9644    144
   73  121  -8.02483    145
   73  122   3.50573    146
   74  121  -6.05677    147
   74  122   2.75187    148
   75  121  -8.69419    149
   75  122  -8.10425    150
   76  121  -7.79996    151
   76  122   3.79441    152
   77  121   -6.7647    153
   77  122  -8.85578    154
   78  121  0.436688    155
   78  122   1.26368    156
   79  121   1.17317    157
   79  122  -7.87925    158
   80  121  0.777704    159
   80  122   2.99817    160
   81  121  -6.41617    161
   81  122    4.5113    162
   82  121    9.9532    163
   82  122-0.0144482    164
   83  121   2.34344    165
   83  122   2.69044    166
   84  121  -8.08145    167
   84  122   0.67295    168
   85  121  -9.24336    169
   85  122   7.94583    170
   86  121  -4.97538    171
   86  122  -1.71559    172
   87  121   1.50412    173
   87  122   -7.2561    174
   88  121   2.92772    175
   88  122   3.40187    176
   89  121  -9.85893    177
   89  122   9.35137    178
   90  121   5.09487    179
   90  122  -6.52275    180
   91  121  -6.72385    181
   91  122   -9.6436    182
   92  121  0.717087    183
   92  122  -2.99585    184
   93  121    1.2962    185
   93  122   8.24981    186
   94  121   5.04242    187
   94  122  -2.47613    188
   95  121  -7.57491    189
   95  122   4.79119    190
   96  121  -5.65364    191
   96  122  0.256965    192
   97  121  -6.13565    193
   97  122  -3.85995    194
   98  121 -0.969144    195
   98  122  -6.11088    196
   99  121   5.69051    197
   99  122  -2.46104    198
  100  121  -7.11186    199
  100  122  -7.37512    200
  101  121   7.73984    201
  101  122  0.371914    202
  102  121   3.59577    203
  102  122   1.96021    204
  103  121   4.66922    205
  103  122  -3.31054    206
  104  121   6.99802    207
  104  122  -2.63307    208
  105  121   1.59124    209
  105  122 -0.778425    210
  106  121   9.56222    211
  106  122  -9.05002    212
  107  121  -2.50473    213
  107  122   9.67445    214
  108  121 -0.182171    215
  108  122  -1.37185    216
  109  121    7.6147    217
  109  122  -3.89606    218
  110  121   0.19854    219
  110  122   6.86716    220
  111  121    1.9755    221
  111  122  -8.59124    222
  112  121   9.41711    223
  112  122   4.50708    224
  113  121   6.25058    225
  113  122  -1.31899    226
  114  121   4.14112    227
  114  122   -3.9053    228
  115  121 -0.808821    229
  115  122  -1.46582    230
  116  121   7.18451    231
  116  122   1.88586    232
  117  121    1.7382    233
  117  122   3.89862    234
  118  121    9.9098    235
  118  122  -4.60609    236
  119  121   6.42721    237
  119  122   1.21744    238
  120  121  -1.83172    239
  120  122   5.76555    240
   89  127  -6.17607    261
  127  121  -9.11661    262
   68   56   1.17198    263
  103   87  -3.22856    296
   54   51  -3.65091    327
   76   43   5.90599    345

Summerized results: 
run: 0 bestFitness: 0
Max fitness: 0
Percentage: 100% (1 of 1)
--------------------------------------------------------------
