1;121;7.89422
1;122;0.685886
2;121;4.32882
2;122;-6.98931
3;121;-5.27335
3;122;2.14853
4;121;9.88993
4;122;-6.44176
5;121;-8.99105
5;122;0.971595
6;121;3.82735
6;122;-0.732437
7;121;1.64807
7;122;2.11105
8;121;2.43388
8;122;-8.0474
9;121;-9.12045
9;122;6.61734
10;121;-8.00893
10;122;3.28669
11;121;7.0412
11;122;4.10345
12;121;-1.08327
12;122;4.36497
13;121;-8.31726
13;122;3.63252
14;121;8.34075
14;122;-4.35409
15;121;5.65262
15;122;1.85587
16;121;-8.06791
16;122;1.66202
17;121;0.721108
17;122;2.83194
18;121;-0.61806
18;122;-0.271645
19;121;7.55985
19;122;3.19435
20;121;-4.94062
20;122;2.18234
21;121;1.90969
21;122;1.18989
22;121;-5.22534
22;122;-4.34533
23;121;-8.51885
23;122;-8.017
24;121;6.90511
24;122;1.87733
25;121;2.50947
25;122;7.86636
26;121;3.60359
26;122;-0.180037
27;121;-1.35236
27;122;-6.65444
28;121;3.02564
28;122;-9.40508
29;121;-3.81887
29;122;3.4485
30;121;6.75491
30;122;0.574107
31;121;4.63877
31;122;-0.0343056
32;121;6.6745
32;122;9.31765
33;121;-0.235503
33;122;1.34722
34;121;6.29589
34;122;-2.65731
35;121;9.65153
35;122;-7.8243
36;121;8.9748
36;122;0.54528
37;121;-4.89826
37;122;-2.98863
38;121;8.6292
38;122;4.58715
39;121;5.85378
39;122;-3.76354
40;121;0.767392
40;122;3.5531
41;121;-8.27897
41;122;-1.22477
42;121;-6.09555
42;122;-9.05868
43;121;-3.86195
43;122;7.05137
44;121;7.75929
44;122;4.30981
45;121;-3.20844
45;122;-4.92875
46;121;-2.97712
46;122;9.14853
47;121;-4.21103
47;122;-0.936326
48;121;-12.7734
48;122;-3.91849
49;121;-4.33042
49;122;5.15837
50;121;9.2883
50;122;-1.10636
51;121;-1.07571
51;122;1.84163
52;121;-4.58626
52;122;-8.58926
53;121;-9.66125
53;122;6.75231
54;121;5.90067
54;122;0.0113602
55;121;9.67946
55;122;1.89559
56;121;-4.15667
56;122;-7.89337
57;121;5.51331
57;122;-1.9478
58;121;0.53151
58;122;-8.34865
59;121;-1.45336
59;122;6.86816
60;121;-7.28911
60;122;6.78381
61;121;-1.00276
61;122;4.34453
62;121;6.31983
62;122;-4.34102
63;121;-0.289121
63;122;8.70629
64;121;-2.93297
64;122;5.84329
65;121;-4.15918
66;121;4.71809
66;122;-3.29825
67;121;-8.24381
67;122;0.00674248
68;121;0.0889225
68;122;3.35119
69;121;-5.20258
69;122;-1.70253
70;121;4.70114
70;122;3.21931
71;121;-3.22143
71;122;8.35634
72;121;-2.02578
72;122;-6.54729
73;121;8.36589
73;122;-0.479393
74;121;-6.95819
74;122;-4.54776
75;121;-1.5325
75;122;-8.10425
76;121;2.14773
76;122;-1.6625
77;121;6.0085
77;122;-7.34955
78;121;0.436688
78;122;0.738157
79;121;3.45081
79;122;-7.87925
80;121;-2.89303
80;122;5.81847
81;121;-0.345913
81;122;-1.26581
82;121;-7.47978
82;122;-0.0144482
83;121;2.34344
83;122;-7.21222
84;121;-8.08145
84;122;-8.09601
85;121;-3.95104
85;122;7.65857
86;121;-5.59657
86;122;6.63432
87;121;9.81645
87;122;-7.54307
88;121;5.40813
88;122;1.03495
89;121;-7.93905
89;122;-4.02517
90;121;6.62672
90;122;-4.34331
91;121;-5.08061
91;122;5.76
92;121;-4.22087
92;122;0.984469
93;121;0.521223
93;122;7.09407
94;121;13.1019
94;122;-2.80432
95;121;7.9077
95;122;-8.99119
96;121;9.81418
96;122;-3.99108
97;121;-7.46842
97;122;1.14005
98;121;-0.736098
98;122;6.01415
99;121;5.69051
99;122;-6.41723
100;121;-1.82426
100;122;-9.92021
101;121;-8.75867
101;122;-2.70843
102;121;-7.95131
102;122;-2.25455
103;121;5.43156
103;122;-4.38359
104;121;2.59485
104;122;5.55261
105;121;-1.63308
105;122;7.22194
106;121;5.32698
106;122;2.15925
107;121;-3.36127
107;122;-1.15916
108;121;-0.182171
108;122;5.65441
109;121;8.95947
109;122;1.10394
110;121;-4.80146
110;122;6.86716
111;121;9.64077
111;122;2.2923
112;121;-5.57105
112;122;-6.49488
113;121;0.793871
113;122;-4.03314
114;121;-0.00231934
114;122;-4.64777
115;121;-6.79042
115;122;-7.79634
116;121;7.10121
116;122;5.07104
117;121;11.7382
117;122;-0.111414
118;121;8.62259
118;122;-1.07892
119;121;8.19501
119;122;-0.113657
120;121;-1.83172
120;122;14.7941
110;42;8.96681
9;132;-2.65366
132;121;-9.12045
116;51;7.34036
122;67;-3.67422
