1;121;78.9422
1;122;10.283
2;121;-6.59447
2;122;-11.4907
3;121;-83.4164
3;122;-85.9498
4;121;-82.4722
4;122;-42.5616
5;121;26.6063
5;122;-9.97044
6;121;48.5245
6;122;-7.32436
7;121;-73.7471
7;122;-98.106
8;121;67.8082
8;122;-43.6061
9;121;-64.1563
9;122;-95.0739
10;121;-95.8014
10;122;-73.8862
11;121;86.1333
11;122;39.595
12;121;-10.8327
12;122;12.8349
13;121;-55.0974
13;122;24.0117
14;121;87.558
14;122;21.9457
15;121;-83.8405
15;122;0.40522
16;121;34.4257
16;122;87.5487
17;121;-89.3118
17;122;67.6293
18;121;-77.1088
18;122;-82.8902
19;121;-88.4812
19;122;33.5345
20;121;-23.3832
20;122;46.9616
21;121;-1.92487
21;122;13.1235
22;121;-16.2764
22;122;-29.2163
23;121;-87.0239
23;122;-36.5922
24;121;-92.8137
24;122;-49.3448
25;121;-20.832
25;122;29.8761
26;121;13.5915
26;122;-80.6081
27;121;-10.3922
27;122;-30.9206
28;121;-33.172
28;122;-59.0557
29;121;49.2149
29;122;-33.0187
30;121;62.89
30;122;-59.8752
31;121;54.7913
31;122;1.35528
32;121;-58.7906
32;122;93.1765
33;121;-19.1827
33;122;53.0696
34;121;-54.4515
34;122;-71.4926
35;121;-79.7049
35;122;-7.86369
36;121;75.4691
36;122;1.9407
37;121;6.17953
37;122;-91.909
38;121;-28.0181
38;122;-10.065
39;121;-19.5794
39;122;29.6809
40;121;0.141312
40;122;35.531
41;121;-82.7897
41;122;89.925
42;121;-30.5577
42;122;52.0283
43;121;-66.2342
43;122;65.541
44;121;-49.9895
44;122;64.9935
45;121;-33.1065
45;122;5.03709
46;121;51.0611
46;122;16.197
47;121;-46.502
47;122;85.8469
48;121;-19.2165
48;122;-1.7481
49;121;74.7133
49;122;31.0532
50;121;2.71394
50;122;95.0083
51;121;-41.4989
51;122;-21.817
52;121;-47.4817
52;122;24.8987
53;121;-67.7763
53;122;9.23126
54;121;-85.1663
54;122;44.1303
55;121;-27.851
55;122;39.0734
56;121;-41.8663
56;122;92.6925
57;121;-18.9077
57;122;-26.4632
58;121;71.1649
58;122;31.7813
59;121;77.3631
59;122;-35.0299
60;121;-41.5087
60;122;48.1708
61;121;-10.0276
61;122;-25.0017
62;121;-75.9037
62;122;-31.9496
63;121;-96.0276
63;122;-23.4222
64;121;16.4804
64;122;86.6424
65;121;-92.369
65;122;-96.2024
66;121;-20.1875
66;122;-32.9825
67;121;43.7186
67;122;-61.295
68;121;32.6197
68;122;-79.5487
69;121;-78.1431
69;122;95.3031
70;121;-39.7614
70;122;-47.5564
71;121;34.4416
71;122;72.393
72;121;-40.2603
72;122;-59.7489
73;121;6.61669
73;122;-75.5897
74;121;-50.5677
74;122;-53.5874
75;121;-20.6196
75;122;88.7698
76;121;71.4636
76;122;-2.9999
77;121;-36.232
77;122;77.2579
78;121;15.2286
78;122;-18.3813
79;121;-56.1642
79;122;0.520378
80;121;11.637
80;122;-36.3346
81;121;85.9808
81;122;83.96
82;121;-59.2597
82;122;-25.5503
83;121;8.80128
83;122;-68.5314
84;121;-85.9772
84;122;-73.1777
85;121;37.2089
85;122;-37.9553
86;121;-67.9699
86;122;69.2802
87;121;-65.5623
87;122;-62.9143
88;121;36.8428
88;122;-19.6326
89;121;45.3149
89;122;32.5123
90;121;-0.940689
90;122;-1.7663
91;121;-8.49025
91;122;-51.8113
92;121;-52.2087
92;122;85.0501
93;121;-74.3323
93;122;46.7101
94;121;-33.3312
94;122;-87.1317
95;121;52.3699
95;122;-11.1238
96;121;78.0494
96;122;92.7218
97;121;-97.3938
97;122;11.4005
98;121;-42.8709
98;122;68.6613
99;121;32.2288
99;122;-24.6104
100;121;48.2478
100;122;-84.9612
101;121;-25.091
101;122;80.2779
102;121;35.9577
102;122;19.6021
103;121;54.3156
103;122;21.1618
104;121;83.4641
104;122;9.64271
105;121;68.0819
105;122;55.8998
106;121;56.1974
106;122;-58.6974
107;121;81.0692
107;122;-19.7455
108;121;96.9908
108;122;98.9644
109;121;64.8456
109;122;-35.1111
110;121;59.6232
110;122;-25.8049
111;121;67.5264
111;122;83.7258
112;121;-33.0831
112;122;74.5857
113;122;18.5161
114;121;5.21239
114;122;-46.4777
115;121;-0.121056
115;122;-87.9634
116;121;-76.4835
116;122;41.1078
117;121;-32.6804
117;122;38.0062
118;121;-35.4454
118;122;29.7851
119;121;70.9636
119;122;-1.13657
120;121;-64.3855
120;122;-5.57039
113;132;-8.87021
132;121;-55.7862
