1;121;10.9522
1;122;40.7338
2;121;7.94119
2;122;86.8181
3;121;85.3103
3;122;-85.9498
4;121;30.1031
4;122;-64.4176
5;121;75.0523
5;122;84.5752
6;121;-67.9324
6;122;-26.9265
7;121;-27.162
7;122;61.6808
8;121;-25.5865
8;122;4.27716
9;121;67.837
9;122;-2.0472
10;121;-84.3146
10;122;32.8669
11;121;70.412
11;122;-93.9105
12;121;-36.2943
12;122;30.5027
13;121;62.3159
13;122;36.3252
14;121;83.4075
14;122;64.0631
15;121;95.1359
15;122;-73.8322
16;121;-75.6589
16;122;16.6202
17;121;-73.8571
17;122;-23.6162
18;121;-49.2333
18;122;96.1482
19;121;-30.8494
19;122;3.74805
20;121;9.37692
20;122;37.7328
21;121;-68.6676
21;122;41.4445
22;121;-27.1118
22;122;-92.0671
23;121;56.0375
23;122;-7.87364
24;121;-99.1249
24;122;87.5429
25;121;-64.3453
25;122;78.6636
26;121;43.287
26;122;-70.2167
27;121;89.1218
27;122;-86.3779
28;121;-80.1692
28;122;-93.5924
29;121;-93.6908
29;122;-55.1673
30;121;40.7343
30;122;-96.7444
31;121;-82.2098
31;122;-45.2144
32;121;66.745
32;122;65.4795
33;121;78.2274
33;122;88.2408
34;121;-17.7268
34;122;-8.21428
35;121;29.0906
35;122;97.0264
36;121;57.4695
36;122;1.9407
37;121;85.8937
37;122;-93.1117
38;121;-41.1595
38;122;-75.1793
39;121;3.92793
39;122;64.2471
40;121;7.67392
40;122;58.3197
41;121;59.2692
41;122;77.206
42;121;-50.3637
42;122;-5.71712
43;121;-71.5745
43;122;56.2293
44;121;-23.3987
44;122;-9.76325
45;121;33.0674
45;122;-1.57173
46;121;85.0631
46;122;18.9437
47;121;29.4118
47;122;-14.8568
48;121;-15.2454
48;122;9.28016
49;121;12.1663
49;122;70.9096
50;121;92.883
50;122;50.5776
51;121;-71.7864
51;122;-2.69494
52;121;75.9183
52;122;69.3284
53;121;-96.6125
53;122;39.2903
54;121;74.8146
54;122;77.8958
55;121;10.3362
55;122;-59.9234
56;121;4.18034
56;122;48.0009
57;121;-2.00571
57;122;-54.2712
58;121;-78.7042
58;122;-70.793
59;121;22.4312
59;122;-9.11871
60;121;-56.2945
60;122;8.82831
61;121;94.3314
61;122;-77.6699
62;121;76.9351
62;122;50.955
63;121;-22.5367
63;122;-50.7569
64;121;-56.9532
64;122;98.4963
65;121;17.7692
65;122;-0.0380402
66;121;59.6397
66;122;-98.2854
67;121;-82.4381
67;122;78.0172
68;121;82.5958
68;122;-39.8408
69;121;83.2951
69;122;-24.5541
70;121;-39.7614
70;122;32.1931
71;121;-4.8264
71;122;64.4189
72;121;9.42372
72;122;-77.0812
73;121;-80.2483
73;122;-4.32328
74;121;18.8291
74;122;-38.4821
75;121;24.9183
75;122;-90.9924
76;121;56.3413
76;122;-79.9312
77;121;23.5827
77;122;-34.2854
78;121;-70.9244
78;122;64.0574
79;121;11.7317
79;122;-78.7925
80;121;-1.43144
80;122;88.4415
81;121;41.4644
81;122;44.392
82;121;-74.7978
82;122;-0.14447
83;121;34.8258
83;122;-93.5301
84;121;72.6347
84;122;56.6827
85;121;-18.1617
85;122;45.9034
86;121;-78.7218
86;122;2.74001
87;121;-34.0211
87;122;-62.9143
88;121;-44.8095
88;122;4.936
89;121;-91.1661
89;122;86.6443
90;121;31.4528
90;122;54.2723
91;121;-42.7168
91;122;69.3954
92;121;-33.7934
92;122;-35.3489
93;121;88.0537
93;122;82.4981
94;121;50.4242
94;122;-58.1324
95;121;92.1483
95;122;-36.3405
96;121;-69.8585
96;122;33.6127
97;121;-61.3565
97;122;-39.3901
98;121;-7.36098
98;122;-37.2824
99;121;-74.0525
99;122;95.6012
100;121;18.4302
100;122;-73.7512
101;121;19.3624
101;122;-28.7057
102;121;-79.5131
102;122;-97.4073
103;121;54.3156
103;122;-66.9358
104;121;-78.7293
104;122;-42.5908
105;121;-94.0566
105;122;82.0038
106;121;56.1974
106;122;-76.7612
107;121;-11.472
107;122;-86.0112
108;121;-58.4591
108;122;-13.7185
109;121;89.5947
109;122;11.0394
110;121;89.3055
110;122;-93.3704
111;121;-33.8598
111;122;-4.55099
112;121;-2.5751
112;122;74.5857
113;121;62.5058
113;122;-13.1899
114;121;-0.0231934
114;122;81.1882
115;121;-0.121056
115;122;79.5262
116;121;71.0121
116;122;50.7104
117;121;-72.2633
117;122;13.4319
118;121;-90.4907
118;122;-46.0609
119;121;44.105
119;122;-99.3644
120;121;-38.7981
120;122;0.622803
