
---- Results of cofig: ----
  keep=0.498
  threshold=2.067
  interSpeciesRate=0.001
  noCrossoverOff=0.211
  probabilityWeightMutated=0.88
  probabilityAddNodeSmall=0.034
  probabilityAddLink_small=0.032
  probabilityAddNodeLarge=0.246
  probabilityAddLink_Large=0.13
  largeSize=20
  c1=1.218
  c2=1.139
  c3=0.382
  numberGenomes=50
  numberInputs=120
  numberOutputs=2
  evolutions=50
  n_max=300
  learningRate=10
  inputWeights=110,150
  weightsRange=-100,100
  process_max=25
  function=
  folder=results/trial-21

--Results of run:0 --
Best Genome 
Genome id: 674
Genome fitness: 0.86
   IN  OUT    Weight  Innov
    1  121   8.88373      1
    1  122   6.85886      2
    2  121    61.819      3
    2  122  -73.1437      4
    3  121   79.7756      5
    3  122   5.65234      6
    4  121  -82.4722      7
    4  122   97.6436      8
    5  121  -44.4451      9
    5  122   25.4493     10
    6  121   -82.021     11
    6  122  -87.5836     12
    7  121   64.0506     13
    7  122   2.68018     14
    8  121   26.0849     15
    8  122  -81.7356     16
    9  121   26.2349     17
    9  122   -2.0472     18
   10  121  -30.6308     19
   10  122   55.7441     20
   11  121   35.8546     21
   11  122  -51.4226     22
   12  121   66.5518     23
   12  122  -81.1896     24
   13  121   67.6651     25
   13  122   25.7224     26
   14  121   55.5139     27
   14  122  -78.2382     28
   15  121   99.7849     29
   15  122   39.3201     30
   16  121   60.3222     31
   16  122   54.3776     32
   17  121   -7.3337     33
   17  122   27.8884     34
   18  121   96.6817     35
   18  122  -29.9916     36
   19  121   34.7296     37
   19  122  -35.2297     38
   20  121  -6.08006     39
   20  122  -55.7971     40
   21  121  -42.6072     41
   21  122   66.6644     42
   22  121   43.4183     43
   22  122  -43.4533     44
   23  121   24.4807     45
   23  122   58.9213     46
   24  121   33.9743     47
   24  122   75.4205     48
   25  121  -70.3231     49
   25  122   34.7671     50
   26  121  -67.7035     51
   26  122  -42.1262     52
   27  121  -13.5236     53
   27  122   69.7479     54
   28  121   63.6331     55
   28  122  -30.2214     56
   29  121  -87.1657     57
   29  122  -95.9954     58
   30  121   40.7343     59
   30  122   89.3497     60
   31  121  -82.2098     61
   31  122   94.1268     62
   32  121   43.7273     63
   32  122   -43.144     64
   33  121   30.6559     65
   33  122    40.409     66
   34  121  -24.9586     67
   34  122   99.8066     68
   35  121  -27.6475     69
   35  122  -72.1025     70
   36  121  -55.9905     71
   36  122   29.7453     72
   37  121   39.7964     73
   37  122  -73.1863     74
   38  121    86.292     75
   38  122  -76.5773     76
   39  121  -43.1413     77
   39  122   47.7069     78
   40  121   68.3069     79
   40  122   88.2147     80
   41  121  -92.1935     81
   41  122  -66.8052     82
   42  121   13.3949     83
   42  122  -5.71712     84
   43  121   49.0017     85
   43  122  -23.2975     86
   44  121   48.4243     87
   44  122   64.9935     88
   45  121   -29.928     89
   45  122  -10.8414     90
   46  121   91.2937     91
   46  122   91.4853     92
   47  121   43.9443     93
   47  122   -23.825     94
   48  121   -63.068     95
   48  122  -56.0311     96
   49  121  -66.2172     97
   49  122   70.9096     98
   50  121  -25.5932     99
   50  122  -11.0636    100
   51  121   98.8071    101
   51  122   69.4583    102
   52  121   90.0505    103
   52  122   38.6035    104
   53  121   -70.468    105
   53  122   9.23126    106
   54  121   60.6453    107
   54  122   78.0937    108
   55  121   23.9193    109
   55  122  -28.8972    110
   56  121  0.188225    111
   56  122  -21.9462    112
   57  121   65.6096    113
   57  122  -54.2712    114
   58  121   69.4277    115
   58  122   2.39846    116
   59  121   22.4312    117
   59  122   17.8521    118
   60  121   73.3188    119
   60  122   56.0814    120
   61  121  -92.9893    121
   61  122  -74.7849    122
   62  121   85.8024    123
   62  122  -31.9496    124
   63  121   96.9503    125
   63  122  -12.5014    126
   64  121   6.22218    127
   64  122   16.1314    128
   65  121  -41.5918    129
   65  122-0.0380402    130
   66  121   59.6397    131
   66  122  -53.5477    132
   67  121   16.8977    133
   67  122   78.3214    134
   68  121   95.8188    135
   68  122   63.6082    136
   69  121   -74.905    137
   69  122   95.3031    138
   70  121  -90.8109    139
   70  122   63.1158    140
   71  121   -85.094    141
   71  122   19.3773    142
   72  121   25.7783    143
   72  122   34.8116    144
   73  121   22.9604    145
   73  122  -4.79393    146
   74  121  -62.7899    147
   74  122   27.5187    148
   75  121   60.2048    149
   75  122  -17.2934    150
   76  121  -94.8775    151
   76  122   13.4116    152
   77  121   87.9011    153
   77  122  -1.04455    154
   78  121   4.04202    155
   78  122  -29.7503    156
   79  121  -86.0187    157
   79  122   77.2689    158
   80  121   28.2581    159
   80  122   -98.404    160
   81  121    1.5434    161
   81  122    45.113    162
   82  121  -41.1887    163
   82  122  -0.14447    164
   83  121   23.4344    165
   83  122  -45.3699    166
   84  121  -21.4727    167
   84  122  -94.6841    168
   85  121   36.8164    169
   85  122   45.9034    170
   86  121    57.363    171
   86  122   94.4656    172
   87  121   5.26205    173
   87  122  -62.9143    174
   88  121   18.7784    175
   88  122  -44.5921    176
   89  121  -83.9633    177
   89  122   93.5137    178
   90  121  -62.1319    179
   90  122   91.4055    180
   91  121  -50.8061    181
   91  122  -57.0094    182
   92  121    83.479    183
   92  122   82.4618    184
   93  121  -1.32021    185
   93  122   82.4981    186
   94  121   70.7343    187
   94  122  -24.1831    188
   95  121   -39.141    189
   95  122  -89.9119    190
   96  121   90.2454    191
   96  122   2.60473    192
   97  121  -46.0872    193
   97  122   -55.278    194
   98  121    90.537    195
   98  122   49.5606    196
   99  121   8.36694    197
   99  122  -24.6104    198
  100  121   49.0462    199
  100  122   82.1687    200
  101  121  -85.0322    201
  101  122    42.728    202
  102  121   76.6342    203
  102  122   20.2298    204
  103  121  -86.4825    205
  103  122  -92.4028    206
  104  121  -69.4207    207
  104  122  -95.7833    208
  105  121  -72.3773    209
  105  122  -31.5526    210
  106  121   95.6222    211
  106  122   21.5925    212
  107  121  -12.9496    213
  107  122  -92.9035    214
  108  121   11.7484    215
  108  122  -36.6266    216
  109  121   89.5947    217
  109  122  -53.7144    218
  110  121  -48.0146    219
  110  122   68.6717    220
  111  121  -34.5913    221
  111  122   30.2264    222
  112  121  -55.7105    223
  112  122  -50.6857    224
  113  121  -38.2426    225
  113  122  -65.1735    226
  114  121-0.0231934    227
  114  122    54.629    228
  115  121   3.89086    229
  115  122   -7.3116    230
  116  121   26.7977    231
  116  122   18.8586    232
  117  121  -71.9302    233
  117  122     14.58    234
  118  121  -62.6099    235
  118  122  -46.0609    236
  119  121  -80.6567    237
  119  122  -30.3323    238
  120  121  -41.8442    239
  120  122  -8.25797    240

Summerized results: 
run: 0 bestFitness: 0
Max fitness: 0
Percentage: 100% (1 of 1)
--------------------------------------------------------------
