1;121;-92.6608
1;122;94.9868
2;121;48.7536
2;122;-69.8931
3;121;-54.8509
3;122;21.4853
4;121;-11.1999
4;122;-45.5544
5;121;-97.219
5;122;84.5752
6;121;-92.3237
6;122;-7.32436
7;121;-20.3421
7;122;21.1105
8;121;75.7497
8;122;83.239
9;121;-91.2045
9;122;-90.4824
10;121;-28.8984
10;122;0.922882
11;121;-72.887
11;122;-93.9105
12;121;-30.8998
12;122;82.1107
13;121;52.3159
13;122;98.6205
14;121;58.0956
14;122;-79.1225
15;121;-55.4541
15;122;-33.0823
16;121;-60.0765
16;122;-83.7445
17;121;-32.5497
17;122;-99.5179
18;121;-51.1861
18;122;67.9736
19;121;20.4061
19;122;57.2218
20;121;-41.4966
20;122;-50.3154
21;121;-86.3941
21;122;88.8673
22;121;-85.0104
22;122;58.581
23;121;-38.0323
23;122;-81.5021
24;121;91.6045
24;122;-49.3448
25;121;78.208
25;122;88.9618
26;121;-0.330193
26;122;-82.7888
27;121;95.0513
27;122;-68.7707
28;121;-36.4793
28;122;4.22708
29;121;-94.3833
29;122;34.485
30;121;97.8269
30;122;61.871
31;121;-5.92022
31;122;54.7509
32;121;29.4831
32;122;93.1765
33;121;-52.355
33;122;-0.789749
34;121;62.9589
34;122;79.0249
35;121;86.1715
35;122;107.026
36;121;-65.209
36;122;-29.962
37;121;-55.3254
37;122;-18.1575
38;121;-70.9611
38;122;63.2019
39;121;-39.4802
39;122;-61.4533
40;121;61.9489
40;122;-92.3509
41;121;-1.07874
41;122;-38.3813
42;121;-50.3637
42;122;-90.5868
43;121;65.8402
43;122;98.5824
44;121;53.333
44;122;-89.4046
45;121;-89.6262
45;122;-21.5624
46;121;91.2937
46;122;61.1083
47;121;-88.1042
47;122;69.1266
48;121;22.6384
48;122;-99.8767
49;121;-57.0037
49;122;62.9534
50;121;51.4457
50;122;-0.571609
51;121;34.6539
51;122;-76.0641
52;121;43.3412
52;122;-85.8926
53;121;-63.9828
53;122;-28.2105
54;121;40.6234
54;122;-90.2937
55;121;43.7192
55;122;-35.3201
56;121;0.188225
56;122;22.0087
57;121;53.5034
57;122;-3.92234
58;121;26.9597
58;122;2.39846
59;121;39.7959
59;122;-16.6997
60;121;-72.8911
60;122;67.8381
61;121;-60.0124
61;122;-22.7881
62;121;69.6266
62;122;46.7056
63;121;0.991203
63;122;-7.73502
64;121;-7.93812
64;122;91.187
65;121;-73.967
65;122;-72.0722
66;121;64.7119
66;122;-53.5363
67;121;-39.2726
67;122;-65.5766
68;121;-7.74234
68;122;64.5891
69;121;29.1013
69;122;48.8298
70;121;-90.8109
70;122;-24.0172
71;121;-32.2143
71;122;27.4679
72;121;-40.2603
72;122;4.31268
73;121;-70.2483
73;122;73.3403
74;121;-0.999084
74;122;15.0406
75;121;24.9183
75;122;37.7152
76;121;71.4636
76;122;-25.8456
77;121;-90.0134
77;122;43.1804
78;121;35.6717
78;122;-37.0254
79;121;68.5136
79;122;-41.2832
80;121;28.2581
80;122;24.4781
81;121;1.5434
81;122;89.6507
82;121;-70.6856
82;122;-0.14447
83;121;-72.8518
83;122;9.54456
84;121;-60.5876
84;122;59.4118
85;121;64.453
85;122;38.6621
86;121;-64.6054
86;122;2.74001
87;121;95.3904
87;122;84.6138
88;121;51.4171
88;122;66.6123
89;121;64.3875
89;122;-39.582
90;121;-0.940689
90;122;-90.1634
91;121;-86.8756
91;122;-61.1617
92;121;-42.2087
92;122;-50.8931
93;121;46.7443
93;122;99.3621
94;121;40.4242
94;122;-24.7613
95;121;-74.071
95;122;-59.6605
96;121;6.66782
96;122;2.60473
97;121;49.5619
97;122;13.5634
98;121;-42.8709
98;122;-37.2824
99;121;-42.4458
99;122;-78.9868
100;121;74.6543
100;122;-67.7294
101;121;34.9745
101;122;55.264
102;121;28.9888
102;122;76.4037
103;121;-32.873
103;122;-19.5941
104;121;-48.6214
104;122;-26.3307
105;121;56.6061
105;122;-84.6011
106;121;29.9414
106;122;-53.8838
107;121;-25.0473
107;122;-7.69135
108;121;96.9908
108;122;-36.6266
109;121;66.022
109;122;47.415
110;121;-76.1578
110;122;68.6717
111;121;-52.3559
111;122;-85.9124
112;121;46.373
112;122;45.0708
113;121;62.5058
113;122;-33.2934
114;121;41.4111
114;122;94.2095
115;121;73.312
115;122;-38.7195
116;121;26.0982
116;122;59.9356
117;121;-72.2633
117;122;-31.9884
118;121;-64.7181
118;122;-65.9264
119;121;-40.5248
119;122;51.8701
120;121;99.4957
120;122;-51.5479
