1;121;-1.56324
1;122;2.74223
2;121;-7.65918
2;122;1.62831
3;121;8.53103
3;122;2.14853
4;121;9.88993
4;122;-4.55544
5;121;3.30989
5;122;8.45752
6;121;8.82735
6;122;3.86014
7;121;2.96579
7;122;8.45158
8;121;6.78082
8;122;-6.72408
9;121;0.403723
9;122;8.85792
10;121;6.85215
10;122;3.28669
11;121;8.61333
11;122;-9.39105
12;121;3.02205
12;122;3.05027
13;121;-3.23061
13;122;2.40117
14;121;13.3408
14;122;-7.03529
15;121;8.30404
15;122;-12.959
16;121;-8.06791
16;122;8.85657
17;121;-5.4019
17;122;-6.81787
18;121;-5.11861
18;122;3.25365
19;121;3.13799
19;122;8.84342
20;121;6.23418
20;122;-4.80435
21;121;6.90969
21;122;9.0186
22;121;2.97228
22;122;7.37552
23;121;-8.51885
23;122;-8.017
24;121;9.16045
24;122;8.75429
25;121;4.1306
25;122;8.89618
26;121;9.52656
26;122;-3.68558
27;121;9.22028
27;122;-6.65444
28;121;4.82183
28;122;0.431653
29;121;-3.81887
29;122;5.13693
30;121;9.78269
30;122;-8.58383
31;121;2.35697
31;122;8.93332
32;121;11.6745
32;122;1.55797
33;121;-5.2355
33;122;1.34722
34;121;-3.81685
34;122;4.27597
35;121;-2.76475
35;122;6.3491
36;121;-6.5209
36;122;0.54528
37;121;-4.89826
37;122;-7.31863
38;121;-13.2799
38;122;0.768447
39;121;-1.95794
39;122;-8.39733
40;121;0.767392
40;122;5.41296
41;121;9.04952
41;122;6.7041
42;121;7.74198
42;122;-5.94429
43;121;4.12127
43;122;7.05137
44;121;-4.77986
44;122;8.33816
45;121;-3.20844
45;122;6.46025
46;121;2.02288
46;122;9.14853
47;121;-4.27822
47;122;-2.3825
48;121;4.99379
48;122;-3.91849
49;121;1.37237
49;122;-6.88128
50;121;6.28192
50;122;4.86846
51;121;-8.74379
51;122;-8.3534
52;121;-4.58626
52;122;-8.58926
53;121;6.09404
53;122;-2.82105
54;121;3.17225
54;122;0.464324
55;121;-3.26616
55;122;-3.33194
56;121;4.52373
56;122;-2.48552
57;121;5.35034
57;122;4.48406
58;121;-0.660613
58;122;4.80455
59;121;-6.45336
59;122;1.45526
60;121;2.28551
60;122;6.78381
61;121;9.87
61;122;-9.35279
62;121;1.31983
62;122;-3.01274
63;121;-4.58807
63;122;-6.62121
64;121;5.31774
64;122;9.1187
65;121;7.73747
65;122;-4.51166
66;121;-8.37277
66;122;-4.27847
67;121;-7.55715
67;122;-6.1295
68;121;2.73724
68;122;-6.5001
69;121;8.32951
69;122;-8.31421
70;121;8.96422
70;122;-1.66964
71;121;7.33845
71;122;7.2393
72;121;6.24128
72;122;2.26797
73;121;0.764376
73;122;3.50573
74;121;0.900091
74;122;1.50406
75;121;-6.03001
75;122;-9.09441
76;121;-12.7639
76;122;-9.87756
77;121;-4.83608
77;122;1.73747
78;121;-8.12425
78;122;1.09778
79;121;5.72652
79;122;-7.87925
80;121;-7.73503
80;122;2.99817
81;121;-11.4162
81;122;8.96507
82;121;9.9532
82;122;5.90263
83;121;11.6055
83;122;1.4547
84;121;6.1629
84;122;-8.30574
85;121;-7.47364
85;122;12.9458
86;121;-5.59657
86;122;-2.04252
87;121;9.81645
87;122;0.461617
88;121;7.022
88;122;3.18233
89;121;-13.1147
89;122;9.35137
90;121;4.22443
90;122;-5.17663
91;121;-8.12441
91;122;7.3456
92;121;-4.28291
92;122;9.13585
93;121;-5.91692
93;122;7.09407
94;121;2.52623
94;122;-5.81324
95;121;9.21483
95;122;2.64428
96;121;-9.47795
96;122;0.256965
97;122;9.27559
98;121;-5.7361
98;122;-2.13645
99;121;-3.75172
99;122;1.18246
100;121;-2.93756
100;122;-13.6502
101;121;-0.871712
101;122;-2.70843
102;121;8.4319
102;122;-3.03979
103;121;7.47208
103;122;7.45682
104;121;7.59485
104;122;-9.57833
105;121;-4.40567
105;122;-0.196466
106;121;5.61974
106;122;-7.67612
107;121;8.10692
107;122;0.124942
108;121;-0.182171
108;122;3.65062
109;121;-8.35755
109;122;-5.26975
110;121;-6.66601
110;122;6.86716
111;121;8.02579
111;122;-8.59124
112;121;9.41711
112;122;-7.86587
113;121;-7.24252
113;122;2.82837
114;121;8.38118
114;122;8.11882
115;121;4.75223
115;122;-7.79634
116;121;4.28466
116;122;6.11203
117;121;-3.26804
117;122;6.33335
118;121;-1.26099
118;122;-1.07892
119;121;9.51503
119;122;-8.03323
120;121;-4.49394
120;122;4.79413
66;74;1.70544
96;58;-10.2331
99;8;-1.74654
