1;121;-8.16152
1;122;0.334333
2;121;-8.74997
2;122;1.35662
3;121;-5.27335
3;122;4.37773
4;121;9.88993
4;122;-6.8746
5;121;6.21342
5;122;-4.02841
6;121;-4.40802
6;122;-3.17291
7;121;9.44689
7;122;7.58019
8;121;3.0661
8;122;-10.3639
9;121;6.7837
9;122;8.85792
10;121;6.85215
10;122;8.30188
11;121;3.58546
11;122;-9.39105
12;121;-0.309711
12;122;-9.09509
13;121;-8.31726
13;122;9.86205
14;121;19.9939
14;122;-6.68829
15;121;4.77919
15;122;1.85587
16;121;-8.98037
16;122;8.85657
17;121;-8.96395
17;122;2.83194
18;121;-0.111862
18;122;-6.89493
19;121;8.78258
19;122;0.374804
20;121;3.82993
20;122;3.77328
21;121;3.14402
21;122;5.96314
22;121;2.97228
22;122;-2.99474
23;121;0.997777
23;122;1.22241
24;121;-4.57059
24;122;8.55412
25;121;3.37303
25;122;3.89618
26;121;9.52656
26;122;-0.180037
27;121;-4.81526
27;122;-6.66091
28;121;1.39944
28;122;7.30171
29;121;-3.81887
29;122;8.4485
30;121;7.00123
30;122;-0.517368
31;121;2.35697
31;122;8.93332
32;121;8.09317
32;122;-9.3144
33;121;-7.88455
33;122;2.61384
34;121;4.01821
34;122;4.32494
35;121;9.65153
35;122;3.76592
36;121;3.44858
36;122;-0.2038
37;121;8.58937
37;122;1.21724
38;121;0.0993681
38;122;-0.457282
39;121;-7.09651
39;122;11.768
40;121;0.767392
40;122;5.83197
41;121;7.5214
41;122;6.92483
42;121;-9.65087
42;122;7.02653
43;121;-9.72962
43;122;2.79596
44;121;8.55662
44;122;8.28542
45;121;-3.20844
45;122;5.55785
46;121;-8.82553
46;122;-3.75722
47;121;4.49117
47;122;-8.15449
48;121;0.222374
48;122;6.60662
49;121;-4.33042
49;122;1.07849
50;121;6.28192
50;122;-4.21606
51;121;-8.74379
51;122;-4.33111
52;121;2.94227
52;122;-3.64205
53;121;-3.07748
53;122;0.315008
54;121;-0.131663
54;122;3.4512
55;121;-5.61728
55;122;4.66706
56;121;-4.15667
56;122;7.70114
57;121;6.962
57;122;-5.42712
58;121;-3.83766
58;122;9.80455
59;121;-1.45336
59;122;-5.91187
60;121;8.85394
60;122;5.33821
61;121;-5.35402
61;122;8.34653
62;121;0.230828
62;122;9.13715
63;121;-2.25367
63;122;8.70629
64;121;-6.49552
64;122;9.84962
65;121;3.50049
65;122;2.02569
66;121;4.71809
66;122;8.33045
67;121;-8.24381
67;122;2.13084
68;121;-8.15498
68;122;3.40847
69;121;-7.20086
69;122;-6.01995
70;121;2.9304
70;122;-6.66964
71;121;-0.48264
71;122;-8.12938
72;121;-9.563
72;122;-4.84123
73;121;3.36589
73;122;-5.14748
74;121;0.900091
74;122;-3.12317
75;121;2.49183
75;122;-9.09924
76;121;-2.76395
76;122;5.41372
77;121;-1.7647
77;122;-5.10445
78;121;-3.62301
78;122;6.47352
79;121;-0.245586
79;122;-8.20658
80;121;-6.46599
80;122;3.5739
81;121;-6.41617
81;122;8.70259
82;121;9.9532
82;122;0.212279
83;121;-7.59259
83;122;2.69044
84;121;-2.14727
84;122;-4.54026
85;121;-8.67165
85;122;7.94583
86;121;6.08002
86;122;0.274001
87;121;4.22038
87;122;-2.62235
88;121;-2.36598
88;122;3.18233
89;121;8.06123
89;122;6.01075
90;121;5.09487
90;122;-6.47522
91;121;-8.12441
91;122;6.93954
92;121;0.717087
92;122;0.110886
93;121;-5.91692
93;122;3.99476
94;121;0.399528
94;122;-8.71317
95;121;9.21483
95;122;7.50649
96;121;-3.89221
96;122;0.256965
97;121;6.77424
97;122;-4.46563
98;121;-5.7361
98;122;-1.11088
99;121;8.75143
99;122;-8.1242
100;121;-4.37286
100;122;-6.18582
101;121;5.76463
101;122;-0.143605
102;121;-7.70673
102;122;-1.05526
103;121;4.66922
103;122;-4.38359
104;121;2.59485
104;122;-0.301791
105;121;-3.40876
105;122;7.22194
106;121;9.02985
106;122;-3.44768
107;121;-0.432456
107;122;1.18551
108;121;8.57771
108;122;-5.07558
109;121;-7.32769
109;122;1.10394
110;121;-7.14991
110;122;7.9093
111;121;8.08374
111;122;-8.59124
112;121;9.41711
112;122;-6.49488
113;121;-0.278104
113;122;-1.31899
114;121;2.77479
114;122;-3.9053
115;121;9.86346
115;122;-7.79817
116;121;0.303695
116;122;-1.00825
117;121;1.48402
117;122;3.89862
118;121;7.93649
118;122;-4.43755
119;121;9.51503
119;122;-4.93644
120;121;-3.03997
120;122;-3.89374
86;98;2.0262
18;120;-9.26298
78;48;-7.1705
94;110;6.07802
120;20;-2.76056
