1;53;-9.0205
1;54;8.12072
1;55;-8.22273
2;53;-5.69574
2;54;11.3507
2;55;2.43849
3;53;4.07339
3;54;-9.16644
3;55;11.4771
4;53;-9.65912
4;54;-6.30364
4;55;-1.93106
5;53;9.78964
5;54;8.16659
5;55;-4.28709
6;53;-3.72824
6;54;1.16608
6;55;-0.411467
7;53;-1.94116
7;54;-4.31382
7;55;2.73984
8;53;-5.74423
8;54;8.14801
8;55;7.04055
9;53;-8.38409
9;54;4.07338
9;55;-6.2171
10;53;2.98442
10;54;4.08238
10;55;-0.196466
11;53;5.32698
11;54;-7.00073
11;55;8.61333
12;53;1.0755
12;54;5.03275
12;55;0.0380726
13;53;8.20535
13;54;-5.07566
13;55;9.34956
14;53;7.01217
14;54;9.64077
14;55;-1.91601
15;53;-8.43146
15;54;5.21072
15;55;6.63591
16;53;1.56334
16;54;-3.65138
16;55;5.21594
17;53;2.3312
17;54;7.91802
17;55;-5.40696
18;53;5.07104
18;54;-4.19519
18;55;-6.45908
19;53;1.85717
19;54;-2.92163
19;55;-4.2723
20;53;-9.24684
20;54;-4.96732
20;55;5.76555
21;53;-5.00946
21;54;-14.6673
21;55;1.35915
22;53;-7.38099
22;54;-1.90288
22;55;4.07335
23;53;1.82953
23;54;0.0462437
23;55;-7.22288
24;53;1.1791
24;54;6.289
24;55;0.241712
25;53;-2.31841
25;54;-3.83251
25;55;4.28264
26;53;-5.48952
26;54;8.93639
26;55;-8.90259
27;53;3.28632
27;54;7.82571
27;55;2.16652
28;53;9.47503
28;54;-8.06796
28;55;2.17196
29;53;9.74384
29;54;1.65895
29;55;8.09317
30;53;4.80078
30;54;-4.17907
30;55;-8.69921
31;53;7.36593
31;54;5.39175
31;55;-0.7038
32;53;-1.48151
32;54;12.2253
32;55;9.01922
33;53;0.479872
33;54;-4.61736
33;55;11.7329
34;53;8.18708
34;54;2.21926
34;55;-6.20868
35;53;5.76295
35;54;-4.34178
35;55;7.48139
36;53;4.28524
36;54;-3.55668
36;55;1.30456
37;53;-7.32726
37;54;6.57442
37;55;-13.5524
38;53;13.6287
38;54;-10.206
38;55;-0.157173
39;53;1.67279
39;54;-1.48234
39;55;4.14122
40;53;-1.53388
40;54;-8.20721
40;55;12.1298
41;53;-9.46435
41;54;-16.977
41;55;-0.107318
42;53;-0.662892
42;54;3.32825
42;55;-9.51417
43;53;2.94227
43;54;-1.8318
43;55;2.59331
44;53;-9.50299
44;54;9.31003
44;55;8.64642
45;53;-8.91674
45;54;0.187167
45;55;5.22761
46;53;-7.86063
46;54;7.18838
46;55;-8.10535
47;53;4.22569
47;54;6.09249
47;55;-14.2369
48;53;3.39667
48;54;-1.6483
48;55;-1.48791
49;53;-8.4467
49;54;4.66676
49;55;4.00755
50;53;-9.20427
50;54;-2.9732
50;55;5.58247
51;53;2.80745
51;54;-7.81779
51;55;-2.45659
52;53;-9.31702
52;54;-4.72637
52;55;-14.8285
1;31;2.74692
5;20;-4.75209
