1;53;-8.68756
1;54;1.39613
1;55;-5.65253
2;53;-14.7651
2;54;5.51331
2;55;-8.36596
3;53;-5.04498
3;54;-3.50252
3;55;-1.3354
4;53;13.9131
4;54;2.82376
4;55;-7.50029
5;53;-6.13565
5;54;8.16659
5;55;-8.02285
6;53;11.701
6;54;-4.27255
6;55;4.34594
7;53;-0.78707
7;54;-2.37512
7;55;6.48427
8;53;-5.14226
8;54;0.666781
8;55;6.09281
9;53;1.7127
9;54;3.59822
9;55;2.03336
10;53;-5.63045
10;54;9.50513
10;55;-1.47412
11;53;9.48997
11;54;-2.48326
11;55;7.50956
12;53;-6.78475
12;54;9.69908
12;55;-4.51426
13;53;4.88112
13;54;4.14636
13;55;6.6745
14;53;-3.13006
14;54;-6.16257
14;55;-2.86112
15;53;-1.99543
15;54;-5.38838
15;55;-2.36476
16;53;3.56703
16;54;-0.47769
16;55;-2.34169
17;53;-7.32169
17;54;7.95262
17;55;-9.61133
18;53;5.07104
18;54;-5.23559
18;55;3.64258
19;53;3.6034
19;54;-4.97041
19;55;-5.34633
20;53;-11.8744
20;54;-4.63833
20;55;-4.32166
21;53;-1.22802
21;54;9.85824
21;55;8.04416
22;53;-7.73057
22;54;-3.6603
22;55;-3.19884
23;53;3.71598
23;54;2.94899
23;55;-2.22288
24;53;-3.72207
24;54;3.0695
24;55;7.25836
25;53;-5.63808
25;54;-0.699839
25;55;13.6162
26;53;-1.73885
26;54;13.531
26;55;4.93565
27;53;3.73133
27;54;-3.79066
27;55;-5.41841
28;53;-8.75981
28;54;-6.79324
28;55;-2.31368
29;53;-5.40032
29;54;8.73507
29;55;-5.42064
30;53;4.80078
30;54;5.35034
30;55;-6.41723
31;53;-6.98303
31;54;-0.535502
31;55;0.32278
32;53;-1.48151
32;54;7.22535
32;55;-0.635031
33;53;-8.23061
33;54;6.96046
33;55;-7.15353
34;53;-0.851599
34;54;-0.227871
34;55;3.00842
35;53;5.76295
35;54;4.1187
35;55;-3.75635
36;53;-3.7288
36;54;-1.08063
36;55;1.95906
37;53;-9.38594
37;54;9.86127
37;55;-6.85334
38;53;6.4589
38;54;-1.05933
38;55;7.05499
39;53;0.923435
39;54;-1.48234
39;55;2.94118
40;53;-4.41645
40;54;-9.28137
40;55;6.62678
41;53;-6.43453
41;54;-1.92295
41;55;9.50761
42;53;3.3143
42;54;-1.95472
42;55;-9.51417
43;53;2.94227
43;54;-1.8024
43;55;-7.00817
44;53;-1.05755
44;54;4.85245
44;55;6.92259
45;53;-10.2951
45;54;-9.20895
45;55;7.60849
46;53;-5.28991
46;54;-8.01091
46;55;-0.0289869
47;53;10.0311
47;54;-2.65731
47;55;-7.59259
48;53;9.00208
48;54;2.53834
48;55;-6.25363
49;53;-9.45432
49;54;8.09077
49;55;2.26403
50;53;-7.51793
50;54;-7.05289
50;55;0.800344
51;53;8.9853
51;54;2.18221
51;55;-8.13039
52;53;-4.31702
52;54;9.04709
52;55;-4.92131
12;20;7.30067
28;72;5.93401
72;53;-8.75981
