1;53;0.377047
1;54;7.80172
1;55;-5.65253
2;53;-5.69574
2;54;12.3564
2;55;7.43849
3;53;-3.6611
3;54;-14.1664
3;55;5.00721
4;53;0.371914
4;54;-9.47795
4;55;4.61482
5;53;7.34643
5;54;1.66643
5;55;0.712908
6;53;-3.72824
6;54;-4.27255
6;55;-0.411467
7;53;3.17574
7;54;2.62614
7;55;7.73984
8;53;-5.74423
8;54;-1.60257
8;55;8.12224
9;53;0.221517
9;54;10.4146
9;55;6.78082
10;53;-5.44933
10;54;5.30302
10;55;-0.422618
11;53;4.89461
11;54;0.633603
11;55;3.68736
12;53;9.67445
12;54;9.69908
12;55;5.03807
13;53;-4.85973
13;54;6.83568
13;55;1.63092
14;53;5.02844
14;54;-3.76479
14;55;-9.01653
15;53;-9.15655
15;54;-1.05862
15;55;5.6344
16;53;-9.57812
16;54;-0.223127
16;55;12.4455
17;53;-8.84813
17;54;10.3115
17;55;-14.2563
18;53;5.07104
18;54;5.11389
18;55;-1.78038
19;54;-3.75418
19;55;-8.70239
20;53;5.18701
20;54;3.69501
20;55;-6.03355
21;53;-2.03421
21;54;4.13762
21;55;9.04059
22;53;-12.381
22;54;-1.30356
22;55;0.859446
23;53;8.36394
23;54;3.44701
23;55;-4.39906
24;53;-7.12144
24;54;3.7385
24;55;8.57206
25;53;-5.63808
25;54;-1.30993
25;55;4.28264
26;53;-5.48952
26;54;5.65262
26;55;-6.81391
27;53;7.5215
27;54;6.26759
27;55;-6.05808
28;53;-0.264318
28;54;7.54691
28;55;3.6847
29;53;9.74384
29;54;4.40407
29;55;-2.39422
30;53;9.80078
30;54;3.5569
30;55;-6.38117
31;53;0.566326
31;54;-7.49125
31;55;6.00259
32;53;-8.27331
32;54;7.45807
32;55;9.01922
33;53;-6.83969
33;54;0.382637
33;55;2.80045
34;53;8.18708
34;54;2.21926
34;55;-7.23734
35;53;-1.81021
35;54;6.81797
35;55;-9.87149
36;53;9.28524
36;54;1.66484
36;55;-4.81996
37;53;5.73952
37;54;5.92502
37;55;-13.5524
38;53;9.31765
38;54;-4.35165
38;55;7.05499
39;53;9.70114
39;54;2.48986
39;55;7.12538
40;53;12.7831
40;54;-3.6231
40;55;7.12984
41;53;-8.02483
41;54;-6.81575
41;55;0.900091
42;53;-0.662892
42;54;0.392794
42;55;-9.51417
43;53;-5.60216
43;54;-1.8024
43;55;-8.27897
44;53;-6.38228
44;54;3.83491
44;55;4.47676
45;53;-8.91674
45;54;-0.18653
45;55;10.2276
46;53;-8.94046
46;54;3.41975
46;55;7.4602
47;53;4.22569
47;54;5.67615
47;55;-7.0802
48;53;-5.50291
48;54;-9.50196
48;55;-8.09601
49;53;-9.39352
49;54;6.12297
49;55;2.26403
50;53;0.274001
50;54;4.7767
50;55;9.94768
51;53;7.03572
51;54;-4.75564
51;55;3.64703
52;53;-3.9582
52;54;-3.41317
52;55;-1.40773
9;35;7.03922
19;73;-4.84378
73;53;-2.77836
