1;53;-14.7125
1;54;9.86205
1;55;5.82522
2;53;-3.87869
2;54;6.35071
2;55;4.86326
3;53;9.07339
3;54;1.66202
3;55;6.14818
4;53;-2.5854
4;54;-9.47795
4;55;-3.99108
5;53;3.86435
5;54;0.268018
5;55;-3.81134
6;53;8.3239
6;54;3.78587
6;55;4.74539
7;53;1.5694
7;54;1.60951
7;55;-2.73615
8;53;5.42055
8;55;6.13386
9;53;8.48036
9;54;5.71954
9;55;6.70696
10;53;-5.25979
10;54;9.50513
10;55;5.80589
11;53;4.89461
11;54;3.37849
11;55;8.61333
12;53;7.86518
12;54;-9.18488
12;55;0.0380726
13;53;-8.69151
13;54;5.80249
13;55;-7.96375
14;53;7.01217
14;54;-8.76479
14;55;2.36013
15;53;-6.51556
15;54;-6.49488
15;55;-0.978582
16;53;2.40713
16;54;5.31291
16;55;5.21594
17;53;2.44428
17;54;7.91802
17;55;2.21418
18;53;9.09408
18;54;-6.61782
18;55;-5.36289
19;53;4.6373
19;54;-3.75418
19;55;5.7277
20;53;3.99206
20;54;8.69501
20;55;-8.73808
21;53;4.1306
21;54;3.07004
21;55;2.43388
22;53;-2.07729
22;54;7.95421
22;55;-8.19884
23;53;8.04694
23;54;0.0462437
23;55;-5.55551
24;53;-8.64608
24;54;-7.75258
24;55;-9.21439
25;53;-9.58249
25;54;-1.30993
25;55;14.0846
26;53;0.628018
26;54;4.98914
26;55;1.91326
27;53;7.5215
27;54;-0.754326
27;55;-6.05808
28;53;1.74609
28;54;1.33863
28;55;-3.3954
29;53;1.52096
29;54;4.40407
29;55;-5.42064
30;53;4.80078
30;54;6.59137
30;55;-12.0519
31;53;0.566326
31;54;-7.49125
31;55;-0.278104
32;53;3.98688
32;54;-1.2088
32;55;9.01922
33;53;-8.69742
33;54;6.96046
33;55;1.7329
34;53;3.65936
34;54;7.08076
34;55;3.70629
35;53;-6.57121
35;54;3.65484
35;55;2.24826
36;53;-1.06702
36;54;0.896688
36;55;-5.35363
37;53;-4.36834
37;54;6.57442
37;55;-5.87906
38;53;6.4589
38;54;-5.2355
38;55;4.84283
39;53;4.68772
39;54;-6.23069
39;55;9.14122
40;53;5.31286
40;54;9.93192
40;55;11.6268
41;53;-6.08494
41;54;-6.97701
41;55;-0.0911188
42;53;0.0896864
42;54;-2.08491
42;55;-9.51417
43;53;0.0141306
43;54;5.56386
43;55;-9.18803
44;53;5.78873
44;54;-2.84412
44;55;0.738157
45;53;-3.86195
45;54;-7.09558
45;55;7.75929
46;53;-8.94046
46;54;2.18838
46;55;2.4213
47;53;7.96943
47;54;5.48729
47;55;-8.68299
48;53;1.35297
48;54;3.82735
48;55;-6.48791
49;53;-9.45432
49;54;6.71394
49;55;-6.58286
50;53;-8.12807
50;54;4.22038
50;55;4.5303
51;53;9.25035
51;54;-6.33362
51;55;0.577842
52;53;-0.974841
52;54;-13.4373
52;55;7.87819
17;57;9.35075
57;53;2.90769
8;91;8.277
91;54;-0.487353
8;13;-4.61252
