1;121;5.55506
1;122;3.10433
2;121;4.00602
2;122;-6.92155
3;121;2.38396
3;122;-8.82486
4;121;9.02534
4;122;-1.09843
5;121;-2.6309
5;122;8.51716
6;121;5.41194
6;122;-9.92283
7;121;9.44689
7;122;-9.8106
8;121;4.77486
8;122;14.285
9;121;-6.41563
9;122;-9.04824
10;121;-6.85722
10;122;-5.62485
11;121;7.0412
11;122;-8.64608
12;121;-1.08327
12;122;-6.17777
13;121;-8.31726
13;122;8.63252
14;121;8.55389
14;122;-7.03529
15;121;2.70175
15;122;-7.38322
16;121;3.99234
16;122;8.54683
17;121;1.02886
17;122;-2.41297
18;122;8.25365
19;121;1.17339
19;122;-7.41721
20;121;6.23418
20;122;-9.4929
21;121;1.90969
21;122;5.74857
22;121;8.71704
22;122;14.8755
23;121;0.997777
23;122;1.22241
24;121;9.16045
24;122;0.638728
25;121;-6.83969
25;122;5.10789
26;121;9.52656
26;122;-0.449327
27;121;7.735
27;122;-6.66091
28;121;4.82183
28;122;7.30171
29;121;-8.95201
29;122;4.74019
30;121;9.78269
30;122;-6.41816
31;121;-0.361231
31;122;8.93332
32;121;3.05536
32;122;-7.03316
33;121;-5.2355
33;122;-0.997668
34;121;9.16935
34;122;4.84286
35;121;3.53162
35;122;2.84645
36;121;8.40959
36;122;-6.94166
37;121;13.5894
37;122;-2.98863
38;121;7.09454
38;122;-0.457282
39;121;0.392794
39;122;7.81436
40;121;8.46111
40;122;3.5531
41;121;-8.27897
41;122;6.07341
42;121;-1.47154
42;122;-9.05868
43;121;3.67889
43;122;6.5541
44;121;7.75929
44;122;0.4415
45;121;3.30674
45;122;7.54198
46;121;1.63364
46;122;10.6761
47;121;-8.68299
47;122;5.75459
48;121;-0.00620747
48;122;-5.60424
49;121;7.60486
49;122;6.29534
50;121;9.2883
50;122;-9.21606
51;121;-1.53461
51;122;-5.47039
52;121;-7.51527
52;122;-1.979
53;121;7.98172
53;122;6.63478
54;121;5.90067
54;122;0.464324
55;121;1.03362
55;122;1.89559
56;121;-4.15667
56;122;-7.20599
57;121;6.962
57;122;1.49527
58;121;-6.32469
58;122;-0.83922
59;121;9.6063
59;122;-1.66997
60;121;-7.28911
60;122;-9.35632
61;121;-5.35402
61;122;-9.35279
62;121;4.48673
62;122;8.83603
63;121;4.18004
63;122;-6.39754
64;121;6.39576
64;122;-7.36693
65;121;-7.3967
65;122;-9.62024
66;121;2.52202
66;122;-7.28589
67;121;-7.22665
67;122;-0.506257
68;121;8.95667
68;122;-3.98408
69;121;-8.05734
69;122;7.05499
70;121;4.32182
70;122;3.21931
71;121;6.9202
71;122;1.14559
72;121;-4.02603
72;122;-6.54729
73;121;1.89775
73;122;9.66994
74;121;5.95596
74;122;1.50406
75;121;-7.40614
75;122;-3.34588
76;121;7.25074
76;122;-9.87756
77;121;7.53138
77;122;1.73747
78;121;-2.63617
78;122;6.09778
79;121;9.78118
79;122;-5.78159
80;121;-3.19824
80;122;3.5739
81;121;-6.89327
81;122;6.89334
82;121;8.45317
82;122;-9.6496
83;121;2.11488
83;122;1.4547
84;121;-0.483888
84;122;5.66827
85;121;-5.8009
85;122;7.94583
86;121;-10.5966
86;122;8.11625
87;121;9.81645
87;122;1.0058
88;121;-1.0977
88;122;3.18233
89;121;1.24656
89;122;6.67746
90;121;2.5225
90;122;-9.34331
91;121;-13.1244
91;122;-1.11617
92;121;-3.40052
92;122;-2.99585
93;121;0.521223
93;122;6.21582
94;121;2.52623
94;122;-8.71317
95;122;-5.94425
96;121;2.68688
97;121;1.77424
97;122;2.51305
98;121;-14.754
98;122;-1.11088
99;121;2.50627
99;122;-6.41723
100;121;-7.65459
100;122;-1.06757
101;121;-9.41921
101;122;-2.70843
102;121;3.59577
102;122;-1.05526
103;121;5.43156
103;122;-0.876751
104;121;-3.85267
104;122;0.470967
105;121;-0.917617
105;122;3.30387
106;121;14.0299
106;122;5.39482
107;121;7.78687
107;122;-8.60112
108;121;-0.182171
108;122;-1.37185
109;121;-8.35755
109;122;6.0666
110;121;3.97426
110;122;8.56172
111;121;8.08374
111;122;1.61743
112;121;0.923435
112;122;4.23253
113;121;8.35329
113;122;5.4554
114;121;4.14112
114;122;-9.64777
115;121;4.75223
115;122;-0.553368
116;121;4.28466
116;122;6.11203
117;121;1.78237
117;122;-0.208338
118;121;6.12297
118;122;7.37623
119;121;3.79017
119;122;8.50439
120;121;-1.83172
120;122;-0.557039
18;140;9.35978
140;121;6.33291
95;147;5.13882
147;121;9.21483
