1;121;2.11191
1;122;2.74223
2;121;7.35628
2;122;5.21428
3;121;2.38396
3;122;-0.411467
4;121;9.88993
4;122;-4.76859
5;121;-9.6694
5;122;6.96288
6;121;-6.37678
6;122;-3.17291
7;121;9.44689
7;122;2.18569
8;121;2.43388
8;122;-5.36388
9;121;-8.54089
9;122;8.85792
10;121;-6.85722
10;122;8.30188
11;121;9.73962
11;122;-3.64608
12;121;3.02205
12;122;-8.42053
13;121;-8.31726
13;122;6.17982
14;121;8.34075
14;122;-4.35409
15;121;-0.934828
15;122;0.155496
16;121;-5.33762
16;122;5.43776
17;121;-5.32112
17;122;6.56334
18;121;0.484874
18;122;6.97824
19;121;3.13799
19;122;-7.41721
20;121;-3.33669
20;122;-7.91487
21;121;1.90969
21;122;2.25529
22;121;-13.9194
22;122;-9.20671
23;121;-5.55902
23;122;-7.79146
24;121;-4.57059
24;122;-8.77533
25;121;3.37303
25;122;4.13762
26;121;9.52656
26;122;-8.10886
27;121;8.91218
27;122;2.5486
28;121;-1.03542
28;122;-10.3235
29;121;-3.81887
29;122;-1.88376
30;121;9.78269
30;122;-0.517368
31;121;4.97211
31;122;-6.22497
32;121;-1.6608
32;122;9.57021
33;121;-5.2355
33;122;8.82408
34;121;-3.81685
34;122;7.90249
35;121;2.33031
35;122;2.84645
36;121;8.9748
36;122;-0.181253
37;121;3.97964
37;122;-1.81575
38;121;-0.305775
38;122;-0.457282
39;121;3.73962
39;122;2.96809
40;121;-9.93436
40;122;-2.98947
41;121;9.04952
41;122;6.92483
42;121;0.651937
42;122;-9.05868
43;121;-7.15745
43;122;7.05137
44;121;7.53967
44;122;-9.84754
45;121;5.68005
45;122;5.55785
46;121;2.02288
46;122;9.14853
47;121;-6.95018
47;122;5.75459
48;121;0.222374
48;122;6.60662
49;121;-5.24308
49;122;5.15837
50;121;-6.016
50;122;-3.00022
51;121;-8.74379
51;122;-2.1817
52;121;-4.58626
52;122;3.86035
53;121;5.27923
53;122;-4.40466
54;121;3.17225
54;122;-9.02937
55;121;3.52028
55;122;-1.65898
56;121;7.07755
56;122;2.56981
57;121;6.962
57;122;9.32248
58;121;-11.3851
58;122;9.80455
59;121;-2.95213
59;122;1.45526
60;121;-7.28911
60;122;-9.35632
61;121;-1.00276
61;122;-2.66546
62;121;9.57943
62;122;9.13715
63;122;7.97654
64;121;3.75283
64;122;2.07032
65;121;-4.87691
65;122;-9.62024
66;121;-8.37277
66;122;-4.44293
67;121;-8.24381
67;122;5.00674
68;121;2.73724
68;122;-3.98408
69;121;6.88413
69;122;-1.36209
70;121;6.02728
70;122;0.404416
71;121;-7.2284
71;122;-8.12938
72;121;-7.02578
72;122;3.28051
73;121;9.49457
73;122;3.50573
74;121;7.64084
74;122;3.06574
75;121;5.7901
75;122;-9.09924
76;121;7.25074
76;122;-9.76497
77;121;-3.66677
77;122;-1.67749
78;121;0.436688
78;122;-7.58466
79;121;9.78118
79;122;-7.87925
80;121;0.777704
80;122;-4.98626
81;121;-2.7878
81;122;6.98305
82;121;3.44356
82;122;5.83026
83;121;1.78817
83;122;7.69044
84;121;2.97557
84;122;8.99901
85;121;-8.67165
85;122;7.65857
86;121;-5.59657
86;122;6.63432
87;121;9.81645
87;122;-7.2561
88;121;-5.60381
88;122;3.18233
89;121;-9.85893
89;122;9.35137
90;121;6.62672
90;122;-11.5228
91;121;7.58305
91;122;-4.84802
92;121;-3.37934
92;122;0.110886
93;121;-5.91692
93;122;12.0941
94;121;2.52623
94;122;2.53389
95;121;-11.9517
95;122;4.08514
96;121;8.76473
96;122;3.36127
97;121;-2.91652
97;122;1.14005
98;121;1.78854
98;122;6.01415
99;121;8.75143
99;122;-3.09357
100;121;9.82478
100;122;-9.92021
101;121;-8.75867
101;122;-9.42999
102;121;7.78737
102;122;4.64636
103;121;0.431561
103;122;-7.23799
104;121;-7.87293
104;122;0.470967
105;121;-3.40876
105;122;7.22194
106;121;9.74358
106;122;-1.53317
107;121;8.10692
107;122;-0.253059
108;121;8.57771
108;122;3.65062
109;121;-9.71245
109;122;1.10394
110;121;-3.81549
110;122;-0.182236
111;121;18.0837
111;122;-8.59124
112;121;-3.30831
112;122;-4.04134
113;121;8.35329
113;122;-1.31899
114;121;7.37005
114;122;-8.93121
115;121;9.86346
115;122;-4.55639
116;121;7.18451
116;122;6.11203
117;121;11.7382
117;122;3.89862
118;121;12.9365
118;122;1.40742
119;121;6.42721
119;122;-9.93644
120;121;3.16828
120;122;-3.89374
109;127;-7.33314
127;121;-3.15899
