1;53;-0.080452
1;54;8.12072
1;55;-5.0375
2;53;-7.11345
2;54;0.764093
2;55;-7.96218
3;53;5.04242
3;54;-8.19741
3;55;5.77181
4;53;9.75094
4;54;-6.30364
4;55;-0.380516
5;53;-0.0294905
5;54;8.16659
5;55;-7.23523
6;53;1.04746
6;54;8.65432
6;55;8.63791
7;53;1.20815
7;54;2.44191
7;55;7.73984
8;53;1.29903
8;54;-5.65444
8;55;7.04055
9;53;-2.11346
9;54;-0.643536
9;55;4.4841
10;53;-0.630453
10;54;9.59504
10;55;-0.117552
11;53;-2.2775
11;54;-9.41979
11;55;-2.72803
12;53;3.9595
12;54;-3.37228
12;55;-8.17703
13;53;-9.46488
13;54;8.68989
13;55;1.63092
14;53;7.01217
14;54;-6.23032
14;55;-4.85347
15;53;1.58988
15;54;4.40501
15;55;-2.36476
16;53;0.642218
16;54;6.00478
16;55;13.1188
17;53;0.422508
17;54;3.52399
17;55;0.0716105
18;53;4.69616
18;54;-4.85755
18;55;-4.70511
19;53;-2.96875
19;54;-5.38645
19;55;9.69689
20;53;-8.32934
20;54;9.23024
20;55;-7.27851
21;53;0.366121
21;54;-2.5261
21;55;2.60982
22;53;-7.07729
22;54;3.30674
22;55;-7.70664
23;53;6.74835
23;54;-5.90557
23;55;-9.64329
24;53;-1.0179
24;54;6.289
24;55;5.24171
25;53;-5.78234
25;54;-0.699839
25;55;7.73498
26;53;-4.34935
26;54;9.47083
26;55;-6.14887
27;53;8.73133
27;54;3.1424
27;55;-9.66125
28;53;-0.328647
28;54;-8.96983
28;55;-7.71959
29;53;9.74384
29;54;9.40407
29;55;-2.39422
30;53;6.94932
30;54;-7.61777
30;55;-7.05186
31;53;3.21052
31;54;5.39175
31;55;1.90091
32;53;3.98688
32;54;7.45807
32;55;7.77447
33;53;-0.468307
33;54;-4.05867
33;55;6.7329
34;53;3.65936
34;54;7.08076
34;55;5.58625
35;53;-15.3269
35;54;-4.29987
35;55;-3.75635
36;53;-7.99879
36;54;-6.7119
36;55;-2.57935
37;53;-5.84575
37;54;6.57442
37;55;0.271394
38;53;-2.82437
38;54;-5.20603
38;55;7.56555
39;53;-3.11498
39;54;3.44434
39;55;3.18292
40;53;-1.53388
40;54;-4.85062
40;55;7.12984
41;53;-9.46435
41;54;3.59503
41;55;9.50761
42;53;7.71118
42;54;5.61146
42;55;-2.64632
43;53;-5.89109
43;54;3.4921
43;55;2.59331
44;53;5.83451
44;54;-3.61532
44;55;4.81708
45;53;-8.91674
45;54;-10.5132
45;55;9.57943
46;53;-2.51728
46;54;0.656919
46;55;2.4213
47;53;4.22569
47;54;-6.11805
47;55;-2.0802
48;53;9.00208
48;54;1.10816
48;55;-5.44004
49;53;-4.7911
49;54;6.71394
49;55;-6.77035
50;53;-9.11828
50;54;-2.9732
50;55;-3.39733
51;53;3.95696
51;54;-3.76099
51;55;-5.1219
52;53;0.791678
52;54;-4.3408
52;55;6.75626
52;49;1.00538
27;60;-5.70219
60;55;-9.66125
31;62;-8.07802
62;55;1.90091
