1;121;-6.24767
1;122;4.30016
2;121;-8.74997
2;122;-4.68483
3;121;2.38396
3;122;8.34145
4;121;-3.89522
4;122;-7.00073
5;121;-9.6694
5;122;7.1511
6;121;-4.40802
6;122;-0.732437
7;121;9.91538
7;122;2.18569
8;121;4.77486
8;122;-5.36388
9;121;7.70028
9;122;13.8579
10;121;6.85215
10;122;0.0692196
11;121;9.73962
11;122;6.63062
12;121;-3.65138
12;122;-10.9096
13;121;-8.31726
13;122;3.63252
14;121;8.34075
14;122;-7.03529
15;121;8.30404
15;122;3.93201
16;121;-8.06791
16;122;-2.50253
17;121;0.721108
17;122;-1.27703
18;121;-5.11861
18;122;2.00084
19;121;7.55985
19;122;-7.41721
20;121;-3.33669
20;122;3.77328
21;121;1.47365
21;122;2.25529
22;121;-8.91936
22;122;-4.34533
23;121;-5.55902
23;122;-5.28122
24;121;-4.57059
24;122;-8.77533
25;121;-7.03231
25;122;7.1795
26;121;13.4637
26;122;-6.0143
27;121;-9.51799
27;122;-11.6544
28;121;6.36331
28;122;7.30171
29;121;-8.34375
29;122;9.3839
30;121;2.29602
30;122;2.22713
31;121;4.97211
31;122;-0.925734
32;121;-1.6608
32;122;-9.26025
33;121;3.06559
33;122;7.06874
34;121;-3.81685
34;122;9.98066
35;121;-7.67085
35;122;3.76592
36;121;-6.79428
36;122;-2.02547
37;121;6.54932
37;122;-7.31863
38;121;1.33857
38;122;-0.457282
39;121;7.73473
39;122;1.7631
40;121;-7.12036
40;122;4.55553
41;121;9.04952
41;122;0.293947
42;121;7.74198
42;122;5.84892
43;121;3.62342
43;122;6.5541
44;121;0.70582
44;122;9.81506
45;121;-3.20844
45;122;-8.86755
46;121;-8.82553
46;122;1.6197
47;121;-13.3194
47;122;-0.936326
48;121;-7.77339
48;122;-8.59195
49;121;-5.24308
49;122;2.71417
50;121;-2.55932
50;122;7.66598
51;121;-8.74379
51;122;0.0329256
52;121;-4.58626
52;122;-3.64205
53;121;6.09404
53;122;6.63478
54;121;-3.32862
54;122;-4.62322
55;121;8.53294
55;122;9.85686
56;121;6.74208
56;122;-2.48552
57;121;6.56096
57;122;5.16579
58;121;-3.83766
58;122;0.753521
59;121;-1.21168
59;122;1.45526
60;121;3.62432
61;121;9.87
61;122;-2.66546
62;121;4.48673
62;122;-4.34102
63;121;4.18004
63;122;1.08896
64;121;1.39576
64;122;9.84962
65;121;-4.87691
65;122;-5.60042
66;121;3.0776
66;122;-3.6207
67;121;-8.16218
67;122;7.83214
68;121;9.58188
68;122;-6.0336
69;121;8.32951
69;122;-1.36209
70;121;6.02728
70;122;0.404416
71;121;5.30597
71;122;-8.12938
72;121;7.37213
72;122;6.39222
73;121;3.36589
73;122;1.59934
74;121;8.68973
74;122;2.78527
75;121;8.40217
75;122;-3.34588
76;121;5.63413
76;122;-6.6625
77;121;-1.7647
77;122;-4.43109
78;121;-3.62301
78;122;-7.58466
79;121;4.31878
79;122;9.65789
80;121;-0.420261
80;122;4.31363
81;121;-1.89327
81;122;8.47583
82;121;8.45317
82;122;5.90263
83;121;7.11488
83;122;2.69044
84;121;-8.08145
84;122;-1.00099
85;121;-7.47364
85;122;7.94583
86;121;-1.11242
86;122;6.63432
87;121;6.59789
87;122;0.461617
88;121;-8.35786
88;122;1.03495
89;121;-9.11661
89;122;6.01075
90;121;6.62672
90;122;-6.52275
91;121;7.58305
91;122;-5.70094
92;121;11.9505
92;122;-9.72268
93;121;-5.91692
93;122;7.09407
94;121;0.399528
94;122;-5.81324
95;121;9.21483
95;122;-7.98286
96;121;-3.89221
96;122;3.36127
97;121;-3.22576
97;122;1.14005
98;121;9.97924
98;122;-1.11088
99;121;8.75143
99;122;-6.41723
100;121;-7.11186
100;122;-1.06757
101;121;-3.07915
101;122;4.2728
102;121;6.71411
102;122;3.94474
103;121;-7.41307
103;122;0.616408
104;121;5.75287
104;122;5.55261
105;121;-2.71302
105;122;-0.778425
106;121;9.02985
106;122;-3.67734
107;121;7.78687
107;122;2.93424
108;121;-0.182171
108;122;-8.99664
109;121;-3.15899
109;122;0.485355
110;121;-4.80146
110;122;6.86716
111;121;-2.00815
111;122;-0.455099
112;121;9.41711
112;122;7.66937
113;121;-3.82426
113;122;-1.31899
114;121;-0.23527
114;122;-8.93121
115;121;9.86346
115;122;-0.553368
116;121;7.18451
116;122;-1.00825
117;121;2.05822
117;122;1.33335
118;121;7.93649
118;122;1.40742
119;121;9.51503
119;122;-3.03323
120;121;9.74344
120;122;-0.594591
9;26;-3.14493
46;156;-1.35966
156;32;5.45418
