1;17;8.50952
1;18;4.65901
1;19;-5.36128
2;17;-3.21858
2;18;9.05344
2;19;-6.34888
3;17;-6.27943
3;18;0.817286
3;19;1.22121
4;17;-12.9511
4;18;8.96193
4;19;-2.60832
5;17;9.52289
5;18;7.72689
5;19;-0.586519
6;17;-2.45684
6;18;-0.385413
6;19;-3.43251
7;17;3.51389
7;18;-9.11268
7;19;1.81299
8;17;3.98688
8;18;0.952259
8;19;0.145309
9;17;-4.35118
9;18;-13.2471
9;19;-4.79006
10;17;-4.25638
10;18;8.7225
10;19;1.8748
11;17;-7.77449
11;18;5.68589
11;19;8.13015
12;17;-9.41645
12;18;-6.51729
12;19;7.18359
13;17;10.5153
13;18;2.77374
13;19;8.16217
14;17;-12.3913
14;18;4.8226
14;19;-9.92843
15;17;0.000371933
15;18;11.5411
15;19;-12.9711
16;17;-3.63618
16;18;-18.6669
16;19;8.37861
12;1;-7.48734
12;4;-3.43509
5;4;-6.97387
7;10;-11.9219
17;2;-4.44726
