1;53;-8.04963
1;54;7.33911
1;55;-6.6997
2;53;-9.76509
2;54;8.23295
2;55;8.57687
3;53;4.07339
3;54;-8.50252
3;55;1.43875
4;53;7.18883
4;54;-4.06796
4;55;3.61242
5;53;-5.48754
5;54;8.16659
5;55;-10.0974
6;53;-5.08931
6;54;-0.745603
6;55;-8.1242
7;53;-1.82426
7;54;2.13938
7;55;1.48427
8;53;5.25743
8;54;-6.649
8;55;-3.03979
9;53;-3.2873
9;54;-7.64155
9;55;-8.5765
10;53;-0.449327
10;54;-4.61521
10;55;-5.19647
11;53;4.89461
11;54;-9.41979
11;55;2.2528
12;53;3.9595
12;54;6.75491
12;55;1.46244
13;53;-0.128341
13;54;-3.91106
13;55;1.23207
14;53;12.3185
14;54;12.8227
14;55;8.08399
15;53;3.84653
15;54;7.83059
15;55;8.39737
16;53;3.56703
16;54;9.01597
16;55;8.11882
17;53;-8.60489
17;54;7.95262
17;55;-9.2563
18;53;5.07104
18;54;-6.15572
18;55;3.26454
19;53;8.99152
19;54;-9.41611
19;55;6.42257
20;53;-8.92933
20;54;3.71776
20;55;10.7655
21;53;-5.00946
21;54;-0.978009
21;55;8.04416
22;53;8.67791
22;54;3.50929
22;55;0.859446
23;53;9.9098
23;54;0.204974
23;55;-13.2021
24;53;-3.72207
24;54;-6.39807
24;55;9.70024
25;53;-5.63808
25;54;-6.51901
25;55;10.0136
26;53;-1.68401
26;54;6.56654
26;55;-1.36955
27;53;4.33412
27;54;-8.79689
27;55;-9.66125
28;53;-0.264318
28;54;-1.19791
28;55;8.6847
29;53;8.36937
29;54;1.65895
29;55;-2.39422
30;53;-1.0065
30;54;-5.48528
30;55;-8.69921
31;53;1.59931
31;54;1.1729
31;55;3.14608
32;53;3.98688
32;54;2.22535
32;55;11.4575
33;53;2.58614
33;54;-3.35524
33;55;-8.0524
34;53;8.18708
34;54;4.1756
34;55;-7.23734
35;53;0.754656
35;54;8.40257
35;55;-7.0468
36;53;2.17562
36;54;-0.891783
36;55;-3.85007
37;53;-4.36834
37;54;10.925
37;55;-9.78766
38;53;-2.82437
38;54;-6.82826
38;55;7.05499
39;53;3.40048
39;54;7.04783
39;55;6.16574
40;53;0.31286
40;54;-3.6231
40;55;0.264437
41;53;-9.46435
41;54;3.88476
41;55;9.50761
42;53;0.0896864
42;54;2.68833
42;55;-6.62121
43;53;-0.175725
43;54;3.20996
43;55;-3.57284
44;53;-0.812705
44;54;-3.61532
44;55;4.89832
45;53;-8.91674
45;54;0.187167
45;55;4.57943
46;53;-6.98931
46;54;9.94105
46;55;2.4213
47;53;9.22569
47;54;9.6396
47;55;-1.65368
48;53;8.45752
48;54;0.0416079
48;55;9.4973
49;53;-8.4467
49;54;13.0908
49;55;5.95596
50;53;0.59508
50;54;-0.779625
50;55;5.58247
51;53;8.9853
51;54;-0.856588
51;55;-9.26968
52;53;7.2393
52;54;2.22187
52;55;-7.275
7;78;-0.468431
78;55;1.48427
12;79;-9.68067
79;54;-5.65019
9;37;9.68979
