
---- Results of cofig: ----
  keep=0.489
  threshold=3.148
  interSpeciesRate=0.001
  noCrossoverOff=0.233
  probabilityWeightMutated=0.728
  probabilityAddNodeSmall=0.031
  probabilityAddLink_small=0.048
  probabilityAddNodeLarge=0.274
  probabilityAddLink_Large=0.142
  largeSize=20
  c1=0.7
  c2=0.637
  c3=0.409
  numberGenomes=50
  numberInputs=120
  numberOutputs=2
  evolutions=50
  n_max=300
  learningRate=5
  inputWeights=110,150
  weightsRange=-10,10
  process_max=25
  function=
  folder=results/trial-14

--Results of run:0 --
Best Genome 
Genome id: 859
Genome fitness: 0.97
   IN  OUT    Weight  Innov
    1  121   7.89422      1
    1  122   4.07338      2
    2  121  -8.48933      3
    2  122   -5.7696      4
    3  121  -2.28827      5
    3  122  -6.14887      6
    4  121   9.53596      7
    4  122  -6.76933      8
    5  121  -8.99105      9
    5  122   6.96288     10
    6  121  0.883659     11
    6  122  -9.80104     12
    7  121  -6.75207     13
    7  122   2.11105     14
    8  121  -7.08016     15
    8  122   9.28497     16
    9  121  -6.41563     17
    9  122   6.61734     18
   10  121   6.85215     19
   10  122 0.0692196     20
   11  121    7.0412     21
   11  122  -8.64608     22
   12  121    8.0834     23
   12  122   9.00475     24
   13  121  -10.5996     25
   13  122   6.61514     26
   14  121   8.55389     27
   14  122  -7.03529     28
   15  121   4.77919     29
   15  122  -3.10283     30
   16  121  -5.33762     31
   16  122   5.43776     32
   17  121   -5.3821     33
   17  122  -6.81787     34
   18  121 -0.111862     35
   18  122  -2.99916     36
   19  121   7.55985     37
   19  122  -7.41721     38
   20  121  0.879815     39
   20  122  -5.57971     40
   21  121  -4.26072     41
   21  122  -8.70825     42
   22  121   2.97228     43
   22  122 -0.652111     44
   23  121   7.48619     45
   23  122   1.22241     46
   24  121  -2.19775     47
   24  122   8.55412     48
   25  121  -6.43453     49
   25  122   8.89618     50
   26  121   8.19371     51
   26  122 -0.180037     52
   27  121   9.22028     53
   27  122  -4.65395     54
   28  121  -1.97436     55
   28  122  -8.34989     56
   29  121  -9.02523     57
   29  122    3.4485     58
   30  121   6.95298     59
   30  122  -4.57064     60
   31  121   1.93798     61
   31  122   2.91203     62
   32  121   -1.6608     63
   32  122   14.5702     64
   33  121   1.58043     65
   33  122   1.34722     66
   34  121   4.01821     67
   34  122   4.32494     68
   35  121   8.55246     69
   35  122  0.300982     70
   36  121  -3.35636     71
   36  122   -5.6554     72
   37  121   3.47951     73
   37  122  -2.98863     74
   38  121  -4.11595     75
   38  122   6.32019     76
   39  121  -3.94802     77
   39  122   8.62522     78
   40  121  -8.53552     79
   40  122   5.41296     80
   41  121   9.04952     81
   41  122   5.22367     82
   42  121   5.37462     83
   42  122 -0.089406     84
   43  121 -0.715201     85
   43  122   2.56381     86
   44  121  -2.33987     87
   44  122   6.91053     88
   45  121   5.68005     89
   45  122  0.503709     90
   46  121  -6.64936     91
   46  122  -4.72482     92
   47  121 0.0369473     93
   47  122   11.9127     94
   48  121  -1.52454     95
   48  122   1.60662     96
   49  121   1.37237     97
   49  122   1.07849     98
   50  121  -1.79949     99
   50  122   7.66598    100
   51  121  -1.07571    101
   51  122   3.32738    102
   52  121  -4.58626    103
   52  122   -7.5962    104
   53  121  -5.74027    105
   53  122  -1.07097    106
   54  121   3.17225    107
   54  122   0.73485    108
   55  121   4.67946    109
   55  122   9.85686    110
   56  121   1.41862    111
   56  122  -5.73596    112
   57  121   5.35034    113
   57  122   5.16579    114
   58  121 -0.772603    115
   58  122   1.70388    116
   59  121   2.24312    117
   59  122  -7.69513    118
   60  121   8.85394    119
   60  122  -7.27208    120
   61  121   5.23225    121
   61  122  -9.35279    122
   62  121  0.230828    123
   62  122    5.0955    124
   63  121  -4.58807    125
   63  122   1.08896    126
   64  121 -0.793812    127
   64  122  -2.92968    128
   65  121   8.76083    129
   65  122  -7.20722    130
   66  121    3.0776    131
   66  122  0.483623    132
   67  121    9.5077    133
   67  122  -1.83736    134
   68  121  -9.53094    135
   68  122    6.4589    136
   69  121  -2.52888    137
   69  122   9.88299    138
   70  121  0.924969    139
   70  122  -2.40172    140
   71  121  -3.22143    141
   71  122   5.93586    142
   72  121  -2.42217    143
   72  122   -5.1323    144
   73  121   1.27235    145
   73  122   1.59934    146
   74  121   2.02229    147
   74  122  -4.54776    148
   75  121    1.1252    149
   75  122  -9.09924    150
   76  121   2.02853    151
   76  122   3.79441    152
   77  121   2.35827    153
   77  122   2.46688    154
   78  121  -8.12425    155
   78  122   1.09778    156
   79  121  -1.54919    157
   79  122  -13.9365    158
   80  121  -2.89303    159
   80  122    3.5739    160
   81  121 -0.478509    161
   81  122   8.47583    162
   82  121 -0.115108    163
   82  122   -9.6496    164
   83  121   7.11488    165
   83  122  -7.21222    166
   84  121 -0.483888    167
   84  122   0.67295    168
   85  121  -4.24336    169
   85  122   3.86621    170
   86  121  -4.97538    171
   86  122   6.99062    172
   87  121   4.22038    173
   87  122  -7.54307    174
   88  121  -5.60381    175
   88  122   6.66123    176
   89  121  -3.02969    177
   89  122   8.66443    178
   90  121    2.5225    179
   90  122  -8.01634    180
   91  121   7.58305    181
   91  122      5.76    182
   92  121  0.717087    183
   92  122  -9.72268    184
   93  121  0.521223    185
   93  122   8.24981    186
   94  121   5.04242    187
   94  122  -6.22256    188
   95  121  -6.95173    189
   95  122  -3.32211    190
   96  121  0.985221    191
   96  122  0.256965    192
   97  121  -3.75932    193
   97  122  -3.93901    194
   98  121  -4.28709    195
   98  122   6.01415    196
   99  121  -6.89823    197
   99  122   -8.1242    198
  100  121   1.68242    199
  100  122  -7.37512    200
  101  121   1.92085    201
  101  122   2.91714    202
  102  121   7.66342    203
  102  122   1.96021    204
  103  121   1.81266    205
  103  122  -6.69358    206
  104  121  -1.84424    207
  104  122  -9.57833    208
  105  121  -6.63308    209
  105  122 -0.778425    210
  106  121   9.56222    211
  106  122   5.39482    212
  107  121  -2.50473    213
  107  122   7.77599    214
  108  121  -9.91417    215
  108  122  -2.30922    216
  109  121  -3.15899    217
  109  122    4.7415    218
  110  121  -4.80146    219
  110  122   6.86716    220
  111  121  -8.10154    221
  111  122  -4.13575    222
  112  121 -0.257511    223
  112  122    2.3094    224
  113  121  0.793871    225
  113  122    5.4554    226
  114  121   8.38118    227
  114  122  0.409094    228
  115  121    7.3312    229
  115  122  0.863297    230
  116  121   4.27309    231
  116  122   6.11203    232
  117  121 -0.859712    233
  117  122   4.88859    234
  118  121   8.62259    235
  118  122   2.58263    236
  119  121   6.42721    237
  119  122  -2.54128    238
  120  121     4.381    239
  120  122   9.79413    240
   25  139   6.60263    289
  139  122   3.89618    290
   60   75   2.91269    293

Summerized results: 
run: 0 bestFitness: 0
Max fitness: 0
Percentage: 100% (1 of 1)
--------------------------------------------------------------
