1;121;43.0566
1;122;-18.036
2;121;61.819
2;122;-88.581
3;121;-72.8827
3;122;93.2803
4;121;19.3954
4;122;-10.9843
5;121;75.0523
5;122;-19.9704
6;121;11.1038
6;122;-98.0104
7;121;99.1539
7;122;61.6808
8;121;-79.6375
8;122;34.996
9;121;95.4473
9;122;88.5792
10;121;-30.6308
10;122;55.7441
11;121;-91.0018
11;122;22.1842
12;121;34.3113
12;122;-84.2053
13;121;-83.1726
13;122;80.9077
14;121;55.5139
14;122;-66.8829
15;121;59.7632
15;122;39.3201
16;121;-60.0765
16;122;35.4683
17;121;-7.3337
17;122;-12.7703
18;121;96.6817
18;122;-29.1065
19;121;31.38
19;122;2.33461
20;121;-6.08006
20;122;-29.1014
21;121;58.8219
21;122;41.4445
22;121;-69.9246
22;122;-73.4885
23;121;-3.5853
23;122;31.7241
24;121;-60.8337
24;122;44.9121
25;121;-97.5881
25;122;78.6636
26;121;95.2656
26;122;-81.0886
27;121;-13.5236
27;122;25.486
28;121;22.9562
28;122;-45.8586
29;121;-54.5136
29;122;34.485
30;121;0.39785
30;122;87.9465
31;121;4.38719
31;122;-69.0165
32;121;-87.4374
32;122;-36.0308
33;121;-27.4231
33;122;40.409
34;121;-17.7268
34;122;-26.5731
35;121;-27.6475
35;122;28.4646
36;121;-55.9905
36;122;-78.8526
37;121;59.8827
37;122;-73.1863
38;121;-24.0719
38;122;-43.2815
39;121;69.6964
39;122;-32.369
40;121;89.853
40;122;58.3197
41;121;-82.7897
41;122;67.041
42;121;-50.3637
42;122;13.3574
43;121;41.2127
43;122;98.6127
44;121;-2.18225
44;122;49.3325
45;121;16.0737
45;122;-10.8414
46;121;32.4477
46;122;91.4853
47;121;9.16201
47;122;57.5459
48;121;-26.9725
48;122;-82.3443
49;121;79.8206
49;122;-68.8128
50;121;-19.2919
50;122;-94.8717
51;121;1.03773
51;122;-2.69494
52;121;97.8855
52;122;38.6035
53;121;-1.49647
53;122;60.5424
54;121;74.8146
54;122;48.6266
55;121;-94.3411
55;122;-33.3194
56;121;4.18034
56;122;22.0087
57;121;69.6201
57;122;-54.2712
58;121;69.4277
58;122;-39.6761
59;121;92.7547
59;122;33.9667
60;121;-11.7177
60;122;8.82831
61;121;-55.5507
61;122;77.9442
62;121;80.8339
62;122;91.3715
63;121;41.8004
63;122;-12.5014
64;121;-74.4448
64;122;98.4963
65;121;-41.5918
65;122;72.77
66;121;59.6397
66;122;-32.9825
67;121;70.4388
67;122;78.3214
68;121;-78.745
68;122;63.6082
69;121;0.146545
69;122;-17.0253
70;121;60.2728
70;122;41.7604
71;121;52.4343
71;122;-49.0779
72;121;50.1648
72;122;-74.9369
73;121;18.9775
73;122;-4.79393
74;121;-60.5677
74;122;27.5187
75;121;-20.4606
75;122;52.7064
76;121;-69.3917
76;122;-98.7756
77;121;-90.0134
77;122;-73.0195
78;121;71.0238
78;122;23.2124
79;121;-15.4919
79;122;-31.6755
80;121;-40.4618
80;122;-98.404
81;121;-94.2831
81;122;-20.8234
82;121;-41.1887
82;122;-0.14447
83;121;71.1488
83;122;-93.5301
84;121;-66.6326
84;122;-73.1777
85;121;-36.6231
85;122;58.6404
86;121;74.108
86;122;31.1626
87;121;-33.898
87;122;-75.4307
88;121;-3.28632
88;122;10.3495
89;121;-86.7892
89;122;66.4873
90;121;50.9487
90;122;35.2905
91;121;-50.8061
91;122;57.6
92;121;-31.394
92;122;9.8447
93;121;-64.89
93;122;39.9476
94;121;-57.0817
94;122;51.4588
95;121;-69.5173
95;122;-89.9119
96;121;9.38515
96;122;75.5228
97;121;-87.3214
97;122;-39.3901
98;121;90.537
98;122;93.244
99;121;29.2211
99;122;-30.9357
100;121;41.876
100;122;82.1687
101;121;19.3624
101;122;13.3905
102;121;-91.2969
102;122;-10.5526
103;121;-99.5455
103;122;-43.8359
104;121;-78.7293
104;122;2.90498
105;121;-79.7212
105;122;46.4277
106;121;97.4358
106;122;-71.8632
107;121;-4.32455
107;122;-61.5916
108;121;50.6498
108;122;22.549
109;121;-31.5899
109;122;16.5984
110;121;75.6195
110;122;50.3757
111;121;19.755
111;122;22.923
112;121;-40.1238
112;122;-30.536
113;121;-2.78103
113;122;-13.1899
114;121;-0.0231934
114;122;-22.5041
115;121;8.4008
115;122;-82.061
116;121;73.1851
116;122;-96.2134
117;121;67.382
117;122;38.9862
118;121;79.3649
118;122;-46.0609
119;121;70.9636
119;122;5.20621
120;121;12.8472
120;122;-25.8667
