1;17;3.50952
1;18;-0.340995
1;19;9.63872
2;17;-3.90089
2;18;4.24174
2;19;3.65112
3;17;2.43646
3;18;-9.18271
3;19;-1.72033
4;17;3.91967
4;18;3.47873
4;19;7.7528
5;17;1.94232
5;18;-1.30755
5;19;2.18212
6;17;2.54316
6;18;9.61459
6;19;1.56749
7;17;9.80877
7;18;-5.95574
7;19;8.41829
8;17;3.69513
8;18;3.06261
8;19;-4.85469
9;17;0.648819
9;18;-13.2471
9;19;-9.79006
10;17;7.54768
10;18;3.7225
10;19;-3.1252
11;17;-7.77449
11;18;-2.76798
11;19;1.53381
12;17;6.86423
12;18;3.33113
12;19;0.775555
13;17;5.51535
13;18;-4.23241
13;19;-8.40716
14;17;-6.20498
14;18;9.68726
14;19;-4.92843
15;17;-13.4522
15;18;-3.37042
15;19;-6.23598
16;17;-6.27006
16;19;13.3786
6;5;8.79746
14;2;9.8268
16;41;6.36642
41;18;9.17274
