1;53;-9.0205
1;54;2.80172
1;55;4.52373
2;53;-1.88889
2;54;6.35071
2;55;-8.36596
3;53;2.57308
3;54;-7.13931
3;55;9.6063
4;53;6.7258
4;54;-7.68423
4;55;-1.93106
5;53;-6.13565
5;54;4.34453
5;55;-2.58174
6;53;4.9531
6;54;3.32789
6;55;-2.39448
7;53;-6.20574
7;54;2.13938
7;55;5.00465
8;53;5.41223
8;54;7.79397
8;55;11.0687
9;53;-6.86642
9;54;-9.81845
9;55;0.75676
10;53;4.77392
10;54;14.9785
10;55;-1.00696
11;53;-5.08833
11;54;3.21931
11;55;3.68736
12;53;-6.78475
12;54;-6.72686
12;55;-4.16863
13;53;-6.4618
13;54;4.7415
13;55;-8.02635
14;53;3.79536
14;54;-3.40211
14;55;-8.33466
15;53;-8.33312
15;54;5.17723
15;55;-9.44335
16;53;2.02635
16;54;6.00478
16;55;8.90686
17;53;0.422508
17;54;6.93954
17;55;-9.2563
18;53;5.07104
18;54;-6.15572
18;55;8.47583
19;53;2.03125
19;54;-6.03834
19;55;4.17631
20;53;7.64428
20;54;14.2302
20;55;0.668269
21;53;-9.63388
21;54;-3.04726
21;55;13.0442
22;53;3.11625
22;54;-3.6603
22;55;5.58998
23;53;0.408134
23;54;-8.50759
23;55;-4.39906
24;53;-2.87057
24;55;-1.38194
25;53;-14.9545
25;54;-3.83251
25;55;5.96232
26;53;-7.69444
26;54;6.56654
26;55;-8.63779
27;53;8.73133
27;54;-9.03303
27;55;4.20297
28;53;1.74609
28;54;-15.8459
28;55;-2.57415
29;53;-6.4386
29;54;3.36988
29;55;-8.0347
30;53;7.73771
30;54;9.86292
30;55;-6.87415
31;53;-1.77269
31;54;-3.0536
31;55;-0.278104
32;53;2.68397
32;54;7.22535
32;55;2.42943
33;53;1.37128
33;54;6.42657
33;55;-2.10987
34;53;1.59202
34;54;1.96964
34;55;-5.54373
35;53;5.61974
35;54;-7.18632
35;55;-2.87288
36;53;7.58822
36;54;-8.87981
36;55;-3.01948
37;53;-1.60429
37;54;10.925
37;55;-8.55237
38;53;7.24851
38;54;1.60737
38;55;2.78626
39;53;-0.387697
39;54;-7.80579
39;55;4.14122
40;53;3.09078
40;54;-6.68156
40;55;-5.90962
41;53;4.76691
41;54;-0.190243
41;55;1.48521
42;53;2.71118
42;54;2.68833
42;55;-2.76713
43;53;3.73321
43;54;4.6557
43;55;-7.00817
44;53;-1.38737
44;54;-1.16397
44;55;8.73357
45;53;-5.07795
45;54;-5.51324
45;55;9.39179
46;53;-10.9535
46;54;-8.01091
46;55;2.4213
47;53;-3.5644
47;54;1.42865
47;55;-9.2369
48;53;9.00208
48;54;1.79879
48;55;-6.48791
49;53;-8.4467
49;54;8.28946
49;55;7.63222
50;53;-8.12807
50;54;-7.05289
50;55;5.80034
51;53;9.82183
51;54;-7.81779
51;55;3.20198
52;53;-7.30195
52;54;-8.26497
52;55;-4.92131
21;12;5.42988
46;52;-7.53476
