1;121;78.9422
1;122;79.3237
2;121;12.0394
2;122;-57.696
3;121;-76.1706
3;122;-66.8236
4;121;95.3596
4;122;-76.0884
5;121;-44.4451
5;122;-19.9704
6;121;54.1194
6;122;-20.573
7;121;99.1539
7;122;-47.0964
8;121;26.0849
8;122;92.8497
9;121;-8.87179
9;122;43.4594
10;121;-64.9174
10;122;65.7441
11;121;3.22278
11;122;-47.2767
12;121;61.4134
12;122;57.4247
13;121;-55.9563
13;122;-63.4387
14;121;80.2059
14;122;-27.9616
15;121;83.0405
15;122;39.3201
16;121;-60.0765
16;122;-12.4144
17;121;88.2162
17;122;-12.7703
18;121;70.9064
18;122;-29.9916
19;121;-30.8494
19;122;31.9435
20;121;-41.2018
20;122;-95.9181
21;121;-19.1358
21;122;11.8989
22;121;-14.4683
22;122;-22.7948
23;121;-4.99657
23;122;31.7241
24;121;37.1776
24;122;-98.383
25;121;-70.3231
25;122;-3.6965
26;121;81.9371
26;122;-70.2167
27;121;99.22
27;122;94.8404
28;121;22.9562
28;122;-93.5924
29;121;-35.5861
29;122;43.839
30;121;97.8269
30;122;92.4188
31;121;-6.49414
31;122;-45.2144
32;121;45.7277
32;122;-36.0308
33;121;2.20771
33;122;-66.5643
34;121;62.9589
34;122;99.8066
35;121;-40.5154
35;122;-78.243
36;121;-55.9905
36;122;29.7453
37;121;3.19421
37;122;58.8494
38;121;-80.9611
38;122;-14.5389
39;121;-42.4836
39;122;47.0614
40;121;-76.246
40;122;88.2147
41;121;-50.7354
41;122;30.5176
42;121;22.7615
42;122;58.4892
43;121;18.0771
43;122;87.5802
44;121;-98.2471
44;122;-77.9403
45;121;9.62582
45;122;75.4198
46;121;-85.5216
46;122;-38.464
47;121;14.6155
47;122;-12.391
48;121;-63.068
48;122;-97.6424
49;121;82.9355
49;122;70.9096
50;121;-19.2919
50;122;-51.8094
51;121;-3.36555
51;122;69.4583
52;121;-84.875
52;122;-42.9841
53;121;12.6653
53;122;-65.8361
54;121;-9.2654
54;122;3.76784
55;121;-32.6616
55;122;98.5686
56;121;57.2004
56;122;-24.8551
57;121;24.3439
57;122;51.6579
58;121;25.4437
58;122;2.39846
59;121;22.4312
59;122;-39.0143
60;121;-85.0693
60;122;-42.9271
61;121;-20.944
61;122;-82.315
62;121;15.3106
62;122;50.955
63;122;78.4232
64;121;-7.93812
64;122;-3.82076
65;121;-73.38
65;122;72.77
66;121;85.6493
66;122;60.6869
67;121;-81.6218
67;122;78.3214
68;121;30.0153
68;122;-74.0915
69;121;-72.0086
69;122;83.7985
70;121;-67.1796
70;122;10.3266
71;121;-72.284
71;122;59.3586
72;121;98.7415
72;122;34.8116
73;121;98.1148
73;122;-52.7817
74;121;3.06655
74;122;82.1452
75;121;11.252
75;122;77.3204
76;121;47.0964
76;122;-108.776
77;121;88.7305
77;122;-44.3108
78;121;39.6193
78;122;-91.1276
79;121;97.8118
79;122;-0.0453186
80;121;85.4733
80;122;87.3712
81;121;-94.2831
81;122;51.1162
82;121;-50.8833
82;122;14.9191
83;121;23.4344
83;122;-40.4175
84;121;77.9911
84;122;12.1431
85;121;51.2528
85;122;38.6621
86;121;-19.735
86;122;31.1626
87;121;14.6614
87;122;-90.767
88;121;18.7784
88;122;66.6123
89;121;45.3149
89;122;-34.6264
90;121;-62.1319
90;122;-83.2166
91;121;-74.5112
91;122;-79.4634
92;121;69.5047
92;122;9.8447
93;121;-1.32021
93;122;88.2622
94;121;6.1616
94;122;-15.2037
95;121;-91.5706
95;122;41.7289
96;121;-56.5364
96;122;-24.3821
97;121;-27.1638
97;122;25.782
98;121;49.8378
98;122;-21.3645
99;121;56.9051
99;122;-30.9357
100;121;14.5841
100;122;-84.9612
101;121;-85.0322
101;122;3.71914
102;121;-30.2371
102;122;-68.9422
103;121;-74.1307
103;122;21.1618
104;121;-69.4207
104;122;-70.4459
105;121;-27.6013
105;122;21.7714
106;121;-8.19219
106;122;-1.64145
107;121;81.0692
107;122;-19.7455
108;121;14.4309
108;122;-89.8822
109;121;76.147
109;122;52.2057
110;121;90.1747
110;122;79.093
111;121;-34.5913
111;122;16.1743
112;121;-1.68585
112;122;76.6937
113;121;13.1917
113;122;42.4487
114;121;38.7939
114;122;-46.4777
115;121;-50.4629
115;122;18.508
116;121;36.7977
116;122;74.788
117;121;-87.6479
117;122;62.4377
118;121;-29.5152
118;122;-79.2498
119;121;44.105
119;122;-30.3323
120;121;36.9786
120;122;-8.25797
63;124;-8.98848
124;121;-79.8581
