1;121;-43.6951
1;122;3.34333
2;121;-6.59447
2;122;-57.696
3;121;-48.131
3;122;-88.2486
4;121;19.3954
4;122;27.9945
5;121;24.7202
5;122;10.9605
6;121;84.501
6;122;-87.5836
7;121;-33.1004
7;122;-88.5892
8;121;75.7497
8;122;58.4338
9;121;-44.4254
9;122;15.474
10;121;96.8772
10;122;86.9677
11;121;71.1842
11;122;75.8423
12;121;-18.8523
12;122;72.253
13;121;-56.902
13;122;56.79
14;121;58.0956
14;122;-13.4072
15;121;18.1551
15;122;-27.5366
16;121;-36.611
16;122;88.5657
17;121;23.7286
17;122;27.8884
18;121;67.5147
18;122;76.9828
19;121;-89.57
19;122;-39.7121
20;121;44.9061
20;122;-86.264
21;121;72.8055
21;122;55.5061
22;121;-89.1936
22;122;-25.8271
23;121;-85.1885
23;122;-8.75005
24;121;-80.6835
24;122;2.99248
25;121;-70.3231
25;122;-3.6965
26;121;77.7556
26;122;33.9837
27;121;99.15
27;122;44.3074
28;121;63.6331
28;122;68.1797
29;121;12.1378
29;122;-71.0813
30;121;70.0123
30;122;-5.17368
31;121;73.6948
31;122;-69.1932
32;121;-72.2891
32;122;-56.1019
33;121;-78.8455
33;122;63.0696
34;121;-35.7226
34;122;79.0249
35;121;-40.5154
35;122;-76.2353
36;121;-91.409
36;122;-85.2502
37;121;27.3257
37;122;24.4966
38;121;63.372
38;122;-4.57281
39;121;-42.4836
39;122;-36.39
40;121;88.4536
40;122;16.8026
41;121;59.9135
41;122;39.9206
42;121;-71.8856
42;122;98.52
43;121;-43.937
43;122;27.9596
44;121;-93.0808
44;122;-77.9403
45;121;55.1726
45;122;37.334
46;121;8.21493
46;122;-54.7881
47;121;64.8521
47;122;-31.5449
48;121;-77.5258
48;122;9.28016
49;121;4.05188
49;122;52.802
50;121;2.56947
50;122;0.131729
51;121;18.1035
51;122;18.4163
52;121;91.0283
52;122;-41.6743
53;121;49.4458
53;122;67.5231
54;121;-42.0907
54;122;0.113609
55;121;35.2028
55;122;-48.5632
56;121;-8.01745
56;122;-72.0599
57;121;-57.3812
57;122;-28.8826
58;121;36.9597
58;122;32.415
59;121;-33.5963
59;122;-43.1587
60;121;-38.0037
60;122;-15.9189
61;121;94.3314
61;122;72.7328
62;121;-49.4333
62;122;107.106
63;121;-42.421
63;122;-75.4273
64;121;87.5278
64;122;67.6196
65;121;-69.2933
65;122;-89.1052
66;121;30.5662
66;122;-64.6448
67;121;83.5434
67;122;34.1782
68;121;82.5958
68;122;-39.8408
69;121;-52.6309
69;122;-57.119
70;121;-22.3963
70;122;63.1158
71;121;-72.284
71;122;59.3586
72;121;26.9703
72;122;-59.7489
73;121;22.9604
73;122;48.8099
74;121;54.5106
74;122;89.9444
75;121;12.6526
75;122;-85.3689
76;121;25.0496
76;122;-35.4016
77;121;87.9011
77;122;-1.04455
78;121;78.4124
78;122;18.8548
79;121;-69.8446
79;122;-41.2832
80;121;-79.6754
80;122;72.9168
81;121;-8.76971
81;122;87.0259
82;121;-62.1177
82;122;48.4195
83;121;91.8931
83;122;21.572
84;121;12.9919
84;122;-74.9063
85;121;-86.7165
85;122;66.5856
86;121;0.969063
86;122;97.3608
87;121;45.6323
87;122;-36.2235
88;121;75.6834
88;122;-76.4834
89;121;56.1978
89;122;-79.7893
90;121;78.0901
90;122;47.995
91;121;62.7521
91;122;-11.2307
92;121;98.0896
92;122;-86.6101
93;121;-59.1692
93;122;-6.38711
94;121;-10.4749
94;122;-72.2256
95;121;94.4362
95;122;78.2559
96;121;-16.2951
96;122;-49.094
97;121;65.2818
97;122;35.9822
98;121;-23.4141
98;122;-1.08818
99;121;11.1397
99;122;44.5364
100;121;74.6543
100;122;-99.2021
101;121;8.62337
101;122;29.1714
102;121;35.6041
102;122;40.1816
103;121;7.2071
103;122;-31.8704
104;121;-34.9221
104;122;85.0778
105;121;-34.0876
105;122;-28.6112
106;121;-6.49405
106;122;-91.2769
107;121;-30.1642
107;122;65.9432
108;121;7.71358
108;122;-44.6266
109;121;-73.2169
109;122;95.388
110;121;-76.1578
110;122;68.6717
111;121;72.9654
111;122;-63.7161
112;121;82.8317
112;122;76.7242
113;121;42.4919
113;122;66.9136
114;121;-46.7612
114;122;-4.72674
115;121;-21.9278
115;122;32.3828
116;121;-76.4835
116;122;86.6955
117;121;-83.4555
117;122;25.3479
118;121;-62.6099
118;122;-38.9159
119;121;49.5884
119;122;-99.3644
120;121;-75.7363
120;122;-5.94591
