1;18;10.8982
1;19;-2.73909
2;17;6.33455
2;18;2.29937
2;19;7.14853
3;17;-11.4337
3;19;7.46043
4;17;3.28829
4;19;-1.65021
5;17;-2.03421
5;18;-0.448976
5;19;2.43388
6;18;-5.88572
7;17;1.59931
7;18;-2.18632
7;19;-3.18494
8;17;13.9869
8;18;-1.18997
8;19;-1.94973
9;17;7.18958
9;18;-14.03
9;19;0.209939
10;17;-7.82382
10;18;25.6526
10;19;-9.90547
11;17;-11.998
11;18;6.59616
11;19;-5.32112
12;17;-9.76228
12;18;-15.1186
12;19;16.9782
13;17;15.5153
13;18;-4.07119
13;19;-14.9958
14;17;-9.4929
14;18;11.0548
14;19;-6.70616
15;17;-5.22534
15;18;6.54111
15;19;-6.23598
16;17;-2.95083
16;18;-7.55022
16;19;8.62029
8;27;0.558138
27;18;-17.747
3;50;6.99345
50;18;-8.79689
4;56;-9.68393
56;18;-3.93547
