1;121;-6.24767
1;122;2.37917
2;121;6.99712
2;122;1.62831
3;121;2.29937
3;122;4.37773
4;121;-3.89522
4;122;-6.44176
5;121;3.10736
5;122;-1.99704
6;121;5.41194
6;122;-14.9228
7;121;4.44689
7;122;2.18569
8;121;-2.96375
8;122;-5.36388
9;121;-2.14359
9;122;-4.04824
10;121;1.85215
10;122;-1.46193
11;121;9.73962
11;122;-8.24166
12;121;-1.08327
12;122;1.72273
13;121;-5.59957
13;122;9.86205
14;121;7.37848
14;122;-7.03529
15;121;0.652617
15;122;-8.05427
16;121;-6.00766
16;122;8.53152
17;121;-5.3821
17;122;8.6684
18;121;4.67272
18;122;1.05137
19;121;3.13799
19;122;-6.09327
20;121;-4.12018
20;122;2.31871
21;121;-8.6536
21;122;1.31235
22;121;8.71704
22;122;9.87548
23;121;2.48619
23;122;1.78313
24;121;9.16045
24;122;-6.38194
25;121;0.0803385
25;122;5.32874
26;121;5.01359
26;122;2.08757
27;121;9.22028
27;122;-7.47968
28;121;4.89461
28;122;6.81797
29;121;4.92149
29;122;1.74609
30;121;9.78269
30;122;0.574107
31;121;4.63877
31;122;-6.22497
32;121;6.6745
32;122;9.22869
33;121;1.58043
33;122;13.8241
34;121;6.29589
34;122;9.6753
35;121;6.65218
35;122;-7.8243
36;121;3.44858
36;122;-0.2038
37;121;7.69087
37;122;-9.03001
38;121;6.28703
38;122;-0.457282
39;121;-1.95794
39;122;-0.957552
40;121;-9.78992
40;122;3.5531
41;121;-5.05935
41;122;-6.38228
42;121;-1.47154
42;122;-4.05868
43;121;-7.15745
43;122;6.5541
44;121;8.55662
44;122;-1.06515
45;121;-0.452772
45;122;7.54198
46;121;1.63364
46;122;9.14853
47;121;2.81533
47;122;5.75459
48;121;4.99379
48;122;1.60662
49;121;-6.2927
49;122;8.47025
50;121;6.28192
50;122;-0.0104809
51;121;3.46539
51;122;-0.269494
52;121;-7.51527
52;122;6.93284
53;121;2.89302
53;122;-2.82105
54;121;-8.11855
54;122;-9.02937
55;121;-5.61728
55;122;1.89559
56;121;-1.4825
56;122;2.20086
57;121;5.35034
57;122;1.49527
58;121;3.69597
58;122;-8.34865
59;121;-1.45336
59;122;0.328952
60;121;-1.37568
60;122;5.33821
61;121;5.23225
61;122;-2.66546
62;121;6.31983
62;122;9.99001
63;121;0.0991201
63;122;1.31362
64;121;5.74377
64;122;4.85604
65;121;-7.3967
65;122;-7.29987
66;121;2.52202
66;122;8.33045
67;121;-5.78617
67;122;-9.86817
68;121;2.73724
68;122;3.35119
69;121;-2.52888
69;122;-6.01995
70;121;6.02728
70;122;0.404416
71;121;3.53108
71;122;3.81462
72;121;-8.82279
72;122;-7.70812
73;121;9.49457
73;122;9.66994
74;121;-6.05677
74;122;1.50406
75;121;-9.81853
75;122;-9.09924
76;121;2.02853
76;122;-9.87756
77;121;-1.7647
77;122;-3.42854
78;121;-6.53871
78;122;7.79022
79;121;-1.54919
79;122;-3.16755
80;121;2.78018
80;122;-7.61552
81;121;-6.89327
81;122;13.4758
82;122;-0.0144482
83;121;7.98862
83;122;9.95275
84;121;4.51611
84;122;-4.16863
85;121;0.619036
85;122;7.94583
86;121;-1.11242
86;122;3.11625
87;121;9.81645
87;122;-7.62235
88;121;-1.0977
88;122;3.18233
89;121;-9.11661
89;122;8.66443
90;121;-6.99898
90;122;-6.52275
91;121;-8.12441
91;122;-7.94634
92;121;8.86595
92;122;-9.72268
93;121;-6.78351
93;122;6.21582
94;121;8.10193
94;122;0.302402
95;121;-6.95173
95;122;-7.98286
96;121;-9.47795
96;122;3.36127
97;121;-2.46842
97;122;1.14005
98;121;-9.75397
98;122;-1.11088
99;121;12.9542
99;122;3.24781
100;121;1.32329
100;122;-7.37512
101;121;-0.871712
101;122;-1.36313
102;121;-7.95131
102;122;-6.89422
103;121;-2.87234
103;122;-0.876751
104;121;-7.87293
104;122;-2.48125
105;121;-3.40876
105;122;4.64277
106;121;3.99574
106;122;-9.05002
107;121;7.78687
107;122;1.77337
108;121;-0.182171
108;122;-1.37185
109;121;-8.69151
109;122;6.0666
110;121;-9.61133
110;122;3.63843
111;121;-2.00815
111;122;2.2923
112;121;-1.18131
112;122;-6.49488
113;121;-7.24252
113;122;1.16946
114;121;1.82221
114;122;-8.93121
115;121;4.75223
115;122;-7.79634
116;121;-2.55552
116;122;-7.27659
117;121;8.55599
117;122;3.64258
118;121;8.62259
118;122;-8.52568
119;121;-3.61382
119;122;-0.113657
120;121;-3.03997
120;122;-4.86062
53;131;2.40303
131;122;-2.82105
72;140;0.36321
140;121;-4.02603
