1;121;-31.453
1;122;-18.9567
2;121;-2.94335
2;122;61.8877
3;121;-94.3549
3;122;15.6523
4;121;-20.7637
4;122;-32.5616
5;121;24.7202
5;122;16.8139
6;121;35.3958
6;122;-96.168
7;121;69.3593
7;122;-98.106
8;121;1.41781
8;122;92.8497
9;121;-21.4359
9;122;-66.5466
10;121;-63.7274
10;122;83.0188
11;121;86.1333
11;122;-93.9105
12;121;-73.5391
12;122;-84.2053
13;121;-50.8354
13;122;36.3252
14;121;-26.3124
14;122;-70.3529
15;121;-83.8405
15;122;-73.8322
16;121;-80.6791
16;122;16.6202
17;121;7.21109
17;122;79.0263
18;121;4.84875
18;122;-78.9493
19;121;75.5986
19;122;94.6494
20;121;-33.3669
20;122;37.7328
21;121;-86.536
21;122;32.5529
22;121;-32.5584
22;122;-92.0671
23;121;24.4807
23;122;-77.9146
24;121;-45.7059
24;122;-49.3448
25;121;0.803391
25;122;-3.6965
26;121;13.021
26;122;49.7537
27;121;99.15
27;122;93.7099
28;121;-33.1168
28;122;-94.0508
29;121;-54.5136
29;122;-45.614
30;121;70.0123
30;122;89.3497
31;121;20.1696
31;122;-0.725388
32;121;58.4495
32;122;48.4326
33;121;-78.8455
33;122;-66.5643
34;121;-38.1685
34;122;57.0444
35;121;-52.4033
35;122;28.4646
36;121;82.4609
36;122;-72.9653
37;121;-23.041
37;122;-87.4637
38;121;-82.7988
38;122;-4.57281
39;121;-80.0733
39;122;-61.4533
40;121;7.67392
40;122;-78.2734
41;121;-11.0787
41;122;96.2113
42;121;53.7462
42;122;87.9122
43;121;6.82043
43;122;27.9596
44;121;85.5662
44;122;4.42931
45;121;-32.0844
45;122;55.5785
46;121;-45.6338
46;122;91.4853
47;121;44.9117
47;122;-12.391
48;121;-87.7339
48;122;-97.6424
49;121;74.7133
49;122;-34.5549
50;121;36.1116
50;122;-18.6205
51;121;-37.8655
51;122;18.4163
52;121;-81.3183
52;122;12.61
53;121;45.23
53;122;98.0854
54;121;59.0067
54;122;-90.2937
55;121;-61.0878
55;122;92.5102
56;121;40.7688
56;122;27.5466
57;121;-18.9077
57;122;-26.4632
58;121;5.3151
58;122;98.0456
59;121;96.063
59;122;-45.0299
60;121;-38.2448
60;122;-22.3962
61;121;-53.5402
61;122;-36.6546
62;121;95.7943
62;122;-53.8621
63;121;-42.421
63;122;84.7663
64;121;57.4377
64;122;98.4963
65;121;-11.337
65;122;20.2569
66;121;59.6397
66;122;-36.207
67;121;-82.4381
67;122;-98.6817
68;121;-11.7019
68;122;-39.8408
69;121;50.9904
69;122;-26.894
70;121;-90.8109
70;122;4.04417
71;121;-32.2143
71;122;-81.2939
72;121;5.08676
72;122;34.8116
73;121;33.6589
73;122;-4.79393
74;121;76.4084
74;122;-59.9227
75;121;11.252
75;122;88.7698
76;121;72.5074
76;122;-18.9146
77;121;75.3138
77;122;67.2579
78;121;-36.2301
78;122;28.8548
79;121;-15.4919
79;122;96.5789
80;121;-90.8129
80;122;35.739
81;121;41.4644
81;122;83.96
82;121;99.532
82;122;14.9191
83;121;71.1488
83;122;-12.4931
84;121;-66.6326
84;122;79.5865
85;121;-86.7165
85;122;0.36924
86;121;-25.4505
86;122;-86.425
87;121;5.26205
87;122;-62.9143
88;121;36.8428
88;122;31.8233
89;121;-83.9633
89;122;-21.25
90;121;-25.597
90;122;-65.2275
91;121;21.2821
91;122;-51.8113
92;121;-42.2087
92;122;78.3635
93;121;-59.1692
93;122;70.9407
94;121;70.7343
94;122;25.3389
95;121;-69.5173
95;122;-11.1238
96;121;9.38515
96;122;33.6127
97;121;17.7424
97;122;-39.3901
98;121;-7.36098
98;122;-65.1341
99;121;-19.3913
99;122;11.8246
100;121;48.2478
100;122;57.0537
101;121;10.6824
101;122;-27.0843
102;121;77.1411
102;122;16.1631
103;121;46.6922
103;122;-63.5994
104;121;-46.3615
104;122;-0.369476
105;121;-7.50426
105;122;72.2194
106;121;97.4358
106;122;36.0674
107;121;-11.472
107;122;-2.53059
108;121;11.7484
108;122;52.1265
109;121;-22.3624
109;122;11.0394
110;121;58.2522
110;122;-39.4416
111;121;-34.5913
111;122;47.1903
112;121;104.171
112;122;76.6937
113;121;83.5329
113;122;33.5859
114;121;-23.937
114;122;-44.8504
115;121;-0.121056
115;122;-14.6582
116;121;71.8451
116;122;-10.0825
117;121;67.382
117;122;63.3335
118;121;15.694
118;122;82.0523
119;121;94.7781
119;122;-99.3644
120;121;17.5159
120;122;65.449
34;124;69.9658
124;121;-48.1685
