1;121;1.18654
1;122;-1.89567
2;121;-8.48933
2;122;-6.98931
3;121;-9.23232
3;122;8.34145
4;121;-7.44516
4;122;-4.55544
5;121;-2.6309
5;122;8.51716
6;121;0.883659
6;122;7.76159
7;121;-1.75207
7;122;-9.8106
8;121;3.0661
8;122;-7.5491
9;121;0.403723
9;122;13.8579
10;121;-0.123251
10;122;8.30188
11;121;7.35842
11;122;-4.6624
12;121;3.02205
12;122;-0.909623
13;121;-8.31726
13;122;9.86205
14;121;8.55389
14;122;0.947942
15;121;7.35636
15;122;-7.38322
16;121;3.11488
16;122;3.54683
17;121;-0.307597
17;122;2.83194
18;121;-9.97205
18;122;1.05137
19;121;3.13799
19;122;-6.09327
20;121;-1.17007
20;122;-1.81566
21;121;-9.29972
22;121;-0.225338
22;122;7.37552
23;121;3.0321
23;122;5.89213
24;121;1.79879
24;122;5.18647
25;121;2.50947
25;122;5.8982
26;121;8.46372
26;122;5.73145
27;121;-0.588716
27;122;-2.20593
28;121;-1.97436
28;122;6.81797
29;121;-8.81887
29;122;9.66078
30;121;7.29602
30;122;-0.517368
31;121;2.35697
31;122;-7.21286
32;121;-1.6608
32;122;-7.03316
33;121;5.61908
33;122;7.06874
34;121;-5.06401
34;122;-3.20754
35;121;-4.05154
35;122;0.300982
36;121;8.40959
36;122;-5.18125
37;121;3.47951
37;122;-2.98863
38;121;-5.30578
38;122;-2.30683
39;121;0.853783
39;122;-3.39733
40;121;-3.53552
40;122;5.41296
41;121;-6.42631
41;122;1.68843
42;121;-3.33567
42;122;7.02653
43;121;-3.86195
43;122;2.56381
44;121;0.70582
44;122;6.91053
45;121;-0.452772
45;122;5.55785
46;121;-6.64936
46;122;4.06241
47;121;-9.79104
47;122;-9.97486
48;121;5.22237
48;122;11.6066
49;121;2.60486
49;122;-1.59025
50;121;6.28192
50;122;4.86846
51;121;-7.17864
51;122;-2.82469
52;121;4.33412
52;122;-13.8923
53;121;10.5778
53;122;-8.804
54;121;-8.11855
54;122;6.26354
55;121;8.53294
55;122;9.85686
56;121;6.74208
56;122;2.20086
57;121;5.35034
57;122;4.48406
58;121;0.53151
58;122;-1.17144
59;121;9.6063
59;122;-4.31368
60;121;-1.37568
60;122;-7.27208
61;121;9.43314
61;122;-4.35279
62;121;7.39058
62;122;10.4603
63;121;-0.289121
63;122;-6.39754
64;121;6.39576
64;122;4.85604
65;122;2.02569
66;121;-0.891783
66;122;-2.31488
67;121;-8.24381
67;122;-1.83736
68;121;3.00153
68;122;-0.440083
69;121;2.91013
69;122;-9.02722
70;121;4.32182
70;122;-6.66964
71;121;5.30597
71;122;0.0105071
72;121;-4.563
72;122;-1.54729
73;121;9.49457
73;122;5.6043
74;121;2.07253
74;122;-3.45756
75;121;2.49183
75;122;-3.34588
76;121;4.70964
76;122;-1.6625
77;121;6.0085
77;122;-7.34955
78;121;3.99647
78;122;0.738157
79;121;-4.0045
79;122;-3.16755
80;121;-2.89303
80;122;-7.61552
81;121;-2.7878
81;122;4.58997
82;121;7.64454
82;122;0.902634
83;121;6.89683
83;122;-6.29835
84;121;6.1629
84;122;-13.096
85;121;-9.24336
85;122;0.864038
86;121;-1.9735
86;122;-9.05652
87;121;4.37333
87;122;-3.27732
88;121;-5.60381
88;122;-4.91571
89;121;-7.93905
89;122;9.35137
90;121;2.8852
90;122;-4.34331
91;121;-8.68756
91;122;-7.94634
92;121;8.86595
92;122;-5.69574
93;121;-5.91692
93;122;8.82622
94;121;0.399528
94;122;-0.199555
95;121;14.2148
95;122;3.42414
96;121;-9.47795
96;122;0.260472
97;121;-2.12508
97;122;2.51305
98;121;-0.969144
98;122;-3.72824
99;121;0.790972
99;122;-8.1242
100;121;-1.82426
100;122;-8.65022
101;121;7.73984
101;122;0.371914
102;121;7.78737
102;122;1.96021
103;121;-7.82785
103;122;-3.31054
104;121;3.15576
104;122;4.96305
105;121;-3.40876
105;122;4.64277
106;121;2.90742
106;122;-1.53317
107;121;5.11866
107;122;-0.253059
108;121;6.17484
108;122;-1.37185
109;121;-5.3642
109;122;0.485355
110;121;2.56195
110;122;8.56172
111;121;9.64077
111;122;1.61743
112;121;5.92344
112;122;-6.83368
113;121;4.80826
113;122;-9.69898
114;121;7.37005
114;122;-3.9053
115;121;0.840079
115;122;7.95262
116;121;-2.55552
116;122;-3.7223
117;121;-7.19302
117;122;6.24377
118;121;-1.51556
118;122;0.0234699
119;121;6.42721
119;122;1.21744
120;121;4.7552
120;122;-3.89374
113;69;-4.06504
49;82;3.3685
