1;121;11.8038
1;122;4.52338
2;121;-7.65918
2;122;-3.64338
3;121;1.91925
3;122;-9.88582
4;121;9.53596
4;122;-4.76859
5;121;-8.99105
5;122;-1.99704
6;121;8.4501
6;122;-5.06364
7;121;-5.84575
7;122;-11.0999
8;121;-3.34053
8;122;-5.36388
9;121;-9.12045
9;122;6.61734
10;121;-7.16795
10;122;0.771061
11;121;-3.00504
11;122;-8.64608
12;121;3.02205
12;122;-8.42053
13;121;-3.8319
13;122;14.862
14;121;7.37848
14;122;-3.87869
15;121;9.97849
15;122;5.03108
16;121;-7.03537
16;122;1.66202
17;121;-5.1219
17;122;-1.27703
18;121;0.484874
18;122;1.05137
19;121;8.78258
19;122;-7.41721
20;121;-4.94062
20;122;-5.03154
21;121;1.90969
21;122;8.88673
22;121;-7.50104
22;122;-0.652111
23;121;9.15839
23;122;1.78313
24;121;2.80225
24;122;-8.77533
25;121;5.08034
25;122;9.91241
26;121;3.19371
26;122;-8.27888
27;121;9.50513
27;122;3.26454
28;121;-3.31168
28;122;0.422708
29;121;-9.02523
29;122;9.93016
30;121;7.00123
30;122;-8.54671
31;121;4.63877
31;122;6.40181
32;121;-6.92115
32;122;-7.03316
33;121;-7.88455
33;122;8.82408
34;121;-3.81685
34;122;9.6753
35;121;9.65153
35;122;-7.8243
36;121;0.632129
36;122;-7.88526
37;121;8.58937
37;122;-6.87161
38;121;6.28703
38;122;-2.59733
39;121;-3.94802
39;122;6.76797
40;121;-7.12036
40;122;2.20945
41;121;4.61855
41;122;-6.38228
42;121;2.27614
42;122;9.852
43;121;-4.39371
43;122;-10.4546
44;121;8.55662
44;122;1.49935
45;121;3.30674
45;122;5.55785
46;121;1.63364
46;122;3.44701
47;121;4.49117
47;122;4.37861
48;121;-9.94755
48;122;-2.57935
49;121;2.60486
49;122;8.47025
50;121;5.14457
50;122;-0.0571613
51;121;-7.17864
51;122;8.62367
52;121;9.05324
52;122;8.97822
53;121;0.599394
53;122;-6.58361
54;121;5.06233
54;122;-1.66588
55;121;3.52028
55;122;-3.33194
56;121;1.41862
56;122;-3.88461
57;121;7.68636
57;122;1.49527
58;121;-0.660613
58;122;-0.83922
59;121;2.24312
59;122;6.86816
60;121;13.0956
60;122;9.90447
61;121;-2.0944
61;122;-4.89847
62;121;4.48673
62;122;5.2095
63;121;-13.2414
63;122;-0.773502
64;121;-6.49552
64;122;-6.17945
65;121;-1.09672
65;122;2.02569
66;121;8.0776
66;122;-3.6207
67;121;4.43251
67;122;-1.58218
68;121;3.82981
68;122;-0.0955238
69;121;-2.52888
69;122;3.6325
70;121;6.02728
70;122;0.404416
71;121;3.53108
71;122;2.74679
72;121;-7.02578
72;122;1.21744
73;121;1.27235
73;122;-5.14748
74;121;-8.18872
74;122;-4.54776
75;121;-7.40614
75;122;-1.72934
76;121;-6.07818
76;122;3.79441
77;121;7.74394
77;122;-2.95492
78;121;0.436688
78;122;9.23708
79;121;-1.54919
79;122;19.6579
80;121;2.78018
80;122;3.5739
81;121;-1.64106
81;122;6.98305
82;121;7.64454
82;122;-6.84386
83;121;6.89683
83;122;2.69044
84;121;-5.25357
84;122;-8.30574
85;121;10.1253
85;122;7.94583
86;121;-1.11242
86;122;2.46389
87;121;9.81645
87;122;1.80024
88;121;-1.0977
88;122;-4.35432
89;121;-6.88165
89;122;9.35137
90;121;-0.0940695
90;122;-4.34331
91;121;-8.12441
91;122;-0.702435
92;121;9.88027
92;122;-5.08931
93;121;-5.91692
93;122;6.21582
94;121;2.52623
94;122;-6.22256
95;121;-0.0918398
95;122;4.17289
96;121;-3.89221
96;122;2.63987
97;121;-8.73214
97;122;2.5782
98;121;-1.2683
98;122;6.04576
99;121;0.300828
99;122;-2.89868
100;121;-7.11186
100;122;-9.92021
101;121;5.42495
101;122;8.02779
102;121;6.27807
102;122;-1.05526
103;121;5.43156
103;122;-6.69358
104;121;-5.86214
104;122;0.470967
105;121;-6.23032
105;122;2.17714
106;121;6.98024
106;122;-5.38838
107;121;8.44034
107;122;5.79625
108;121;-3.17035
108;122;-1.37185
109;121;-9.71245
109;122;1.10394
110;121;-1.02238
110;122;3.63843
111;121;6.75264
111;122;-0.269232
112;121;9.41711
112;122;7.66937
113;121;8.35329
113;122;6.84624
114;121;-4.67612
114;122;0.409094
115;121;9.86346
115;122;-5.55337
116;121;2.60982
116;122;-1.00825
117;121;-0.859712
117;122;3.64258
118;121;7.93649
118;122;-1.99355
119;121;-8.31683
119;122;6.93325
120;121;4.7552
120;122;-13.9724
48;93;0.962957
