1;121;-8.16152
1;122;-1.89567
2;121;2.88366
2;122;-6.92155
3;121;9.12457
3;122;-6.68236
4;121;8.10904
4;122;-2.62049
5;121;-1.5134
5;122;0.971595
6;121;-4.40802
6;122;-4.25417
7;121;6.51193
7;122;-9.8106
8;121;1.5561
8;122;-0.930543
9;121;6.7837
9;122;4.22821
10;121;-0.123251
10;122;-0.453835
11;121;9.73962
11;122;-8.64608
12;121;3.02205
12;122;-5.90962
13;121;-8.31726
13;122;-2.27212
14;121;9.99391
14;122;-6.68829
15;121;-2.89081
15;122;1.85587
16;121;0.491117
16;122;1.66202
17;121;0.721108
17;122;-1.27703
18;121;0.484874
18;122;9.61482
19;121;-4.80445
19;122;6.56443
20;121;-4.12018
20;122;5.06484
21;121;-1.75418
21;122;5.96314
22;121;-0.225338
22;122;-6.23069
23;121;3.0321
23;122;-9.92607
24;121;-8.06835
24;122;-4.93448
25;121;-0.265339
25;122;9.91241
26;121;9.52656
26;122;-8.10886
27;121;-4.81526
27;122;6.97479
28;121;6.39944
28;122;-4.40508
29;121;-3.81887
29;122;-0.259811
30;121;7.00123
30;122;-4.57064
31;121;-9.85973
31;122;2.77454
32;121;3.05536
32;122;5.02844
33;121;5.61908
33;122;-3.1828
34;121;-1.67481
34;122;9.68484
35;121;0.641086
35;122;-3.95421
36;121;8.24609
36;122;0.54528
37;121;8.58937
37;122;-4.02194
38;121;13.6292
38;122;3.96698
39;121;0.378619
39;122;6.76797
40;121;-8.53552
40;122;3.73183
41;121;2.92225
41;122;3.05176
42;121;-7.18856
42;122;-6.61909
43;121;3.67889
43;122;9.85824
44;121;6.01222
44;122;0.4415
45;121;-7.2256
45;122;-3.94799
46;121;3.24477
46;122;9.14853
47;121;-6.68114
47;122;6.91266
48;121;-1.52454
48;122;5.32773
49;121;-6.2927
49;122;2.71417
50;121;6.28192
50;122;2.4654
51;121;-13.7438
51;122;4.71445
52;121;-4.58626
52;122;2.48986
53;121;-5.74027
53;122;11.0542
54;121;-6.36283
54;122;-6.95073
55;121;-3.06533
55;122;6.25722
56;121;-4.15667
56;122;2.56981
57;121;4.91534
57;122;-2.64632
58;121;-3.83766
58;122;-3.96761
59;121;7.73631
59;122;-9.26653
60;121;8.85394
60;122;8.32135
61;121;9.87
61;122;-2.66546
62;121;8.08339
62;122;-6.50784
63;121;-7.98581
63;122;-6.39754
64;121;-6.04782
64;122;9.84962
65;121;3.50049
65;122;-4.51166
66;121;-2.13778
66;122;-4.27847
67;121;-7.55715
67;122;-8.04558
68;121;-3.62568
68;122;3.35119
69;121;8.32951
69;122;-2.6894
70;121;14.7011
70;122;4.17604
71;121;5.30597
71;122;-8.12938
72;121;10.0165
72;122;-4.84123
73;121;-3.85509
73;122;0.6043
74;121;0.900091
74;122;8.21452
75;121;-7.58332
75;122;-9.09441
76;121;-7.76395
76;122;-9.87756
77;121;8.87305
77;122;2.34773
78;121;-3.62301
78;122;1.26368
79;121;-8.74709
79;122;-9.20895
80;121;-0.143145
80;122;-7.61552
81;121;-1.64106
81;122;6.89334
82;121;2.69886
82;122;-9.6496
83;121;7.11488
83;122;-6.24931
84;121;-1.7754
84;122;-8.30574
85;121;-7.47364
85;122;7.94583
86;121;6.08002
86;122;1.99062
87;121;9.72922
87;122;-9.00366
88;122;1.95587
89;121;-7.93905
89;122;1.0418
90;121;4.87576
90;122;-5.17663
91;121;-8.12441
91;122;-9.6436
92;121;9.80896
92;122;0.984469
93;121;6.35071
93;122;6.21582
94;121;8.10193
94;122;-4.92345
95;121;9.44361
95;122;-5.10073
96;121;6.09065
96;122;-3.99108
97;121;-7.46842
97;122;0.227494
98;121;-8.52193
98;122;-1.11088
99;121;5.69051
99;122;3.39197
100;121;-1.82426
100;122;-6.77294
101;121;-1.96384
101;122;0.371914
102;121;6.71411
102;122;8.9152
103;121;-1.32866
103;122;3.04059
104;121;2.59485
104;122;-8.75854
105;121;-7.17629
105;122;0.878734
106;121;-2.4919
106;122;2.49561
107;121;-6.89763
107;122;-6.15916
108;121;11.0006
108;122;0.0380726
109;121;-6.16429
109;122;0.485355
110;121;-4.80146
110;122;6.86716
111;121;1.13555
111;122;-4.3631
112;121;9.41711
112;122;4.61981
113;121;6.31917
113;122;7.84954
114;121;7.37005
114;122;0.711783
115;121;-5.80882
115;122;-1.29583
116;121;2.61546
116;122;5.07104
117;121;-8.76479
117;122;3.89862
118;121;3.36369
118;122;2.37623
119;121;-3.4183
119;122;0.187011
120;121;3.69501
120;122;0.59836
