1;53;-8.04963
1;54;9.86205
1;55;-8.22273
2;53;-9.76509
2;54;7.35636
2;55;-3.30823
3;53;2.73566
3;54;-8.14848
3;55;1.2158
4;53;7.92591
4;54;-9.57167
4;55;-3.4143
5;53;3.12197
5;54;3.27788
5;55;-8.02285
6;53;7.42226
6;54;-4.27255
6;55;8.87725
7;53;2.97228
7;54;1.78701
7;55;5.00465
8;53;5.25743
8;54;-4.2406
8;55;-0.325153
9;53;4.9932
9;54;-0.643536
9;55;-8.5765
10;53;-4.52538
10;54;0.346812
10;55;-2.20593
11;53;4.89461
11;54;-1.62151
11;55;8.62676
12;53;9.56459
12;54;1.11038
12;55;5.22773
13;54;6.00879
13;55;0.281682
14;53;3.4996
14;54;8.01432
14;55;-7.84774
15;53;4.64326
15;54;9.27597
15;55;3.61715
16;53;-9.47626
16;54;5.31291
16;55;6.72273
17;53;3.71078
17;54;4.52338
17;55;3.67665
18;53;-0.41285
18;54;-7.09651
18;55;3.21962
19;53;9.02534
19;54;-3.57657
19;55;7.5214
20;53;-7.11202
20;54;-9.09092
20;55;7.02653
21;53;-10.7041
21;54;-9.8106
21;55;2.43388
22;53;-7.07729
22;54;-4.18401
22;55;-4.04824
23;53;4.98845
23;54;-5.97866
23;55;-7.81042
24;53;5.05941
24;54;-1.08327
24;55;-9.98767
25;53;-7.82344
25;54;-6.88128
25;55;9.08464
26;53;-5.48952
26;55;3.73976
27;53;3.28632
27;54;-8.58926
27;55;-6.09044
28;53;7.24293
28;54;0.997887
28;55;3.34979
29;53;-5.68724
29;54;9.85537
29;55;2.96334
30;53;2.20086
30;54;5.35034
30;55;-14.2685
31;53;-0.225338
31;54;-9.11268
31;55;1.7761
32;53;-8.01769
32;54;3.18904
32;55;5.60814
33;53;-8.26657
33;54;3.59286
33;55;5.25695
34;53;7.1826
34;54;6.96964
34;55;-8.84936
35;53;-9.78992
35;54;9.1187
35;55;2.47202
36;53;4.00115
36;54;-7.63747
36;55;-0.0636396
37;53;-12.3273
37;54;1.57442
37;55;-3.94289
38;53;9.31765
38;54;0.52687
38;55;-0.807291
39;53;7.56382
39;54;-0.506973
39;55;-0.951923
40;53;-9.03308
40;54;4.79567
40;55;3.62029
41;53;-10.3112
41;54;7.93237
41;55;9.50761
42;53;-6.92155
42;54;0.392794
42;55;-6.14533
43;53;9.53596
43;54;6.04161
43;55;0.625077
44;53;5.78873
44;54;-2.84412
44;55;6.92259
45;53;-5.66423
45;54;-5.51324
45;55;2.60849
46;53;2.99817
46;54;9.94105
46;55;1.34538
47;53;1.63364
47;54;-2.27948
47;55;-8.87554
48;53;1.35297
48;54;-9.50196
48;55;-6.48791
49;53;-9.45432
49;54;8.09077
49;55;-6.58286
50;53;-1.62445
50;54;-5.54541
50;55;1.94573
51;53;9.25035
51;54;-0.856588
51;55;4.366
52;53;-3.9582
52;54;-5.14054
52;55;9.74664
26;77;-5.85988
77;54;6.56654
