1;121;-0.694341
1;122;-1.89567
2;121;-8.74997
2;122;1.62831
3;121;8.53103
3;122;-8.82486
4;121;-2.07637
4;122;-6.44176
5;121;-8.99105
5;122;8.51716
6;121;-4.40802
6;122;-2.69265
7;121;6.63797
7;122;-6.09985
8;121;-6.82983
8;122;-1.96341
9;121;6.7837
9;122;13.8579
10;121;6.85215
10;122;8.30188
11;121;1.99496
11;122;8.80647
12;121;-5.11816
12;122;-8.42053
13;121;-8.31726
13;122;6.47359
14;121;5.33234
14;122;-3.87869
15;121;7.35636
15;122;-7.38322
16;121;-8.06791
16;122;-5.18634
17;121;4.88817
17;122;-3.61838
18;121;0.484874
18;122;-6.89493
19;121;7.55985
19;122;2.68875
20;121;-3.33669
20;122;2.18234
21;121;-8.90005
21;122;0.748569
22;121;-2.02772
22;122;-9.20671
23;121;1.98334
23;122;1.22241
24;121;6.90511
24;122;-7.30734
25;121;0.0803385
25;122;9.91241
26;121;8.46372
26;122;-8.10886
27;121;13.9122
27;122;-6.65444
28;121;-9.35904
28;122;-3.34989
29;121;-2.34388
29;122;9.93016
30;121;7.00123
30;122;-9.67444
31;121;2.35697
31;122;-7.21286
32;121;3.3392
32;122;-9.86888
33;121;-7.71567
33;122;8.82408
34;121;-3.81685
34;122;9.6753
35;121;9.65153
35;122;-2.15355
36;121;3.44858
36;122;-9.24852
37;121;0.101743
37;122;-1.08128
38;121;-8.27988
38;122;-4.23155
39;121;-4.24836
39;122;-8.15919
40;121;0.767392
40;122;5.83197
41;121;-6.42631
41;122;11.9248
42;121;2.27614
42;122;12.0265
43;121;-9.72962
43;122;2.56381
44;121;8.55662
44;122;-0.976325
45;121;3.30674
45;122;-6.99816
46;121;8.50631
46;122;3.44701
47;121;4.49117
47;122;-0.936326
48;121;-8.31057
48;122;6.60662
49;121;-4.33042
49;122;-1.59025
50;121;-0.891738
50;122;-4.21606
51;121;-8.74379
51;122;-0.269494
52;121;9.78855
52;122;-3.64205
53;121;-5.74027
53;122;-4.66801
54;121;10.9007
54;122;0.0113602
55;121;5.67701
55;122;1.66806
56;121;-4.15667
56;122;-7.89337
57;121;5.35034
57;122;1.49527
58;121;0.53151
58;122;-3.29612
59;121;-1.00197
59;122;-3.12094
60;121;-1.17177
60;122;6.78381
61;121;9.87
61;122;4.11275
62;121;4.48673
62;122;9.13715
63;121;4.18004
63;122;6.71334
64;121;-7.93297
64;122;5.84329
65;121;-4.87691
65;122;7.8611
66;121;-9.0594
66;122;-5.35363
67;121;-0.00139236
67;122;-9.86817
68;121;2.73724
68;122;6.4589
69;121;6.88413
69;122;9.38034
70;121;-3.97614
70;122;-9.58607
71;121;5.30597
71;122;8.35634
72;121;-7.02578
72;122;2.26797
73;121;9.49457
73;122;-4.14606
74;121;2.07253
74;122;8.28541
75;121;-7.40614
75;122;10.2706
76;121;7.25074
76;122;-14.765
77;121;5.45934
77;122;1.73747
78;121;-2.27022
78;122;1.26368
79;121;1.25291
79;122;-8.9365
80;121;-7.73503
80;122;4.92642
81;121;-11.4162
81;122;6.98305
82;121;-2.49275
82;122;5.90263
83;121;7.11488
83;122;-5.18124
84;121;6.1629
84;122;3.99901
85;121;7.07627
85;122;7.94583
86;121;-2.27258
86;122;6.63432
87;121;9.81645
87;122;-4.60738
88;121;5.14171
88;122;-1.81767
89;121;-3.02969
89;122;-9.02517
90;121;5.09487
90;122;-6.52275
91;121;-8.68756
91;122;2.3456
92;121;6.1662
92;122;1.73455
93;121;-5.91692
93;122;12.0941
94;121;1.20815
94;122;-8.71317
95;121;9.21483
95;122;4.79119
96;121;8.76473
96;122;3.36127
97;121;3.49663
97;122;5.87773
98;121;-4.28709
98;122;-1.11088
99;121;8.75143
99;122;-3.81754
100;121;-7.11186
100;122;-7.37512
101;121;-1.96384
101;122;4.48592
102;121;2.89888
102;122;-1.05526
103;121;9.06963
103;122;-6.69358
104;121;2.59485
104;122;5.55261
105;121;3.36692
105;122;7.22194
106;121;2.90742
106;122;-7.67612
107;121;5.11866
107;122;-0.253059
108;121;-4.91417
108;122;3.65062
109;121;-3.15899
109;122;1.10394
110;121;-7.14991
110;122;-6.26643
111;121;1.13555
111;122;-9.13575
112;121;14.4171
112;122;-9.7706
113;121;8.35329
113;122;3.68101
114;121;-0.326483
114;122;-5.1138
115;121;7.3312
115;122;-0.553368
116;121;7.18451
116;122;-6.26038
117;121;6.7382
117;122;3.89862
118;121;7.93649
118;122;1.40742
119;121;9.51503
119;122;1.21744
120;121;4.13155
120;122;8.39367
70;124;-5.02959
124;121;-3.97614
