1;121;5.55506
1;122;7.93237
2;121;0.73958
2;122;5.21428
3;121;9.43599
3;122;-8.59498
4;121;-7.44516
4;122;-6.53585
5;121;-6.42949
5;122;-1.99704
6;121;4.85245
6;122;7.76159
7;121;6.93592
7;122;2.11105
8;121;0.14178
8;122;-8.0474
9;121;0.403723
9;122;4.97101
10;121;-2.64158
10;122;0.092288
11;121;-2.28948
11;122;-8.64608
12;121;-5.30971
12;122;-5.92844
13;121;-5.50974
13;122;9.86205
14;121;6.45763
14;122;-4.35409
15;121;7.35636
15;122;1.85587
16;121;-0.784635
16;122;-4.29987
17;121;-5.4019
17;122;-1.27703
18;121;-4.92333
18;122;9.61482
19;121;1.17339
19;122;-7.41721
20;121;4.75075
20;122;3.77328
21;121;2.35605
21;122;8.88673
22;121;-11.28
22;122;-4.34533
23;121;7.28893
23;122;1.99961
24;121;6.90511
24;122;-5.36657
25;121;-6.43453
25;122;-5.57752
26;121;3.46372
26;122;1.27599
27;121;8.91218
27;122;2.5486
28;121;-1.97436
28;122;-3.34989
29;121;-3.81887
29;122;-6.88376
30;121;7.00123
30;122;9.61921
31;121;4.63877
31;122;4.84609
32;121;7.04079
32;122;-11.9219
33;121;5.61908
33;122;7.06874
34;121;8.05849
34;122;-2.65731
35;121;9.65153
35;122;2.84645
36;121;3.97163
36;122;-9.24852
37;121;0.493559
37;122;-2.92001
38;121;-4.11595
38;122;-0.41285
39;121;5.85378
39;122;-11.6034
40;121;8.46111
40;122;-2.37154
41;121;-5.80023
41;122;-1.62578
42;121;1.39652
42;122;0.649143
43;121;-3.86195
43;122;-5.47602
44;121;-6.04656
44;122;4.93324
45;121;3.30674
45;122;0.503709
46;121;3.60513
46;122;3.44701
47;121;6.98742
47;122;6.91266
48;121;-2.77339
48;122;-5.56742
49;121;-3.86759
49;122;2.55936
50;121;-6.79949
50;122;-7.74024
51;121;-9.33921
51;122;-0.269494
52;121;-8.4875
52;122;0.701592
53;121;-5.74027
53;122;0.315008
54;121;12.4815
54;122;-1.75776
55;121;1.93467
55;122;-8.9758
56;121;8.6552
56;122;9.26925
57;121;5.51331
57;122;-2.97596
58;121;0.53151
58;122;-3.29612
59;121;-2.99466
59;122;14.4603
60;121;-7.23836
60;122;-5.59423
61;121;1.95031
61;122;2.79442
62;121;4.15169
62;122;9.87209
63;121;-7.77129
63;122;1.31362
64;121;-6.49552
64;122;-2.91064
65;121;-8.17499
65;122;7.91583
66;121;-0.327385
66;122;-4.27847
67;121;-7.22665
67;122;-11.5577
68;121;-3.74143
68;122;8.53689
69;121;6.88413
69;122;12.055
70;121;4.70114
70;122;3.21931
71;121;-0.48264
71;122;-1.11635
72;121;-4.563
72;122;-5.1323
73;121;3.36589
73;122;-5.47939
74;121;2.28127
74;122;0.649189
75;121;-6.03001
75;122;7.73204
76;121;10.6341
76;122;-9.87756
77;121;6.0085
77;122;-7.34955
78;121;3.99647
78;122;1.26368
79;121;-1.54919
80;121;-0.143145
80;122;-4.98626
81;121;6.33104
81;122;-1.26581
82;121;2.69886
82;122;-2.89701
83;121;-7.59259
83;122;-7.21222
84;121;7.73289
84;122;-8.30574
85;121;7.07627
85;122;7.94583
86;121;-0.940711
86;122;0.368711
87;121;9.74525
87;122;-6.29143
88;121;5.40813
88;122;8.40187
89;121;-9.11661
89;122;6.67746
90;121;4.87576
90;122;-3.13751
91;121;7.24897
91;122;-7.94634
92;121;-0.652532
92;122;-0.900598
93;121;-7.43323
93;122;8.82622
94;121;18.1019
94;122;-5.81324
95;121;3.92593
95;122;-1.11238
96;121;0.666781
96;122;0.256965
97;121;-2.71638
97;122;8.16659
98;121;-4.28709
98;122;-1.11088
99;121;0.836693
99;122;-8.44126
100;121;-1.82426
100;122;-8.65022
101;121;-8.75867
101;122;4.2728
102;121;7.78737
102;122;-7.48944
103;121;5.43156
103;122;-1.69358
104;121;-1.84424
104;122;7.88711
105;121;5.66061
105;122;-0.778425
106;121;-8.04405
106;122;-7.70892
107;121;2.64588
107;122;1.77337
108;121;8.57771
108;122;-4.20236
109;121;-8.69151
109;122;1.10394
110;121;-8.81549
110;122;8.56172
111;121;-4.10487
111;122;-9.72233
112;121;0.923435
112;122;-2.6906
113;121;0.793871
113;122;-6.60504
114;121;5.62232
114;122;-9.28822
115;121;-0.0121059
115;122;-2.53467
116;121;7.18451
116;122;-6.26038
117;121;1.87123
117;122;1.60139
118;121;7.93649
118;122;-2.84564
119;121;6.42721
119;122;5.18701
120;121;0.865616
120;122;9.79413
93;123;7.36387
123;122;6.21582
