1;53;-8.04963
1;54;8.12072
1;55;-6.6997
2;53;-9.76509
2;54;8.87581
2;55;-8.36596
3;53;7.11649
3;54;-2.47613
3;55;6.19725
4;53;6.84624
4;54;-4.67612
4;55;-8.99108
5;53;2.42064
5;54;3.19653
5;55;-8.02285
6;53;-8.72824
6;54;-8.13176
6;55;4.74539
7;54;-2.37512
7;55;-0.866607
8;53;-5.74423
8;54;-2.10112
8;55;4.69085
9;53;-6.95875
9;54;-4.70964
9;55;0.75676
10;53;-5.22608
10;54;0.346812
10;55;1.30379
11;53;-9.58014
11;54;-14.4198
11;55;6.34605
12;53;8.00325
12;54;-1.72686
12;55;-8.72535
13;53;-5.9036
13;54;4.7415
13;55;1.63092
14;53;0.652932
14;54;-1.29568
14;55;8.08399
15;53;-0.257511
15;54;4.40501
15;55;6.25058
16;53;7.40713
16;54;7.09064
16;55;1.28225
17;53;-7.32169
17;54;3.84342
17;55;-8.74106
18;53;9.09408
18;54;-6.61782
18;55;4.65636
19;53;8.99152
19;54;-5.38645
19;55;-8.58453
20;53;0.187011
20;54;0.361674
20;55;8.63985
21;53;-5.00946
21;54;-0.978009
21;55;1.16037
22;53;-2.91014
22;54;-1.30356
22;55;-6.79731
23;53;3.71598
23;54;0.0049305
23;55;-5.55551
24;53;5.05941
24;54;6.289
24;55;3.57206
25;53;-5.77524
25;54;-6.51901
25;55;9.08464
26;53;-9.38749
26;54;8.93639
26;55;-3.08075
27;53;2.5215
27;54;-3.02237
27;55;-7.97049
28;53;7.24293
28;54;1.33863
28;55;-1.65021
29;53;3.36937
29;54;3.73507
29;55;2.96334
30;53;-0.208054
30;54;-1.95794
30;55;-4.95895
31;53;1.59931
31;54;8.54744
31;55;8.38963
32;53;3.98688
32;54;7.22535
32;55;9.01922
33;53;7.18958
33;54;6.96046
33;55;-0.593505
34;53;8.18708
34;54;6.6445
34;55;-7.23734
35;53;-1.6404
35;54;6.58118
35;55;-1.29497
36;53;6.53026
36;54;-1.92165
36;55;-7.36
37;53;9.69855
37;54;5.92502
37;55;-9.44977
38;53;9.50084
38;54;-5.20603
38;55;3.19055
39;53;-1.59952
39;54;6.54111
39;55;1.15615
40;53;-8.63618
40;54;-8.51663
40;55;0.264437
41;53;-6.10878
41;54;1.86492
41;55;9.50761
42;53;6.8244
42;54;5.61146
42;55;-6.68236
43;53;-0.175725
43;54;4.10883
43;55;-3.57284
44;53;3.13306
44;54;-3.61532
44;55;-3.98131
45;53;-8.91674
45;54;-7.50017
45;55;2.60849
46;53;-6.98931
46;54;4.94105
46;55;2.4213
47;53;-2.68059
47;54;4.90143
47;55;0.859465
48;53;-4.72767
48;54;-5.30971
48;55;3.01513
49;53;-8.4467
49;54;6.71394
49;55;8.0043
50;53;2.70945
50;54;0.844932
50;55;5.58247
51;53;12.4225
51;54;-0.856588
51;55;-5.1219
52;53;-1.27703
52;54;9.04709
52;55;-4.65606
11;16;0.977221
