1;121;-6.24767
1;122;4.52338
2;121;4.00602
2;122;6.18877
3;121;2.29937
3;122;0.565233
4;121;2.59721
4;122;-4.55544
5;121;-1.5134
5;122;7.1511
6;121;3.82735
6;122;-2.0573
7;121;1.64807
7;122;2.80002
8;121;-5.35626
8;122;9.28497
9;121;-9.12045
9;122;4.22821
10;121;8.70592
10;122;5.57441
11;121;7.35842
11;122;-8.64608
12;121;6.52124
12;122;-6.17777
13;121;7.59769
13;122;16.1798
14;121;7.37848
14;122;-3.87869
15;121;1.81551
15;122;1.85587
16;121;-5.33762
16;122;-6.03834
17;121;0.721108
17;122;-2.41297
18;121;6.75147
18;122;1.05137
19;121;-0.419701
19;122;-7.73007
20;121;-4.12018
20;122;-5.57971
21;121;-4.27255
21;122;8.88673
22;121;-7.50104
22;122;-0.652111
23;121;7.48619
23;122;0.892126
24;121;6.90511
24;122;1.87733
25;121;-6.83969
25;122;7.86636
26;121;3.60359
26;122;-4.26855
27;121;6.56654
27;122;-2.20593
28;121;2.29562
28;122;6.81797
29;121;-9.18803
29;122;3.4485
30;121;9.78269
30;122;4.13151
31;121;4.97211
31;122;7.77454
32;121;6.6745
32;122;-5.61019
33;121;-5.2355
33;122;-9.34073
34;121;9.01821
34;122;9.27597
35;121;2.90906
35;122;9.70264
36;121;8.24609
36;122;-5.18125
37;121;3.58937
37;122;-1.08128
38;121;0.0993681
38;122;5.76845
39;121;-7.09651
39;122;-3.76354
40;121;-8.53552
40;122;3.65484
41;121;-5.05935
41;122;-1.86467
42;121;0.896688
42;122;-5.94429
43;121;6.58587
43;122;9.85824
44;121;13.5566
44;122;9.81506
45;121;3.30674
45;122;-9.36306
46;121;1.63364
46;122;-8.51479
47;121;-8.68299
47;122;-19.9749
48;121;-6.3068
48;122;-3.91849
49;121;1.37237
49;122;1.28968
50;121;4.75877
50;122;9.86846
51;121;-1.22876
51;122;-4.33111
52;121;9.78855
52;122;6.46806
53;121;7.98172
53;122;-9.04267
54;121;3.17225
54;122;7.30114
55;121;4.67946
55;122;-3.33194
56;121;4.52373
56;122;2.20086
57;121;7.68636
57;122;9.34554
58;121;-0.772603
58;122;9.1755
59;121;-2.99466
59;122;5.32895
60;121;-5.62945
60;122;-9.35632
61;121;9.87
61;122;-9.35279
62;121;0.230828
62;122;-6.50784
63;121;0.0991201
63;122;6.71334
64;121;-2.93297
64;122;4.85604
65;121;-0.772994
65;122;-1.03743
66;121;-5.10799
66;122;8.33045
67;121;-5.78617
67;122;7.83214
68;121;-1.17019
68;122;6.4589
69;121;-5.20258
69;122;-6.01995
70;121;-1.73157
70;122;-6.66964
71;121;5.54532
71;122;8.35634
72;121;0.942372
72;122;3.48116
73;121;3.36589
73;122;4.62344
74;121;-6.05677
74;122;-3.12317
75;121;1.1252
75;122;-4.09924
76;121;-9.48775
76;122;-9.87756
77;121;2.10311
77;122;2.46688
78;121;0.436688
78;122;1.47701
79;121;9.78118
79;122;-8.16755
80;121;-2.89303
80;122;2.99817
81;121;-6.89327
81;122;8.47583
82;121;-7.06856
82;122;-2.67944
83;121;7.98862
83;122;4.95275
84;121;-0.821324
84;122;-8.30574
85;121;-3.66231
85;122;5.86404
86;121;-8.02635
86;122;3.11625
87;121;9.81645
87;122;0.461617
88;121;10.4081
88;122;6.19554
89;121;5.61978
89;122;8.51763
90;121;2.5225
90;122;-4.34331
91;121;-3.99451
91;122;-1.11617
92;121;6.1662
92;122;7.83143
93;121;0.521223
93;122;6.21582
94;121;5.04242
94;122;0.302402
95;121;9.44361
95;122;-10.1007
96;121;2.39555
96;122;-4.9094
97;121;-7.12508
97;122;7.30721
98;121;-1.2683
98;122;6.01415
99;121;-5.11863
99;122;-6.41723
100;121;1.68242
100;122;-8.50759
101;121;0.862336
101;122;-2.70843
102;121;-7.36654
102;122;-2.25455
103;121;-2.87234
103;122;-8.07009
104;121;2.59485
104;122;-9.57833
105;121;-7.97212
105;122;1.91326
106;121;9.74358
106;122;-3.44768
107;121;8.10692
107;122;9.67445
108;121;-3.17035
108;122;-1.37185
109;121;5.33402
109;122;-4.3948
110;121;-9.98087
110;122;-3.94416
111;121;14.6408
111;122;1.05546
112;121;9.41711
112;122;4.50708
113;121;2.27198
113;122;7.84954
114;121;-3.69482
114;122;-8.93121
115;121;7.3312
115;122;-6.8545
116;121;12.1845
116;122;-7.27659
117;121;2.05822
117;122;6.33335
118;121;7.71446
118;122;13.91
119;121;3.79017
119;122;-3.03323
120;121;3.69501
120;122;-9.86062
