1;121;7.89422
1;122;2.74223
2;121;4.00602
2;122;1.62831
3;121;2.38396
3;122;2.14853
4;121;9.88993
4;122;-4.76859
5;121;-2.6309
5;122;0.971595
6;121;3.82735
6;122;-9.80104
7;121;9.44689
7;122;7.85443
8;121;4.77486
8;122;0.1511
9;121;-6.41563
9;122;4.97101
10;121;-2.88984
10;122;6.69425
11;121;9.73962
11;122;-9.72767
12;121;3.0834
12;122;-8.42053
13;121;-1.43383
13;122;8.09077
14;121;13.3408
14;122;-3.87869
15;121;-11.6985
15;122;-8.10283
16;121;-8.06791
16;122;3.85657
17;121;-5.1219
17;122;-6.81787
18;121;-2.97666
18;122;1.05137
19;121;3.13799
19;122;-6.09327
20;121;-1.17007
20;122;3.77328
21;121;0.727449
21;122;2.25529
22;121;-0.225338
22;122;-6.23069
23;121;7.28893
23;122;-0.674934
24;121;-4.57059
24;122;-8.77533
25;121;0.0803385
25;122;7.86636
26;121;9.52656
26;122;-5.18004
27;121;9.922
27;122;2.5486
28;121;-3.01692
28;122;-9.40508
29;121;-3.81887
29;122;3.28829
30;121;9.78269
30;122;-0.517368
31;121;4.63877
31;122;3.56136
32;121;-5.87906
32;122;-6.92192
33;121;-12.7157
33;122;8.82408
34;121;-3.81685
34;122;7.90249
35;121;-2.75397
35;122;6.5526
36;121;3.13566
36;122;-9.48383
37;121;7.69087
37;122;4.52922
38;121;1.33857
38;122;3.96698
39;121;-4.24836
39;122;-3.39733
40;121;-0.141949
40;122;4.55553
41;121;7.24826
41;122;6.92483
42;121;-6.09555
42;122;12.9617
43;121;6.58587
43;122;6.5541
44;121;8.55662
44;122;-0.976325
45;121;1.60737
45;122;7.54198
46;121;1.63364
46;122;5.67615
47;121;-7.99595
47;122;-4.80147
48;121;-7.77339
48;122;3.74588
49;121;-5.24308
49;122;-11.977
50;121;0.807092
50;122;-7.74024
51;121;-1.98928
51;122;4.73051
52;121;-7.51527
52;122;19.5568
53;121;0.577842
53;122;-4.66801
54;121;5.90067
54;122;0.0113602
55;121;8.12253
55;122;1.89559
56;121;4.52373
56;122;2.74108
57;121;0.513308
57;122;6.49527
58;121;0.53151
58;122;9.80455
59;121;-6.52293
59;122;-3.12094
60;121;8.09563
60;122;-4.84829
61;121;9.43314
61;122;-2.66546
62;121;4.48673
62;122;9.13715
63;121;4.18004
63;122;6.71334
64;121;-1.24717
64;122;9.84962
65;121;-4.87691
65;122;-9.62024
66;121;4.43698
66;122;1.3793
67;121;-8.24381
67;122;-9.86817
68;121;2.73724
68;122;-4.3995
69;121;6.88413
69;122;-1.36209
70;121;6.02728
70;122;-8.86284
71;121;5.24343
71;122;-9.07316
72;121;-7.02578
72;122;-6.54729
73;121;3.36589
73;122;3.50573
74;121;0.900091
74;122;4.63227
75;121;-7.40614
75;122;-3.34588
76;121;7.25074
76;122;-2.76016
77;121;6.0085
77;122;1.73747
78;121;-8.12425
78;122;-9.11276
79;121;4.75441
79;122;5.90463
80;121;-2.89303
80;122;-7.61552
81;121;-6.64106
81;122;8.38921
82;121;-2.02409
82;122;-9.6496
83;121;7.11488
83;122;2.69044
84;121;-8.08145
84;122;3.99901
85;121;-8.67165
85;122;7.94583
86;121;-5.59657
86;122;0.368711
87;121;9.81645
87;122;-2.62235
88;121;5.14171
88;122;3.18233
89;121;-8.39633
89;122;9.35137
90;121;5.09487
90;122;-6.52275
91;121;-3.99451
91;122;-12.9463
92;121;6.95046
92;122;0.110886
93;121;-9.10602
93;122;8.82622
94;121;2.52623
94;122;-8.71317
95;121;9.21483
95;122;-7.98286
96;121;-3.89221
96;122;3.36127
97;121;-7.46842
97;122;1.35634
98;121;6.10708
98;122;9.3244
99;121;-1.89823
99;122;-6.67483
100;121;1.68242
100;122;-1.97914
101;121;-9.46996
101;122;0.371914
102;121;-7.95131
102;122;-2.25455
103;121;5.43156
103;122;7.45682
104;121;-3.85267
104;122;-3.96006
105;121;-3.40876
105;122;6.05326
106;121;1.98024
106;122;-7.18632
107;121;12.7869
107;122;1.42564
108;121;5.15141
108;122;3.65062
109;121;7.6147
109;122;5.22057
110;121;-3.81549
110;122;-3.94416
111;121;8.02579
111;122;2.2923
112;121;5.9448
112;122;-4.04134
113;121;1.31917
113;122;5.4554
114;121;1.82221
114;122;7.10472
115;121;4.86346
115;122;-7.25866
116;121;7.10121
116;122;-1.00825
117;121;1.7382
117;122;6.24377
118;121;7.93649
118;122;-6.59264
119;121;9.51503
119;122;1.21744
120;121;-1.83172
120;122;-3.89374
50;125;-3.1186
125;122;0.168683
22;148;3.07685
148;122;-6.23069
73;149;-3.77875
149;121;3.36589
24;152;1.00672
152;121;-4.57059
