1;121;55.5506
1;122;-18.9567
2;121;-87.4997
2;122;16.2831
3;121;23.8396
3;122;43.7773
4;121;88.8993
4;122;-64.4176
5;121;62.1343
5;122;9.71595
6;121;-44.0802
6;122;-26.9265
7;121;94.4689
7;122;21.8569
8;121;1.41781
8;122;-53.6388
9;121;77.837
9;122;88.5792
10;121;68.5215
10;122;83.0188
11;121;87.3962
11;122;66.3063
12;121;30.2205
12;122;-84.2053
13;121;-83.1726
13;122;36.3252
14;121;103.408
14;122;64.0631
15;121;-66.9849
15;122;-73.8322
16;121;-80.6791
17;121;7.21109
17;122;-68.1787
18;121;4.84875
18;122;-68.9493
19;121;75.5986
19;122;3.74805
20;121;-33.3669
20;122;37.7328
21;121;-86.536
21;122;22.5529
22;121;-89.1936
22;122;-92.0671
23;121;-55.5902
23;122;12.2242
24;121;-45.7059
24;122;-87.7533
25;121;0.803391
25;122;-77.1845
26;121;95.2656
26;122;-1.80036
27;121;89.1218
27;122;25.486
28;121;13.9944
28;122;-84.0508
29;121;-38.1887
29;122;-2.59811
30;121;70.0123
30;122;-5.17368
31;121;23.5697
31;122;89.3332
32;121;-16.608
32;122;-69.2192
33;121;-88.8455
33;122;88.2408
34;121;-38.1685
34;122;86.753
35;121;-8.0112
35;122;28.4646
36;121;34.4858
36;122;5.4528
37;121;-48.9826
37;122;45.2922
38;121;13.3857
38;122;-4.57281
39;121;-42.4836
39;122;67.6797
40;121;7.67392
40;122;58.3197
41;121;90.4953
41;122;2.93948
42;121;-43.4806
42;122;79.617
43;121;-71.5745
43;122;70.5137
44;121;85.5662
44;122;-9.76325
45;121;-32.0844
45;122;55.5785
46;121;85.0631
46;122;91.4853
47;121;44.9117
47;122;-31.5449
48;121;-77.7339
48;122;66.0662
49;121;-43.3042
49;122;-15.9025
50;121;62.8192
50;122;48.6846
51;121;-87.4379
51;122;-2.69494
52;121;-45.8626
52;122;-36.4205
53;121;-57.4027
54;121;59.0067
54;122;-9.88639
55;121;35.2028
55;122;-33.3194
56;121;-41.5667
56;122;25.6981
57;121;69.6201
58;121;5.3151
58;122;98.0456
59;121;-14.5336
59;122;-9.11871
60;121;-21.7177
60;122;53.3821
61;121;-53.5402
61;122;-26.6546
62;121;44.8674
62;122;81.3715
63;121;41.8004
63;122;67.1334
64;121;57.4377
64;122;98.4963
65;121;-48.7691
65;122;20.2569
66;121;47.1809
66;122;-36.207
67;121;-82.4381
67;122;-98.6817
68;121;27.3724
68;122;-49.8408
69;121;68.8414
69;122;-13.6209
70;121;60.2728
70;122;4.04417
71;121;53.0597
71;122;-81.2939
72;121;-70.2578
72;122;22.6797
73;121;33.6589
73;122;35.0573
74;121;20.7253
74;122;-80.8747
75;121;-74.0614
75;122;-90.9924
76;121;72.5074
76;122;-27.6016
77;121;-17.647
77;122;17.3747
78;121;-36.2301
78;122;-75.8466
79;121;-15.4919
79;122;-78.7925
80;121;-77.3503
80;122;35.739
81;121;41.4644
81;122;69.8305
82;121;99.532
83;121;61.1488
83;122;26.9044
84;121;-80.8145
84;122;39.9902
85;121;-86.7165
85;122;79.4583
86;121;-55.9657
86;122;66.3432
87;121;98.1645
87;122;-26.2235
88;121;-10.977
88;122;31.8233
89;121;-91.1661
89;122;-90.2517
90;121;50.9487
90;122;-65.2275
91;121;-81.2441
91;122;23.4561
92;121;7.17087
92;122;1.10886
93;121;-59.1692
93;122;70.9407
94;121;25.2623
94;122;25.3389
95;121;92.1483
95;122;47.9119
96;121;-38.9221
96;122;33.6127
97;121;17.7424
97;122;-39.3901
98;121;-7.36098
98;122;-11.1088
99;121;87.5143
99;122;11.8246
100;121;-71.1186
100;122;-99.2021
101;121;-8.71712
101;122;-27.0843
102;121;67.1411
102;122;-10.5526
103;121;56.6922
103;122;-43.8359
104;121;-78.7293
104;122;55.5261
105;121;-34.0876
105;122;72.2194
106;121;100.299
106;122;-15.3317
107;121;-4.32455
107;122;-2.53059
108;121;85.7771
108;122;36.5062
109;121;-31.5899
109;122;11.0394
110;121;-38.1549
110;122;-39.4416
111;121;-41.0487
111;122;22.923
112;121;94.1711
112;122;76.6937
113;121;83.5329
113;122;-13.1899
114;121;-34.415
114;122;71.0472
115;121;98.6347
115;122;-5.53367
116;121;71.8451
116;122;-10.0825
117;121;67.382
117;122;38.9862
118;121;79.3649
118;122;4.07424
119;121;105.15
119;122;-109.364
120;121;-20.3997
120;122;-38.9374
53;125;-94.883
125;122;67.5231
16;126;-0.137436
126;122;88.5657
57;137;-97.64
137;122;14.9527
82;144;10.2073
144;122;59.0263
