1;121;55.5506
1;122;2.40151
2;121;69.9712
2;122;-47.8338
3;121;-52.7335
3;122;-85.9498
4;121;-82.4722
4;122;-45.5544
5;121;-26.309
5;122;9.71595
6;121;12.8398
6;122;75.3049
7;121;16.4807
7;122;-47.0964
8;121;1.41781
8;122;68.4338
9;121;67.837
9;122;88.5792
10;121;-3.92576
10;122;93.0188
11;121;70.412
11;122;95.6459
12;121;-30.8998
12;122;-84.2053
13;121;75.9769
13;122;24.0117
14;121;83.4075
14;122;-80.3529
15;121;-66.9849
15;122;-78.4774
16;121;-75.6589
16;122;16.6202
17;121;-32.5497
17;122;-68.1787
18;121;46.7272
18;122;-82.8902
19;121;-85.4677
19;122;-27.3007
20;121;90.324
20;122;47.6311
21;121;-42.7255
21;122;88.8673
22;121;68.5717
22;122;-92.0671
23;121;-65.5902
23;122;12.2242
24;121;37.1776
24;122;-87.7533
25;121;0.803391
25;122;82.2066
26;121;95.2656
26;122;-1.80036
27;121;89.1218
27;122;-74.7968
28;121;13.9944
28;122;-18.9805
29;121;-85.6721
29;122;-55.1673
30;121;62.89
30;122;4.97966
31;121;56.5065
31;122;32.8486
32;121;-16.608
32;122;93.1765
33;121;-78.8455
33;122;88.2408
34;121;-38.1685
34;122;96.753
35;121;86.1715
35;122;87.0264
36;121;34.4858
36;122;-78.8526
37;121;3.19421
37;122;-18.1575
38;121;-41.1595
38;122;-39.7203
39;121;79.4272
39;122;86.2522
40;121;61.9489
40;122;-92.3509
41;121;90.4953
41;122;24.1879
42;121;-60.9555
42;122;-72.75
43;121;41.2127
43;122;70.5137
44;121;67.5929
44;122;-9.76325
45;121;-73.2412
45;122;55.5785
46;121;16.3364
46;122;16.197
47;121;-72.5094
47;122;-31.5449
48;121;-77.7339
48;122;-21.7024
49;121;-57.0037
49;122;-68.8128
50;121;92.883
50;122;0.131729
51;121;44.6539
51;122;33.2738
52;121;43.3412
52;122;95.5683
53;121;-57.4027
53;122;67.5231
54;121;9.97887
54;122;-93.9665
55;121;35.2028
55;122;-33.3194
56;121;14.1862
56;122;-38.8461
57;121;69.6201
57;122;43.2248
58;121;-7.72603
58;122;60.4161
59;121;-38.6456
59;122;14.5526
60;121;-72.8911
60;122;-39.9814
61;121;-14.1417
61;122;-66.0072
62;121;95.7943
62;122;91.3715
63;121;41.8004
63;122;5.0745
64;121;-64.9552
64;122;48.5604
65;121;-48.7691
65;122;20.2569
66;121;87.5723
66;122;-36.207
67;121;-82.8507
67;122;-98.6817
68;121;27.3724
68;122;64.5891
69;121;-58.9151
69;122;-57.119
70;121;60.2728
70;122;-24.0172
71;121;-6.78323
71;122;83.5634
72;121;-22.4845
72;122;-9.36489
73;121;-80.2483
73;122;-89.6303
74;121;20.7253
74;122;15.0406
75;121;59.7367
75;122;-33.4588
76;121;73.5537
76;122;78.9661
77;121;-70.0817
77;122;17.3747
78;121;4.36689
78;122;92.3708
79;121;-15.4919
79;122;-82.0658
80;121;-65.049
80;122;35.739
81;121;-64.1617
81;122;59.8305
82;121;76.4454
82;122;95.008
83;121;17.8817
83;122;-62.9835
84;121;-80.8145
84;122;39.9902
85;121;99.932
85;122;69.4583
86;121;-55.9657
86;122;2.74001
87;121;42.2038
87;122;-67.2914
88;121;54.0813
88;122;84.0188
89;121;-30.2969
89;122;-21.25
90;121;51.4999
90;122;-89.5023
91;121;-81.2441
91;122;-79.4634
92;121;7.17087
92;122;-29.9585
93;121;-59.1692
93;122;70.9407
94;121;26.131
94;122;82.1897
95;121;-69.5173
95;122;-59.4425
96;121;53.1291
96;122;33.6127
97;121;-43.5969
97;122;81.6659
98;121;-7.36098
98;122;-11.1088
99;121;87.5143
99;122;11.8246
100;121;19.8694
100;122;13.8943
101;121;77.3984
101;122;55.264
102;121;70.771
102;122;-97.4073
103;121;46.6922
103;122;53.6754
104;121;-18.4424
104;122;55.5261
105;121;40.8238
105;122;72.2194
106;121;-8.19219
106;122;53.9482
107;121;36.8736
107;122;2.30865
108;121;-1.8217
108;122;98.9644
109;121;-41.5899
109;122;-20.8024
110;121;-38.1549
110;122;-25.8049
111;121;-52.3559
111;122;22.923
112;121;82.8317
112;122;-68.9535
113;121;-53.4633
113;122;-13.1899
114;121;41.4111
114;122;16.2391
115;121;98.6347
115;122;-5.53367
116;121;93.3146
116;122;50.7104
117;121;-83.4555
117;122;-31.9884
118;121;-60.0111
118;122;-44.3755
119;121;17.761
119;122;47.5175
120;121;68.4451
120;122;-38.9374
