1;121;5.55506
1;122;8.59286
2;121;4.00602
2;122;6.71069
3;121;0.62289
3;122;-9.88582
4;121;-7.44516
4;122;-6.44176
5;121;-8.99105
5;122;8.51716
6;121;0.883659
6;122;-2.69265
7;121;9.44689
7;122;7.57535
8;121;4.77486
8;122;-3.36061
9;121;7.70028
9;122;-1.34575
10;121;6.85215
10;122;2.71929
11;121;9.73962
11;122;3.51308
12;121;-0.118164
12;122;-8.42053
13;121;-3.8319
13;122;3.63252
14;121;8.18657
14;122;-6.34072
15;121;2.70175
15;122;8.64969
16;121;-1.15347
16;122;8.85657
17;121;-1.37606
17;122;2.83194
18;121;-4.59583
18;122;-3.45779
19;121;8.78258
19;122;-3.15224
20;121;-8.33669
20;122;2.18234
21;121;-6.43372
21;122;2.25529
22;121;1.74415
23;121;-5.55902
23;122;4.88779
24;121;-3.20121
24;122;-8.77533
25;121;0.0803385
25;122;5.8982
26;121;8.46372
26;122;2.08757
27;121;-1.90288
27;122;-6.65444
28;121;4.82183
28;122;2.29718
29;121;-3.81887
29;122;-6.88376
30;121;7.00123
30;122;-0.517368
31;121;9.90597
31;122;2.91203
32;121;7.04079
32;122;-6.92192
33;121;5.61908
33;122;8.82408
34;121;-5.85895
34;122;0.363013
35;121;9.65153
35;122;1.68865
36;121;8.24609
36;122;-9.45472
37;121;3.47951
37;122;-8.74638
38;121;0.0993681
38;122;-0.457282
39;121;1.20047
39;122;-0.957552
40;121;8.46111
40;122;-2.98947
41;121;-2.89429
41;122;8.9925
42;121;7.74198
42;122;7.9617
43;121;-7.15745
43;122;2.79596
44;121;1.65364
44;122;9.79576
45;121;5.54186
45;122;-6.99816
46;121;8.50631
46;122;-4.34784
47;121;-4.27822
47;122;-6.81281
48;121;-5.54795
48;122;-10.6042
49;121;-4.33042
49;122;-1.59025
50;121;-6.90089
50;122;4.86846
51;121;-8.74379
51;122;7.77026
52;121;-3.46458
52;122;-7.5962
53;121;-5.74027
53;122;5.34879
54;121;-8.59975
54;122;0.0113602
55;121;-0.617279
55;122;-0.860901
56;121;-4.15667
56;122;2.56981
57;121;6.962
57;122;1.49527
58;121;0.53151
58;122;4.80455
59;121;-2.95213
59;122;-0.911871
60;121;-3.82448
60;122;5.33821
61;121;9.87
61;122;-2.50017
62;121;4.48673
62;122;9.13715
63;121;-0.289121
63;122;-2.34222
64;121;-2.93297
64;122;-6.17945
65;121;8.76083
65;122;2.02569
66;121;4.71809
66;122;8.33045
67;121;-8.24381
67;122;-9.86817
68;121;2.73724
68;122;-3.98408
69;121;-5.20258
69;122;-1.36209
70;121;6.02728
70;122;-4.28915
71;121;5.30597
71;122;5.00749
72;121;6.24128
72;122;4.42822
73;121;3.36589
73;122;4.88099
74;121;2.07253
74;122;-3.45756
75;121;-2.40614
75;122;6.48217
76;121;7.25074
76;122;-1.6625
77;121;-8.4472
77;122;-7.34955
78;121;-3.62301
78;122;-7.58466
79;121;-1.54919
79;122;-7.87925
80;121;-7.73503
80;122;9.31363
81;121;-6.89327
81;122;13.7026
82;121;9.9532
82;122;-1.81035
83;121;7.11488
83;122;-9.09885
84;121;-0.253575
84;122;2.95865
85;121;-8.95104
85;122;7.94583
86;121;0.0969067
86;122;6.63432
87;121;9.81645
87;122;-8.07685
88;121;3.68428
88;122;3.18233
89;121;-6.65669
89;122;6.67746
90;121;6.62672
90;122;-8.32166
91;121;7.58305
91;122;2.3456
92;121;8.86595
92;122;0.110886
93;121;-5.91692
93;122;4.67101
94;121;2.52623
94;122;-2.46611
95;121;3.92593
95;122;-7.98286
96;121;3.76845
96;122;3.36127
97;121;-14.7394
97;122;-3.93901
98;121;-0.736098
98;122;4.37302
99;121;8.75143
99;122;-2.46104
100;121;-4.37286
100;122;-8.55611
101;121;-0.871712
101;122;-2.70843
102;121;-7.70673
102;122;5.12188
103;121;14.8927
103;122;2.11618
104;121;2.59485
104;122;-12.621
105;121;-6.63308
105;122;2.17714
106;121;9.02985
106;122;-1.53317
107;121;-0.432456
107;122;-5.25306
108;121;-9.91417
108;122;3.65062
109;121;-2.23624
109;122;-3.89606
110;121;1.18451
110;122;8.56172
111;121;6.75264
111;122;2.2923
112;121;9.41711
112;122;-7.86587
113;121;1.57651
113;122;7.84954
114;121;7.37005
114;122;-1.93106
115;121;-2.76874
115;122;8.40193
116;121;-2.55552
116;122;-1.00825
117;121;-3.83392
117;122;-0.262251
118;121;1.29798
118;122;1.40742
119;121;9.51503
119;122;-14.9364
120;121;4.7552
120;122;-5.15479
4;129;-6.56583
129;122;-6.44176
46;116;-3.16761
90;143;0.101769
143;121;6.62672
113;93;4.52382
120;151;-2.77109
151;121;1.96003
