1;121;4.30566
1;122;4.52338
2;121;6.99712
2;122;1.62831
3;121;8.53103
3;122;-8.59498
4;121;14.8899
4;122;-1.09843
5;121;-7.6309
5;122;3.58954
6;121;5.41194
6;122;-0.654001
7;121;9.91538
7;122;-1.62403
8;121;-2.55865
8;122;9.28497
9;121;0.403723
9;122;8.85792
10;121;8.70592
10;122;-4.22894
11;121;-2.28948
11;122;-8.64608
12;121;3.02205
12;122;-8.42053
13;121;-6.18019
13;122;2.40117
14;121;8.34075
14;122;-12.0353
15;121;0.652617
15;122;0.155496
16;121;-8.06791
16;122;3.54683
17;121;0.721108
17;122;-6.81787
18;121;0.484874
18;122;9.61482
19;121;1.84318
19;122;-2.73007
20;121;-3.05607
20;122;-5.57971
21;121;7.28055
21;122;2.25529
22;121;-0.458351
22;122;-4.34533
23;121;-5.55902
23;122;-0.875006
24;121;4.16045
24;122;-1.38194
25;121;-6.83969
25;122;4.54418
26;121;8.46372
26;122;7.24185
27;121;9.22028
27;122;-7.99374
28;121;4.82183
28;122;-4.40508
29;121;-8.81887
29;122;-0.0215635
30;121;2.29602
30;122;-5.51737
31;121;4.63877
31;122;8.93332
32;121;-7.22891
32;122;-4.3144
33;121;-6.3144
33;122;8.82408
34;121;-3.81685
34;122;9.6753
35;121;-0.801121
35;122;3.76592
36;121;8.24609
36;122;-7.88526
37;121;-1.53254
37;122;-7.31863
38;121;-5.30578
38;122;-5.05139
39;121;5.85378
39;122;6.76797
40;121;-8.53552
40;122;3.65484
41;121;-9.21935
41;122;6.7041
42;121;-1.47154
42;122;7.9617
43;121;3.67889
43;122;-3.71574
44;121;-0.218225
44;122;4.30981
45;121;2.13397
45;122;-1.08414
46;121;5.2588
46;122;9.14853
47;121;-8.68299
47;122;-3.71551
48;121;-7.77339
48;122;-2.53998
49;121;-4.33042
49;122;1.25046
50;121;-2.55932
50;122;-9.48717
51;121;1.22891
51;122;-7.60641
52;121;4.33412
52;122;6.93284
53;121;-0.476999
53;122;-2.82105
54;121;8.4838
54;122;-0.268458
55;121;3.52028
55;122;1.66806
56;121;4.52373
56;122;2.75465
57;121;-7.41038
57;122;1.49527
58;121;0.53151
58;122;9.80455
59;121;8.86789
59;122;1.45526
60;121;-1.17177
60;122;-9.35632
61;121;-1.00276
61;122;-8.2737
62;121;0.230828
62;122;-4.34102
63;121;-0.289121
63;122;6.71334
64;121;-6.23504
64;122;4.85604
65;121;8.76083
65;122;1.37498
66;121;4.71809
66;122;6.06869
67;121;-8.24381
67;122;-6.1295
68;121;2.73724
68;122;0.841598
69;121;6.88413
69;122;4.88299
70;121;9.70114
70;122;0.404416
71;121;-3.78032
71;122;-1.15444
72;121;-4.563
72;122;0.675641
73;121;3.36589
73;122;-5.47939
74;121;-6.95819
74;122;-13.0875
75;121;-6.03001
75;122;-9.09924
76;121;2.14773
76;122;-2.76016
77;121;-1.7647
77;122;3.25569
78;121;-2.27022
78;122;6.40574
79;121;9.78118
79;122;-7.87925
80;121;-6.5049
80;122;-6.65223
81;121;9.14644
81;122;13.5076
82;121;8.45317
82;122;-0.0144482
83;121;-7.59259
83;122;-6.29835
84;121;-3.32814
84;122;-8.09601
85;121;-8.67165
85;122;-4.42079
86;121;5.7363
86;122;3.11625
87;121;9.81645
87;122;0.461617
88;121;2.92772
88;122;3.18233
89;121;-9.85893
89;122;9.12222
90;121;5.09487
90;122;0.940299
91;121;-6.72385
91;122;0.151978
92;121;-4.22087
92;122;-3.53489
93;121;-6.489
93;122;7.6502
94;121;8.10193
94;122;-2.47613
95;121;-6.95173
95;122;-3.63405
96;121;9.02454
96;122;0.260472
97;121;6.77424
97;122;1.06099
98;121;-9.75397
98;122;-0.555882
99;121;5.30083
99;122;8.5064
100;121;-2.93756
100;122;-8.50759
101;121;1.93624
101;122;-2.70843
102;121;6.71411
102;122;4.64636
103;121;4.66922
103;122;7.45682
104;121;-0.529982
104;122;-3.96006
105;121;-7.97212
105;122;1.91326
106;121;5.61974
106;122;-7.18632
107;121;3.68736
107;122;1.18551
108;121;9.69908
108;122;3.65062
109;121;3.609
109;122;4.7415
110;121;-3.81549
110;122;5.03757
111;121;1.9755
111;122;-4.13575
112;121;0.923435
112;122;-9.7706
113;121;-2.24252
113;122;1.16946
114;121;13.3812
114;122;-5.1138
115;121;9.86346
115;122;-7.12646
116;121;7.18451
116;122;5.99356
117;121;2.80197
117;122;6.33335
118;121;7.93649
118;122;1.40742
119;121;6.42721
119;122;-0.113657
120;121;4.7552
120;122;-3.89374
