1;121;-54.8754
1;122;94.9868
2;121;-61.1419
2;122;-47.8338
3;121;-39.2342
3;122;-4.11466
4;121;90.2534
4;122;-79.5165
5;121;36.6063
5;122;-19.9704
6;121;-80.8591
6;122;-0.636398
7;121;69.3593
7;122;-60.9985
8;121;67.8082
8;122;-81.7356
9;121;-64.1563
9;122;19.2035
10;121;-95.8014
10;122;80.3272
11;121;-72.887
11;122;-86.4608
12;121;83.4406
12;122;-65.6928
13;121;62.3159
13;122;24.0117
14;121;99.9391
14;122;-70.3529
15;121;-1.0745
15;122;-96.7647
16;121;38.4653
16;122;35.4683
17;121;-53.2112
17;122;-90.1054
18;121;-51.1861
18;122;12.2618
19;121;-88.4812
19;122;55.922
20;121;-63.9431
20;122;-94.929
21;121;19.0969
21;122;67.0032
22;121;68.5717
22;122;58.581
23;121;68.5708
23;122;-77.9146
24;121;-23.9273
24;122;86.3985
25;121;-68.3969
25;122;-3.6965
26;121;13.021
26;122;27.4392
27;121;-91.4333
27;122;25.486
28;121;-19.7436
28;122;-53.2352
29;121;-94.3833
29;122;-55.1673
30;121;0.39785
30;122;-85.4671
31;121;46.3877
31;122;69.9782
32;121;-16.608
32;122;-98.6888
33;121;-83.0113
33;122;-9.97668
34;121;33.9776
34;122;-71.4926
35;121;-79.7049
35;122;-80.9644
36;121;6.32129
36;122;29.7453
37;121;-23.041
37;122;-18.1575
38;121;-8.04495
38;122;-50.5139
39;121;-19.5794
39;122;67.6797
40;121;88.4536
40;122;-92.3509
41;121;-28.9429
41;122;2.93948
42;121;53.7462
42;122;13.3574
43;121;-71.5745
43;122;65.541
44;121;-93.0808
44;122;64.9935
45;121;-72.256
45;122;-39.4799
46;121;32.4477
46;122;61.1083
47;121;44.9117
47;122;57.5459
48;121;-19.2165
48;122;8.91488
49;121;-83.416
49;122;70.9096
50;121;2.71394
50;122;-0.571609
51;121;-52.0603
51;122;-76.0641
52;121;-98.1195
52;122;-81.0304
53;121;-77.7763
53;122;53.4879
54;121;-81.1855
54;122;-40.0675
55;121;-61.0878
55;122;98.5686
56;121;24.2074
56;122;-17.9468
57;121;24.3439
57;122;61.3516
58;121;-38.0025
58;122;2.39846
59;121;-56.3739
59;122;-16.6997
60;121;-85.0693
60;122;69.4693
61;121;-10.0276
61;122;-21.4989
62;121;69.6266
62;122;3.1425
63;121;-35.9934
63;122;67.1334
64;121;18.0861
64;122;67.6196
65;121;-41.5918
65;122;20.2569
66;121;64.7119
66;122;-36.207
67;121;23.1539
67;122;34.1782
68;121;27.3724
68;122;63.6082
69;121;-65.9437
69;122;-57.119
70;121;-32.6239
70;122;-47.5564
71;121;-32.2143
71;122;23.005
72;121;-89.4941
72;122;22.6797
73;121;49.6263
73;122;-4.79393
74;121;96.6829
74;122;-38.4821
75;121;-39.4144
75;122;-52.4149
76;121;73.5537
76;122;-98.7756
77;121;-78.4523
77;122;-15.3244
78;121;-5.63311
78;122;-37.0254
79;121;-15.4919
79;122;66.7206
80;121;7.77705
80;122;-48.5332
81;121;88.7201
81;122;84.7583
82;121;7.03752
82;122;14.9191
83;121;-56.613
83;122;14.547
84;121;-21.4727
84;122;79.5865
85;121;95.9075
85;122;79.4583
86;121;-11.1242
86;122;31.1626
87;121;-58.5708
87;122;-80.7685
88;121;79.7417
88;122;84.0188
89;121;-81.1467
89;122;32.5123
90;121;3.6603
90;122;-1.7663
91;121;-67.2385
91;122;-96.436
92;121;88.4467
92;122;-58.6768
93;121;46.7443
93;122;62.1582
94;121;12.0815
94;122;3.02402
95;121;-69.5173
95;122;99.6144
96;121;87.6473
96;122;26.1202
97;121;55.2011
97;122;35.9822
98;121;-38.6331
98;122;-5.55881
99;121;-42.4458
99;122;-80.1367
100;121;-43.7286
100;122;-10.6757
101;121;24.4918
101;122;79.6955
102;121;-79.5131
102;122;-35.0547
103;121;74.7208
103;122;74.5682
104;121;-47.7605
104;122;-3.01791
105;121;-62.3032
105;122;60.5326
106;121;56.1974
106;122;99.9984
107;121;25.8959
107;122;-7.69135
108;121;74.2337
108;122;-26.5944
109;121;-73.0354
109;122;-43.5442
110;121;-45.7492
110;122;-80.0257
111;121;-52.3559
111;122;10.5546
112;121;46.373
112;122;-78.6587
113;121;48.0826
113;122;28.2838
114;121;-3.26482
114;122;4.09094
115;121;-5.70331
115;122;-38.7195
116;121;-4.87171
116;122;99.531
117;121;14.8402
117;122;63.3335
118;121;12.9798
118;122;-57.9596
119;121;94.7781
119;122;5.20621
120;121;-64.3855
120;122;5.9836
