1;53;-9.71245
1;54;8.12072
1;55;5.73532
2;53;-5.16548
2;54;8.50153
2;55;-4.90187
3;53;-0.649752
3;54;-8.14848
3;55;4.88817
4;53;6.84624
4;54;-9.93072
4;55;-5.38052
5;54;4.65093
5;55;-1.49857
6;53;7.42226
6;54;-1.50985
6;55;-9.71058
7;53;9.90597
7;54;-4.15585
7;55;4.2988
8;53;5.89213
8;54;-2.44189
8;55;7.27505
9;53;2.50947
9;54;5.71954
9;55;0.75676
10;53;-5.25979
10;54;7.34224
10;55;-6.72914
11;53;-0.864991
11;54;-2.8538
11;55;8.61333
12;53;4.29126
12;54;2.35126
12;55;0.797361
13;53;-6.4618
13;54;-0.893855
13;55;1.23207
14;53;-3.13006
14;54;0.65094
14;55;-8.49198
15;53;1.21847
15;54;4.40501
15;55;8.61715
16;53;2.40713
16;54;4.03908
16;55;5.21594
17;53;0.696442
17;54;12.918
17;55;-3.33832
18;53;9.09408
18;54;4.86221
18;55;3.99476
19;53;6.85717
19;54;-6.03834
19;55;-8.70239
20;53;-9.51633
20;54;2.39555
20;55;4.2464
21;53;0.366121
21;54;9.85824
21;55;9.04059
22;53;-2.91014
22;54;3.30674
22;55;-5.58496
23;53;5.46606
23;54;2.0218
23;55;-6.82051
24;53;-4.97486
24;54;-2.94158
24;55;-2.44224
25;53;-9.58249
25;54;-1.30993
25;55;9.2883
26;53;-9.86474
26;54;3.82317
26;55;-6.81391
27;53;3.28632
27;54;6.27379
27;55;-0.349491
28;53;4.15142
28;54;7.54691
28;55;2.17196
29;53;9.67946
29;54;2.46237
29;55;0.992548
30;53;8.96412
30;54;-1.95794
30;55;-7.05186
31;53;-2.36664
31;54;-12.8273
31;55;-4.57796
32;53;-7.95114
32;54;-7.13552
32;55;7.42943
33;53;-8.26657
33;54;-2.27881
33;55;9.29726
34;53;6.49935
34;54;-2.25367
34;55;-9.04037
35;53;7.71446
35;54;9.1187
35;55;2.48139
36;53;-1.06702
36;54;-1.92165
36;55;-4.51329
37;53;-12.3273
37;54;9.86127
37;55;-6.85334
38;53;8.62874
38;54;4.89683
38;55;7.05499
39;53;-3.68495
39;54;-7.80579
39;55;1.26366
40;53;-0.368563
40;54;-14.686
40;55;0.264437
41;53;-1.3512
41;54;-0.883274
41;55;6.48521
42;53;0.452238
42;54;-2.08491
42;55;0.248443
43;53;-9.42486
43;54;0.563864
43;55;-0.817431
44;53;-8.37666
44;54;9.31003
44;55;-5.69868
45;53;-5.07795
45;54;-3.4495
45;55;9.57943
46;53;-4.36706
46;54;2.18838
46;55;1.27749
47;53;7.96943
47;54;-7.17996
47;55;-7.59259
48;53;1.35297
48;54;-6.58426
48;55;-6.48791
49;53;-9.45432
49;54;8.28946
49;55;1.08002
50;53;-4.33723
50;54;-1.68948
50;55;6.92018
51;53;8.9853
51;54;-5.65337
51;55;-1.79802
52;53;-3.9582
52;54;-5.14054
52;55;-1.93618
44;28;-5.78963
30;72;-11.9754
72;53;-1.01318
44;81;7.15932
81;55;-0.698678
