1;121;98.546
1;122;3.34333
2;121;56.6199
2;122;86.8181
3;121;79.7756
3;122;5.65234
4;121;-91.4848
4;122;-10.9843
5;121;62.1343
5;122;-19.9704
6;121;35.3958
6;122;-38.2044
7;121;94.4689
7;122;78.4406
8;121;-25.5865
8;122;65.2308
9;121;-54.8528
9;122;-84.1753
10;121;-26.4158
10;122;-71.6376
11;121;-22.8948
11;122;-95.8021
12;121;30.2205
12;122;-90.9509
13;121;-83.1726
13;122;-19.8111
14;121;80.2059
14;122;74.0631
15;121;85.1359
15;122;-96.7647
16;121;-75.6589
16;122;17.0013
17;121;11.9733
17;122;77.6293
18;121;-74.1811
18;122;-2.71644
19;121;75.5986
19;122;94.555
20;121;-68.7314
20;122;37.7328
21;121;69.438
21;122;22.5529
22;121;-69.9246
22;122;-64.3557
23;121;-85.1885
23;122;12.2242
24;121;-99.1249
24;122;65.0323
25;121;-64.3453
25;122;95.0221
26;121;-2.10076
26;122;39.7537
27;121;102.203
27;122;0.946777
28;121;-19.7436
28;122;-51.6853
29;121;-28.1887
29;122;43.839
30;121;70.0123
30;122;-96.7444
31;121;23.5697
31;122;-0.725388
32;121;-16.608
32;122;56.8306
33;121;-32.7137
33;122;3.56271
34;121;9.32024
34;122;-26.5731
35;121;-40.5154
35;122;-78.243
36;121;31.3566
36;122;5.4528
37;121;4.93559
37;122;-29.2001
38;121;-41.1595
38;122;45.6095
39;121;-9.37012
39;122;-36.39
40;121;89.853
40;122;58.3197
41;121;59.2692
41;122;-12.2477
42;121;-43.3567
42;122;-72.75
43;121;-71.5745
43;122;-54.7602
44;121;-98.2471
44;122;43.0981
45;121;-28.6603
45;122;75.4198
46;121;52.588
46;122;47.9136
47;121;44.9117
47;122;-37.1551
48;121;-26.9725
48;122;-82.3443
49;121;88.7059
49;122;12.8968
50;121;-8.91737
50;122;73.332
51;121;95.7559
51;122;-2.69494
52;121;9.19445
52;122;95.5683
53;121;5.77842
53;122;76.2124
54;121;59.0067
54;122;77.8958
55;121;19.3467
55;122;-89.758
56;121;4.18034
56;122;27.5466
57;121;69.6201
57;122;14.9527
58;121;-6.60612
58;122;51.0067
59;121;-9.38888
60;121;-11.7177
60;122;11.4781
61;121;-10.0276
61;122;41.1275
62;121;44.8674
62;122;3.1425
63;121;0.991203
63;122;-50.7569
64;121;57.4377
64;122;78.6237
65;121;38.7208
65;122;78.611
66;121;-21.3778
66;122;-32.9825
67;121;-9.14069
67;122;-61.295
68;121;30.0153
68;122;-43.995
69;121;-72.0086
69;122;-17.0253
70;121;43.2182
70;122;-78.6284
71;121;-37.8032
71;122;64.4189
72;121;-22.4845
72;122;-20.6379
73;121;-2.35624
73;122;35.0573
74;121;86.8973
74;122;29.1143
75;121;-60.3001
75;122;1.25263
76;121;56.3413
76;122;59.203
77;121;60.085
77;122;32.5569
78;121;-36.2301
78;122;-75.8466
79;121;81.8
79;122;16.604
80;121;70.9946
80;122;58.1847
81;121;-4.78508
81;122;-20.8234
82;121;-89.6122
82;122;39.0079
83;121;71.1488
83;122;-93.6075
84;121;-66.6326
84;122;29.9902
85;121;-86.7165
85;122;22.1809
86;121;0.969063
86;122;66.3432
87;121;-99.1677
87;122;-1.20629
88;121;75.6834
88;122;4.936
89;121;-22.272
89;122;-14.3915
90;121;-0.940689
90;122;-83.2166
91;121;4.56606
91;122;-6.86024
92;121;-77.4065
92;122;-35.3489
93;121;-9.84317
93;122;62.1582
94;121;-71.2915
94;122;25.3389
95;121;92.1483
95;122;-59.4425
96;121;-59.8585
96;122;9.50054
97;121;65.2818
97;122;-39.3901
98;121;39.8378
98;122;-11.1088
99;121;43.1317
99;122;11.8246
100;121;-71.1186
100;122;13.8943
101;121;-87.5867
101;122;46.2907
102;121;77.8737
102;122;-22.5455
103;121;40.7843
103;122;-53.8359
104;121;7.52866
104;122;-0.369476
105;121;68.0819
105;122;72.2194
106;121;69.8024
106;122;-15.3317
107;121;55.9301
107;122;-61.5916
108;121;-12.1101
108;122;56.5441
109;121;-31.5899
109;122;16.5984
110;121;-28.1459
110;122;71.9441
111;121;80.2579
111;122;-41.3575
112;121;94.1711
112;122;-79.7247
113;121;13.9862
113;122;11.6946
114;121;27.7479
114;122;71.0472
115;121;98.6347
115;122;4.46633
116;121;71.0121
116;122;86.6955
117;121;14.8402
117;122;97.6874
118;121;-60.0111
118;122;71.9061
119;121;81.9501
119;122;-15.488
120;121;-30.3997
120;122;0.622803
59;125;5.22768
125;122;-9.11871
