1;53;-9.58584
1;54;9.86205
1;55;8.55389
2;53;-6.88889
2;54;8.50153
2;55;-2.21884
3;53;5.04242
3;54;-2.13931
3;55;6.76267
4;53;-0.357852
4;54;-4.67612
4;55;-5.38052
5;53;7.3695
5;54;8.32755
5;55;-7.23523
6;53;1.04746
6;54;1.16608
6;55;3.31907
7;53;-0.745657
7;54;8.07324
7;55;9.69364
8;53;5.89213
8;54;1.28398
8;55;-6.05678
9;53;-6.95875
9;54;8.89618
9;55;-4.65834
10;53;-0.449327
10;54;4.08238
10;55;1.30379
11;53;5.32698
11;54;-9.41979
11;55;3.68736
12;53;6.96288
12;54;-6.72686
12;55;5.74493
13;53;0.316702
13;54;-0.893855
13;55;6.63092
14;53;9.83794
14;54;3.17493
14;55;4.71893
15;53;-9.15655
15;54;-8.03381
15;55;2.39242
16;53;-4.35778
16;54;-1.35097
16;55;1.72273
17;53;3.71078
17;54;-2.25978
17;55;3.67665
18;53;-0.900598
18;54;-9.19519
18;55;2.15115
19;53;4.5872
19;54;-7.41978
19;55;-7.38571
20;53;-7.11202
20;54;0.361674
20;55;1.89439
21;53;-0.419701
21;54;-9.66727
21;55;4.04059
22;53;-6.84891
22;54;3.30674
22;55;-3.00875
23;53;1.82953
23;54;0.0049305
23;55;-8.56721
24;53;3.49839
24;54;3.44344
24;55;4.15818
25;53;-7.82344
25;54;1.38847
25;55;5.01359
26;53;0.152342
26;54;8.93639
26;55;-8.63779
27;53;-9.75259
27;54;6.26759
27;55;-2.66969
28;53;-7.36596
28;54;-9.93895
28;55;-9.15139
29;53;4.30846
29;54;-4.86653
29;55;0.992548
30;53;-7.0987
30;54;-9.99554
30;55;-3.86276
31;53;-0.772603
31;54;6.1729
31;55;1.90091
32;53;-9.42999
32;54;-4.8293
32;55;1.23803
33;53;2.58614
33;54;8.63002
33;55;-7.15353
34;53;3.65936
34;54;-2.25367
34;55;-0.910174
35;53;4.07141
35;54;-2.84564
35;55;-2.75174
36;53;-9.12217
36;54;-0.434087
36;55;-1.1852
37;53;-4.36834
37;54;9.86127
37;55;-6.61647
38;53;1.4589
38;54;-4.35165
38;55;6.90322
39;53;5.18645
39;54;-9.10447
39;55;1.15615
40;53;-1.90922
40;54;-3.6231
40;55;-0.874403
41;53;-9.46435
41;54;-1.11524
41;55;8.18657
42;53;9.9705
42;54;9.57559
42;55;5.03108
43;53;2.94227
43;54;-1.8318
43;55;-3.09295
44;53;3.13306
44;54;3.83491
44;55;-8.81316
45;53;-7.66797
45;54;8.50032
45;55;8.81674
46;53;-7.1372
46;54;9.94105
46;55;-3.10535
47;53;2.96943
47;54;8.81767
47;55;-7.59259
48;53;3.39667
48;54;5.04161
48;55;-8.09601
49;53;-5.32306
49;54;7.60702
49;55;8.0043
50;53;-2.29055
50;54;3.13
50;55;6.92018
51;53;12.8464
51;54;-6.18374
51;55;-7.08222
52;53;-9.04185
52;54;-7.81326
52;55;-7.71891
40;66;-2.19895
66;54;-6.68156
