1;53;-9.0205
1;54;2.88766
1;55;-6.6997
2;53;-5.16548
2;54;8.23295
2;55;-8.36596
3;53;2.73566
3;54;-8.19741
3;55;-4.44451
4;53;-2.5854
4;54;-9.47795
4;55;-14.0631
5;53;12.3464
5;54;5.26802
5;55;7.09296
6;53;8.3239
6;54;3.32789
6;55;8.87725
7;53;5.32263
7;54;-4.31382
7;55;-8.44064
8;53;-2.71602
8;54;-7.55022
8;55;1.96021
9;53;-8.38409
9;54;0.71954
9;55;-5.7471
10;53;-7.82382
10;54;-3.8333
10;55;-3.56036
11;53;4.70295
11;54;-7.69119
11;55;8.62676
12;53;9.67445
12;54;-9.18488
12;55;0.227727
13;53;-13.6915
13;54;4.10614
13;55;-3.46252
14;53;7.01217
14;54;-1.29568
14;55;-4.85347
15;53;-2.3869
15;54;2.89064
15;55;0.947277
16;53;-7.95083
16;54;6.15449
16;55;6.88964
17;53;-13.3485
17;54;8.98654
17;55;-9.2563
18;53;9.79082
18;54;2.735
18;55;0.382427
19;53;-0.273086
19;54;-3.75418
19;55;-3.50764
20;53;7.8563
20;54;9.23024
20;55;3.96645
21;53;-5.70405
21;54;-3.04726
21;55;13.0442
22;53;-7.07729
22;54;4.94461
22;55;-4.20479
23;53;3.15043
23;54;0.0462437
23;55;-6.82051
24;53;9.68403
24;54;3.84975
24;55;-7.09254
25;53;-9.58249
25;54;5.1918
25;55;13.6162
26;53;-6.68401
26;54;8.82317
26;55;-0.064352
27;53;7.79958
27;54;-7.14926
27;55;-4.64785
28;53;6.05424
28;54;-8.06796
28;55;-2.31368
29;53;4.74384
29;54;6.65895
29;55;7.96334
30;53;2.20086
30;54;-2.85738
30;55;6.40856
31;53;-11.983
31;54;-9.11268
31;55;12.1333
32;53;6.40652
32;54;-1.2088
32;55;6.4575
33;53;0.479872
33;54;-4.14122
33;55;3.68437
34;53;13.1871
34;54;-6.27975
34;55;-7.23734
35;53;-1.6404
35;54;5.68589
35;55;2.48139
36;53;7.62124
36;54;4.56591
36;55;-0.0636396
37;53;0.631662
37;54;6.57442
37;55;-8.55237
38;53;6.4589
38;54;-1.05933
38;55;-6.70616
39;53;9.32031
39;54;1.54111
39;55;1.15615
40;53;-5.01476
40;54;-6.68156
40;55;8.62029
41;53;-9.46435
41;54;3.88476
41;55;8.18657
42;53;-2.79616
42;54;1.91925
42;55;-1.68236
43;53;-5.89109
43;54;-0.891168
43;55;-9.7219
44;53;3.94245
44;54;6.82757
44;55;5.37609
45;53;1.17317
45;54;-0.513237
45;55;9.78966
46;53;6.80779
46;54;9.94105
46;55;-3.10535
47;53;4.22569
47;54;9.6396
47;55;-8.5094
48;53;9.78517
48;54;-1.09531
48;55;-10.44
49;53;-9.39352
49;54;6.71394
49;55;5.95596
50;53;-4.11828
50;54;9.19049
50;55;9.37099
51;53;7.42249
51;54;-0.856588
51;55;5.45934
52;53;-7.30195
52;54;7.12283
52;55;6.79736
22;30;-8.91766
40;72;0.794522
72;54;-6.68156
24;32;4.46318
