
---- Results of cofig: ----
  keep=0.489
  threshold=3.148
  interSpeciesRate=0.001
  noCrossoverOff=0.233
  probabilityWeightMutated=0.728
  probabilityAddNodeSmall=0.031
  probabilityAddLink_small=0.048
  probabilityAddNodeLarge=0.274
  probabilityAddLink_Large=0.142
  largeSize=20
  c1=0.7
  c2=0.637
  c3=0.409
  numberGenomes=50
  numberInputs=120
  numberOutputs=2
  evolutions=50
  n_max=300
  learningRate=5
  inputWeights=110,150
  weightsRange=-10,10
  process_max=25
  function=
  folder=results/trial-11

--Results of run:0 --
Best Genome 
Genome id: 1142
Genome fitness: 0.96
   IN  OUT    Weight  Innov
    1  121   1.18654      1
    1  122  -1.89567      2
    2  121   6.99712      3
    2  122  -5.59393      4
    3  121  -5.27335      5
    3  122 -0.396891      6
    4  121   3.01031      7
    4  122  -8.75545      8
    5  121   6.21342      9
    5  122   1.23211     10
    6  121   5.41194     11
    6  122   5.21174     12
    7  121  -9.94344     13
    7  122   -9.8106     14
    8  121   4.89198     15
    8  122   11.5231     16
    9  121  -9.12045     17
    9  122   8.85792     18
   10  121   6.85215     19
   10  122   8.30188     20
   11  121   9.73962     21
   11  122  -14.3911     22
   12  121   3.02205     23
   12  122   9.00475     24
   13  121  -5.59957     25
   13  122    19.862     26
   14  121   8.34075     27
   14  122  -4.35409     28
   15  121   7.35636     29
   15  122  -3.30823     30
   16  121  -11.0077     31
   16  122   3.85657     32
   17  121  -5.32112     33
   17  122  -6.81787     34
   18  121  -5.11861     35
   18  122 -0.271645     36
   19  121   12.5599     37
   19  122   5.59219     38
   20  121  -4.12018     39
   20  122  0.650283     40
   21  121  -4.27255     41
   21  122   2.25529     42
   22  121  -2.44683     43
   22  122   9.87548     44
   23  121  -3.01149     45
   23  122  -7.79146     46
   24  121   6.90511     47
   24  122   -9.8383     48
   25  121  -6.43453     49
   25  122   8.89618     50
   26  121   9.52656     51
   26  122   6.27599     52
   27  121   9.50513     53
   27  122  -12.4797     54
   28  121   1.39944     55
   28  122   4.81467     56
   29  121  -9.18803     57
   29  122 -0.259811     58
   30  121   6.75491     59
   30  122  -9.67444     60
   31  121   4.63877     61
   31  122   7.77454     62
   32  121   2.77438     63
   32  122   5.02844     64
   33  121   8.06559     65
   33  122   0.35627     66
   34  121  -3.81685     67
   34  122    9.6753     68
   35  121  -2.76475     69
   35  122    6.5526     70
   36  121   4.03908     71
   36  122   -5.6554     72
   37  121   8.58937     73
   37  122  -2.92001     74
   38  121  -5.30578     75
   38  122 -0.457282     76
   39  121 -0.937012     77
   39  122  -6.14533     78
   40  121  0.767392     79
   40  122  0.661508     80
   41  121   4.04952     81
   41  122   6.92483     82
   42  121  -5.03637     83
   42  122   10.8489     84
   43  121  -7.33372     85
   43  122    6.5541     86
   44  121  -9.82471     87
   44  122   4.93324     88
   45  121   3.30674     89
   45  122  -1.08414     90
   46  121   8.50631     91
   46  122   5.67615     92
   47  121   4.49117     93
   47  122  -3.15449     94
   48  121  -1.52454     95
   48  122  -9.98767     96
   49  121  -5.24308     97
   49  122   2.71417     98
   50  121 -0.891738     99
   50  122   4.86846    100
   51  121  -1.82044    101
   51  122 0.0329256    102
   52  121   12.5918    103
   52  122  -8.58926    104
   53  121   7.89302    105
   53  122  -2.82105    106
   54  121  0.997887    107
   54  122   5.01136    108
   55  121   -1.6577    109
   55  122  -5.99234    110
   56  121 -0.496722    111
   56  122   3.26876    112
   57  121  -1.44182    113
   57  122  -6.38117    114
   58  121  -1.34857    115
   58  122   5.10067    116
   59  121   8.01793    117
   59  122   6.45526    118
   60  121   5.04161    119
   60  122  -7.27208    120
   61  121   1.95031    121
   61  122  -2.66546    122
   62  121   7.62156    123
   62  122   9.13715    124
   63  121   4.18004    125
   63  122-0.0756893    126
   64  121  -6.49552    127
   65  121   8.76083    129
   65  122   7.02569    130
   66  121   4.71809    131
   66  122  -3.29825    132
   67  121  -8.24381    133
   67  122   7.80172    134
   68  121 0.0889225    135
   68  122  -3.98408    136
   69  121  0.957838    137
   69  122   4.88299    138
   70  121  -3.97614    139
   70  122  -4.93665    140
   71  121  -3.22143    141
   71  122  -8.12938    142
   72  121  -7.40776    143
   72  122  -7.70812    144
   73  121   4.81148    145
   73  122   9.66994    146
   74  121  -6.27899    147
   74  122  -4.54776    148
   75  121   2.49183    149
   75  122  -9.09924    150
   76  121   9.70964    151
   76  122  -2.76016    152
   77  121   -1.7647    153
   77  122   7.95748    154
   78  121   3.96193    155
   78  122   1.09778    156
   79  121  -5.02793    157
   79  122  -9.20895    158
   80  121  -2.27648    159
   80  122    3.5739    160
   81  121   -2.7878    161
   81  122   8.50757    162
   82  121   7.64454    163
   82  122   5.90263    164
   83  121   9.18931    165
   83  122  -6.29835    166
   84  121  -8.08145    167
   84  122   3.99901    168
   85  121  -1.81617    169
   85  122   7.65857    170
   86  121  -1.11242    171
   86  122   -8.6425    172
   87  121   4.22038    173
   87  122  -7.54307    174
   88  121   3.01659    175
   88  122   6.19554    176
   89  121  -9.11661    177
   89  122   6.67746    178
   90  121   6.62672    179
   90  122  -6.52275    180
   91  121  -3.68756    181
   91  122  -7.94634    182
   92  121  0.717087    183
   92  122  -5.86768    184
   93  121  0.521223    185
   93  122   7.09407    186
   94  121   5.04242    187
   94  122  0.302402    188
   95  121  -6.95173    189
   95  122   4.79119    190
   96  121  -9.47795    191
   96  122   3.36127    192
   97  121   2.38939    193
   97  122   1.14005    194
   98  121  -4.28709    195
   98  122  -3.68874    196
   99  121   8.75143    197
   99  122  -6.41723    198
  100  121   4.47951    199
  100  122   1.38943    200
  101  121  -8.75867    201
  101  122  -9.42999    202
  102  121   2.89888    203
  102  122  -2.25455    204
  103  121   4.66922    205
  103  122  -6.69358    206
  104  121  -1.84424    207
  104  122  -2.48125    208
  105  121   4.08238    209
  105  122   8.20038    210
  106  121   9.02985    211
  106  122  -9.05002    212
  107  121   8.10692    213
  107  122   1.77337    214
  108  121  -5.86784    215
  108  122 0.0380726    216
  109  121   -5.3642    217
  109  122  -2.08024    218
  110  121   5.19854    219
  110  122   5.03757    220
  111  121    1.9755    221
  111  122   2.41468    222
  112  121   9.41711    223
  112  122  -7.86587    224
  113  121  0.793871    225
  113  122   1.16946    226
  114  121  0.521239    227
  114  122  -14.5512    228
  115  121   9.86346    229
  115  122   6.22314    230
  116  121   7.18451    231
  116  122   5.07104    232
  117  121    6.7382    233
  117  122   6.33335    234
  118  121   7.93649    235
  118  122   1.40742    236
  119  121   3.79017    237
  119  122   6.48245    238
  120  121   1.84933    239
  120  122   0.59836    240
   38  113-0.0805727    289
   28   76  -2.68137    329
   94   15  -9.17696    334
   64  147   2.05211    335
  147  122   9.85604    336

Summerized results: 
run: 0 bestFitness: 0
Max fitness: 0
Percentage: 100% (1 of 1)
--------------------------------------------------------------
