1;53;-9.0205
1;54;-2.11234
1;55;-5.0375
2;53;-9.76509
2;54;7.35636
2;55;2.43849
3;53;4.07339
3;54;-9.16644
3;55;0.771809
4;53;-2.5854
4;54;-9.47795
4;55;-3.99108
5;53;-13.5468
5;54;13.1666
5;55;-2.08935
6;53;6.701
6;54;-3.13176
6;55;-4.88343
7;53;-0.78707
7;54;6.78701
7;55;0.997777
8;53;-4.50667
8;54;-7.12365
8;55;-0.325153
9;53;3.33095
9;54;5.41465
9;55;0.75676
10;53;-7.82382
10;54;14.5051
10;55;-2.20593
11;53;4.32182
11;54;-9.41979
11;55;-3.22143
12;53;1.0755
12;54;0.14999
12;55;-4.98752
13;53;-7.81311
13;54;-0.893855
13;55;-9.71832
14;53;7.01217
14;54;6.52074
14;55;-10.0305
15;53;-8.36834
15;54;7.89064
15;55;6.25058
16;53;-14.5781
16;54;6.15449
16;55;6.88964
17;53;12.3312
17;54;-3.16755
17;55;-9.61133
18;53;5.07104
18;54;-2.7878
18;55;3.64258
19;53;-0.273086
19;54;-3.57657
19;55;6.49236
20;53;3.99206
20;54;9.23024
20;55;10.6683
21;53;0.366121
21;54;9.85824
21;55;3.88758
22;53;-7.38099
22;54;3.62047
22;55;4.86155
23;53;3.45932
23;54;0.0462437
23;55;-8.20211
24;53;4.35137
24;54;-0.0940695
24;55;-8.05045
25;53;-7.82344
25;54;0.135528
25;55;9.2883
26;53;-5.01048
26;54;2.46434
26;55;-3.08075
27;53;12.5215
27;55;-6.05808
28;53;-3.31135
28;54;-8.06796
28;55;-4.73953
29;53;-7.46842
29;54;1.65895
29;55;0.992548
30;53;4.80078
30;54;0.523458
30;55;6.40856
31;53;6.59931
31;54;-9.11268
31;55;1.46998
32;53;-7.69952
32;54;-4.8293
32;55;6.4575
33;53;-3.1453
33;54;3.59286
33;55;9.29726
34;53;-2.78859
34;54;0.62289
34;55;0.531429
35;53;-1.81021
35;54;2.79945
35;55;-8.75635
36;53;4.28524
36;54;7.19369
36;55;6.95906
37;53;-5.84575
37;54;-3.6393
37;55;-8.55237
38;53;-2.82437
38;54;-6.82826
38;55;-6.70616
39;53;9.32031
39;54;3.44434
39;55;4.14122
40;53;0.31286
40;54;-0.223019
40;55;3.62029
41;53;-8.02483
41;54;-0.962413
41;55;4.28466
42;53;5.2095
42;54;1.33807
42;55;0.532347
43;53;-5.60216
43;54;4.81467
43;55;-9.7219
44;53;-7.98198
44;54;-1.83172
44;55;6.31356
45;53;-5.66423
45;54;4.56513
45;55;8.41204
46;53;-0.953472
46;54;9.94105
46;55;10.8694
47;53;2.67468
47;54;-7.17996
47;55;-9.10018
48;53;9.00208
48;54;-8.94942
48;55;-4.44293
49;53;-6.43383
49;54;5.47206
49;55;-1.77035
50;53;-4.11828
50;54;4.22038
50;55;5.58247
51;53;7.42249
51;54;-0.856588
51;55;-13.1304
52;53;-7.30195
52;54;4.04709
52;55;3.13079
42;51;-1.85633
43;77;-2.7562
77;55;-9.7219
