1;53;2.53988
1;54;2.18711
1;55;4.26419
2;53;-5.69574
2;54;-3.39903
2;55;-8.36596
3;53;5.04242
3;54;-8.14848
3;55;6.43875
4;53;23.9131
4;54;-11.3036
4;55;-8.01634
5;53;-9.15805
5;54;14.5573
5;55;-4.28709
6;53;-1.96341
6;54;-14.1904
6;55;-4.88343
7;53;1.20815
7;54;6.78701
7;55;8.13929
8;53;-5.96605
8;54;8.14801
8;55;6.08353
9;53;-3.2873
9;54;-9.70386
9;55;2.03336
10;53;-10.2261
10;54;4.08238
10;55;-7.89868
11;53;1.98694
11;54;-2.79928
11;55;-2.75908
12;53;-9.35301
12;54;0.14999
12;55;-9.96193
13;53;8.20535
13;54;-0.636308
13;55;7.56195
14;53;8.5212
14;54;-1.29568
14;55;-9.01653
15;53;-3.35786
15;54;-8.03381
15;55;-4.63298
16;53;3.56703
16;54;-0.47769
16;55;8.11882
17;53;-12.3217
17;54;7.95262
17;55;10.3815
18;53;-8.00257
18;54;-5.23559
18;55;6.12644
19;53;4.6373
19;54;8.09535
19;55;1.68317
20;53;5.18701
20;55;7.058
21;53;-1.22802
21;54;-3.87195
21;55;11.0777
22;53;7.01839
22;54;7.95421
22;55;-3.00875
23;53;8.36394
23;54;0.0049305
23;55;-14.6433
24;53;-5.95234
24;54;4.94957
24;55;-2.09254
25;53;-8.61964
25;54;-6.88128
25;55;9.84019
26;53;0.152342
26;54;8.93639
26;55;-6.14887
27;53;8.73133
27;54;-8.58926
27;55;-0.418412
28;53;-0.433364
28;54;-6.79324
28;55;8.6847
29;53;-2.70435
29;54;8.36988
29;55;-7.96094
30;53;3.14093
30;54;3.5569
30;55;-8.69921
31;53;0.566326
31;54;4.4645
31;55;7.13333
32;53;-8.27331
32;54;5.55612
32;55;9.01922
33;53;-8.69742
33;54;-4.05867
33;55;-5.97585
34;53;13.1871
34;54;9.51359
34;55;-8.65075
35;53;-6.57121
35;54;0.700127
35;55;-8.17499
36;53;6.48245
36;54;7.19369
36;55;-3.01948
37;53;-7.32726
37;54;10.925
37;55;-13.5524
38;53;2.32325
38;54;1.47365
38;55;4.14445
39;53;-4.13967
39;54;-1.48234
39;55;1.15615
40;53;-3.63618
40;54;-6.06563
40;55;1.50323
41;53;-7.95388
41;54;-9.95582
41;55;9.50761
42;53;-9.91031
42;54;1.91925
42;55;-2.64632
43;53;-5.60216
43;54;-0.344303
43;55;-3.57284
44;53;3.13306
44;54;-3.61532
44;55;8.64642
45;53;0.536539
45;54;-3.4495
45;55;14.3918
46;53;-7.1372
46;54;-3.27137
46;55;4.97101
47;53;2.35238
47;54;-0.277034
47;55;-13.4736
48;53;9.78517
48;54;-1.32284
48;55;-6.48791
49;53;-9.24336
49;54;10.4721
49;55;-2.25067
50;53;-9.20427
50;54;-0.545413
50;55;0.582472
51;53;13.9853
51;54;-1.11301
51;55;-0.532763
52;53;3.36682
52;54;9.04709
52;55;-7.275
29;79;-2.35083
79;53;-2.70435
