1;121;-15.6324
1;122;-18.9567
2;121;-6.59447
2;122;59.688
3;121;23.8396
3;122;-41.409
4;121;98.8993
4;122;-77.3101
5;121;-44.4451
5;122;10.794
6;121;-75.7313
6;122;-16.9265
7;121;44.9751
7;122;21.8569
8;121;1.41781
8;122;-53.6388
9;121;57.837
9;122;53.4594
10;121;69.0694
10;122;0.922882
11;121;18.1506
11;122;-47.2767
12;121;-10.8327
12;122;-74.2053
13;121;-56.902
13;122;56.79
14;121;90.7165
14;122;64.0631
15;121;-66.9849
15;122;-56.3486
16;121;-80.6791
16;122;-83.7445
17;121;15.9535
17;122;-40.7937
18;121;-18.0351
18;122;-5.14256
19;121;-1.2834
19;122;3.74805
20;121;-41.4966
20;122;37.7328
21;121;-86.536
21;122;22.5529
22;121;-19.9543
22;122;-1.29401
23;121;91.5839
23;122;12.2242
24;121;65.6977
24;122;83.8053
25;121;-86.0489
25;122;89.8654
26;121;95.2656
26;122;74.2423
27;121;-61.5572
27;122;32.6454
28;121;78.0465
28;122;-94.0508
29;121;-38.1887
29;122;-15.8134
30;121;-31.5571
30;122;-85.4671
31;121;23.5697
31;122;89.3332
32;121;-16.608
32;122;-69.2192
33;121;-62.837
33;122;-0.789749
34;121;-24.9586
34;122;96.753
35;121;2.50708
36;121;34.4858
36;122;92.5274
37;121;-48.9826
37;122;-29.2001
38;121;-24.0719
38;122;57.4937
39;121;-42.4836
39;122;-33.1433
40;121;27.9958
40;122;58.3197
41;121;90.4953
41;122;-56.8052
42;121;-11.9791
42;122;53.8267
43;121;18.0771
43;122;70.5137
44;121;85.5662
44;122;78.6745
45;121;-32.0844
45;122;-21.5624
46;121;12.9976
46;122;1.72131
47;121;-66.8114
47;122;43.7861
48;121;89.0815
48;122;-39.1849
49;121;-20.3127
49;122;-61.9176
50;121;51.4457
50;122;-0.571609
51;121;-87.4379
51;122;-56.835
52;121;-45.8626
52;122;84.0257
53;121;-53.9828
53;122;8.06399
54;121;28.2161
54;122;0.113609
55;121;23.9193
55;122;-2.80724
56;121;4.18034
56;122;25.6981
57;121;69.6201
57;122;14.9527
58;121;-62.4934
58;122;-34.7531
59;121;-14.5336
59;122;-9.11871
60;121;-66.0786
60;122;-91.4817
61;121;-60.0124
61;122;-26.6546
62;121;85.8024
62;122;91.3715
63;121;41.8004
63;122;-7.73502
64;121;57.4377
64;122;98.4963
65;121;-48.7691
65;122;20.2569
66;121;47.1809
66;122;-32.9825
67;121;-82.4381
67;122;-5.06257
68;121;-69.522
68;122;84.0847
69;121;50.9904
69;122;68.6941
70;121;9.24969
70;122;4.04417
71;121;67.983
71;122;-39.9192
72;121;-89.4941
72;122;29.644
73;121;33.6589
73;122;-51.9875
74;121;20.7253
74;122;-80.8747
75;121;-74.0614
75;122;93.481
76;121;-0.63475
76;122;-32.2437
77;121;-81.3039
77;122;79.5748
78;121;4.04202
78;122;-84.3536
79;121;-96.0187
79;122;10.8194
80;121;28.2581
80;122;35.739
81;121;-16.4106
81;122;69.8305
82;121;15.9498
82;122;14.7902
83;121;-72.8518
83;122;-59.1343
84;121;77.9911
84;122;-74.9063
85;121;99.5598
85;122;79.4583
86;121;74.108
86;122;-28.3495
87;121;98.1645
87;122;94.6138
88;121;18.7784
88;122;-63.9255
89;121;-91.1661
89;122;-53.7669
90;121;-25.597
90;122;5.35023
91;121;-99.1039
91;122;-96.436
92;121;7.17087
92;122;22.2426
93;121;-59.1692
93;122;88.2622
94;121;25.2623
94;122;-3.6674
95;121;93.1912
95;122;47.9119
96;121;90.2454
96;122;33.6127
97;121;49.5619
97;122;25.782
98;121;-6.64286
98;122;-1.08818
99;121;87.5143
99;122;-78.9868
100;121;-71.1186
100;122;-77.9928
101;121;-8.71712
101;122;-60.3339
102;121;80.6733
102;122;-0.552628
103;121;46.6922
103;122;-0.548294
104;121;-78.7293
104;122;55.5261
105;121;87.4235
105;122;-84.6011
106;121;22.3167
106;122;-50.3912
107;121;-97.6575
107;122;-54.1726
108;121;11.0482
108;122;-36.6266
109;121;-31.5899
109;122;11.0394
110;121;-85.1678
110;122;-39.4416
111;121;82.9654
111;122;22.923
112;121;-49.423
112;122;76.6937
113;121;-43.9916
113;122;-8.37027
114;121;41.4111
114;122;94.2095
115;121;-50.4629
115;122;-87.9021
116;121;71.8451
116;122;30.3312
117;121;67.382
117;122;48.8859
118;121;79.3649
118;122;14.0742
119;121;95.1503
119;122;-99.3644
120;121;99.4957
120;122;-53.2217
35;127;-96.1048
127;122;38.4646
32;74;-56.9681
