
---- Results of cofig: ----
  keep=0.411
  threshold=3.872
  interSpeciesRate=0.001
  noCrossoverOff=0.236
  probabilityWeightMutated=0.74
  probabilityAddNodeSmall=0.027
  probabilityAddLink_small=0.019
  probabilityAddNodeLarge=0.254
  probabilityAddLink_Large=0.107
  largeSize=20
  c1=1.174
  c2=0.502
  c3=0.479
  numberGenomes=50
  numberInputs=120
  numberOutputs=2
  evolutions=50
  n_max=300
  learningRate=10
  inputWeights=110,150
  weightsRange=-100,100
  process_max=25
  function=
  folder=results/trial-3

--Results of run:0 --
Best Genome 
Genome id: 1326
Genome fitness: 0.9
   IN  OUT    Weight  Innov
    1  121   55.5506      1
    1  122  -18.9567      2
    2  121   75.4996      3
    2  122   16.2831      4
    3  121   23.8396      5
    3  122  -4.11466      6
    4  121  -88.6233      7
    4  122   27.9945      8
    5  121   35.4429      9
    5  122   69.6289     10
    6  121   11.1038     11
    6  122  -87.5836     12
    7  121  -5.31377     13
    7  122   57.8163     14
    8  121   1.41781     15
    8  122    49.264     16
    9  121   73.4225     17
    9  122   88.5792     18
   10  121  -95.8014     19
   10  122   66.9425     20
   11  121   97.3962     21
   11  122   66.3063     22
   12  121  -56.5019     23
   12  122  -84.2053     24
   13  121  -50.8354     25
   13  122   36.3252     26
   14  121   80.2059     27
   14  122  -79.8718     28
   15  121  -86.8311     29
   15  122  -73.8322     30
   16  121   -59.627     31
   16  122  -60.3834     32
   17  121   11.9733     33
   17  122   15.6334     34
   18  121   22.2187     35
   18  122   12.5994     36
   19  121   75.5986     37
   19  122  -31.5224     38
   20  121  -68.7314     39
   20  122   46.9616     40
   21  121   -86.536     41
   21  122   55.5061     42
   22  121  -69.9246     43
   22  122  -92.0671     44
   23  121   56.0375     45
   23  122   12.2242     46
   24  121  -45.7059     47
   24  122  -87.7533     48
   25  121    66.852     49
   25  122   41.3762     50
   26  121   13.5915     51
   26  122  -9.20386     52
   27  121   89.1218     53
   27  122    25.486     54
   28  121   13.9944     55
   28  122  -94.0508     56
   29  121  -87.1657     57
   29  122  -75.9515     58
   30  121  -21.5571     59
   30  122   97.4664     60
   31  121  -58.4392     61
   31  122   89.3332     62
   32  121  -39.0455     63
   32  122   -70.987     64
   33  121   66.0301     65
   33  122   79.1192     66
   34  121  -25.8705     67
   34  122    96.753     68
   35  121  -52.4033     69
   35  122  -33.6513     70
   36  121   16.3213     71
   36  122  -72.9653     72
   37  121   65.6277     73
   37  122   45.2922     74
   38  121   13.3857     75
   38  122   -10.065     76
   39  121  -42.4836     77
   39  122   -32.369     78
   40  121   7.67392     79
   40  122   36.5484     80
   41  121   90.4953     81
   41  122  -38.3813     82
   42  121   13.3949     83
   42  122   -11.852     84
   43  121  -71.5745     85
   43  122   98.6127     86
   44  121  -98.2471     87
   44  122   58.6611     88
   45  121   55.4186     89
   45  122  -1.57173     90
   46  121   12.9976     91
   46  122   18.9437     92
   47  121   29.4118     93
   47  122  -31.5449     94
   48  121  -77.7339     95
   48  122   66.0662     96
   49  121  -43.3042     97
   49  122  -15.9025     98
   50  121   62.8192     99
   50  122  -94.8717    100
   51  121  -52.0603    101
   51  122  -43.3111    102
   52  121   8.41429    103
   52  122  -36.4205    104
   53  121  -57.4027    105
   53  122  -36.6801    106
   54  121  -85.1663    107
   54  122   6.53706    108
   55  121  -74.4817    109
   55  122  -26.3404    110
   56  121    24.371    111
   56  122   32.7913    112
   57  121   69.6201    113
   57  122  -86.4169    114
   58  121    5.3151    115
   58  122  -4.00682    116
   59  121  -14.5336    117
   59  122  -45.0299    118
   60  121   93.1004    119
   60  122   53.3821    120
   61  121   -67.605    121
   61  122   -72.315    122
   62  121   95.7943    123
   62  122   56.7056    124
   63  121    7.4733    125
   63  122   75.7288    126
   64  121   6.22218    127
   64  122  -34.7165    128
   65  121    -73.38    129
   65  122   20.2569    130
   66  121  -51.4054    131
   66  122   42.9959    132
   67  121   29.4858    133
   67  122   5.92528    134
   68  121   27.3724    135
   68  122   8.41598    136
   69  121   15.4986    137
   69  122    91.094    138
   70  121   60.2728    139
   70  122   4.04417    140
   71  121   53.0597    141
   71  122  -81.2939    142
   72  121  -30.0177    143
   72  122   67.5626    144
   73  121   98.1148    145
   73  122   35.0573    146
   74  121   96.6829    147
   74  122   29.1143    148
   75  121  -20.4606    149
   75  122   60.2161    150
   76  121   25.0496    151
   76  122  -27.6016    152
   77  121   -17.647    153
   77  122  -1.04455    154
   78  121  -70.9244    155
   78  122  -75.8466    156
   79  121  -26.2783    157
   79  122  -78.7925    158
   80  121  -4.20261    159
   80  122   14.4285    160
   81  121   33.2075    161
   81  122   69.8305    162
   82  121  -70.6856    163
   82  122  -18.1035    164
   83  121   91.8931    165
   83  122  -93.5301    166
   84  121   12.9919    167
   84  122   16.1471    168
   85  121  -86.7165    169
   85  122   23.7612    170
   86  121  -55.9657    171
   86  122  -17.1559    172
   87  121  -24.0211    173
   87  122  -16.2235    174
   88  121   -10.977    175
   88  122   31.8233    176
   89  121  -18.8165    177
   89  122   32.5123    178
   90  121   31.4528    179
   90  122  -65.2275    180
   91  121   17.7405    181
   91  122   23.4561    182
   92  121   7.17087    183
   92  122   1.10886    184
   93  121  -59.1692    185
   93  122   70.9407    186
   94  121  -69.3546    187
   94  122  -14.1831    188
   95  121   92.1483    189
   95  122   47.9119    190
   96  121   23.9555    191
   96  122   33.6127    192
   97  121   17.7424    193
   97  122  -39.3901    194
   98  121   -71.757    195
   98  122  -11.1088    196
   99  121   43.1317    197
   99  122  -24.6104    198
  100  121   49.0462    199
  100  122  -77.9928    200
  101  121   24.4918    201
  101  122  -27.0843    202
  102  121   52.8776    203
  102  122   85.3413    204
  103  121  -99.5455    205
  103  122  -43.8359    206
  104  121  -5.29982    207
  104  122   55.5261    208
  105  121  -34.0876    209
  105  122  -37.2097    210
  106  121   90.2986    211
  106  122  -53.8838    212
  107  121   19.6063    213
  107  122  -19.7455    214
  108  121   60.0062    215
  108  122   36.5062    216
  109  121  -31.5899    217
  109  122   11.0394    218
  110  121  -99.8087    219
  110  122   77.3771    220
  111  121   67.5264    221
  111  122  -2.69231    222
  112  121  -33.0831    223
  112  122   76.6937    224
  113  121  -38.2426    225
  113  122  -23.1603    226
  114  121  -46.7612    227
  114  122  -23.2389    228
  115  121   98.6347    229
  115  122  -5.53367    230
  116  121   71.8451    231
  116  122  -10.0825    232
  117  121   85.5599    233
  117  122   97.6874    234
  118  121   77.1447    235
  118  122   14.0742    236
  119  121   94.7781    237
  119  122   65.2193    238
  120  121  -20.3997    239
  120  122  -51.5479    240
  112  124   -19.726    244
  124  121  -81.8209    245

Summerized results: 
run: 0 bestFitness: 0
Max fitness: 0
Percentage: 100% (1 of 1)
--------------------------------------------------------------
