1;121;5.55506
1;122;-1.80361
2;121;9.02858
2;122;-6.98931
3;121;2.29937
3;122;-8.59498
4;121;9.53596
4;122;-4.55544
5;121;3.30989
5;122;8.51716
6;121;3.82735
7;121;-2.03421
7;122;2.11105
8;121;-7.08016
8;122;-4.8489
9;121;-14.1204
9;122;6.61734
10;121;-8.00893
10;122;0.340513
11;121;1.81506
11;122;-8.64608
12;121;-7.35391
12;122;-4.65606
13;121;-8.31726
13;122;9.86205
14;121;8.55389
14;122;1.12131
15;121;0.652617
15;122;-3.30823
16;121;1.40514
16;122;8.85657
17;121;0.721108
17;122;-9.95179
18;121;9.67272
18;122;-2.99916
19;121;7.55985
19;122;-9.6252
20;121;-4.09381
20;122;2.18234
21;121;-8.90005
21;122;14.7136
22;121;-5.22534
22;122;9.87548
23;121;7.28893
23;122;-5.28122
24;121;6.90511
24;122;-3.91869
25;121;0.0803385
25;122;-0.862383
26;121;9.52656
26;122;-0.180037
27;121;3.91218
27;122;-2.20593
28;121;1.39944
28;122;0.633603
29;121;-2.34388
29;122;4.3839
30;121;6.75491
30;122;0.574107
31;121;-0.649414
31;122;8.93332
32;121;7.04079
32;122;9.31765
33;121;7.82274
33;122;8.82408
34;121;-5.06401
34;122;9.6753
35;121;9.65153
35;122;9.70264
36;121;3.44858
36;122;-5.6554
37;121;8.58937
37;122;4.52922
38;121;0.0993681
38;122;0.768447
39;121;0.392794
39;122;6.76797
40;121;8.46111
40;122;3.5531
41;121;-6.42631
41;122;-12.112
42;121;7.74198
42;122;7.9617
43;121;-7.15745
43;122;9.85824
44;121;8.55662
44;122;8.33816
45;121;3.30674
45;122;7.54198
46;121;1.63364
46;122;3.44701
47;121;-7.81042
47;122;-3.15449
48;121;-1.52454
48;122;-5.60424
49;121;1.37237
49;122;-6.88128
50;121;6.28192
50;122;4.86846
51;121;3.46539
51;122;-0.269494
52;121;-8.13183
52;122;-3.64205
53;121;4.523
53;122;6.05424
54;121;3.17225
54;122;5.37678
55;121;4.67946
55;122;-3.33194
56;121;8.6552
56;122;2.75465
57;121;-6.44182
57;122;1.49527
58;121;-0.772603
58;122;-4.14889
59;121;-6.52293
59;122;6.78521
60;121;-6.37568
60;122;6.78381
61;121;-9.29893
61;122;-14.3528
62;121;-4.94334
62;122;9.13715
63;121;-4.58807
63;122;-6.39754
64;121;8.75278
64;122;9.84962
65;121;8.76083
65;122;5.26754
66;121;-13.3728
66;122;2.68512
67;121;-7.22665
67;122;-6.55766
68;121;2.73724
68;122;6.4589
69;121;3.32951
69;122;-1.36209
70;121;4.32182
70;122;0.404416
71;121;4.89453
71;122;-4.98949
72;121;-7.02578
72;122;-7.70812
73;121;9.49457
73;122;-0.479393
74;121;0.900091
74;122;-8.08747
75;121;-7.58332
75;122;-1.72934
76;121;7.25074
76;122;5.41372
77;121;-1.7647
77;122;-3.26253
78;121;3.99647
78;122;-3.52299
79;121;-1.54919
79;122;-9.20895
80;121;-2.89303
80;122;4.92642
81;121;-0.345913
81;122;8.47583
82;121;8.45317
82;122;1.49191
83;121;6.89683
83;122;1.4547
84;121;7.31078
84;122;3.99901
85;121;-8.67165
85;122;7.94583
86;121;-4.97538
86;122;3.11625
87;121;9.81645
87;122;-7.54307
88;121;-5.60381
88;122;0.0842857
89;121;-9.11661
89;122;6.67746
90;121;4.87576
90;122;-6.52275
91;121;-5.08061
91;122;-0.686025
92;121;6.95046
92;122;0.110886
93;121;-5.13202
93;122;2.86242
94;121;2.52623
94;122;-8.71317
95;121;9.21483
95;122;-3.99119
96;121;9.81418
96;122;0.260472
97;121;0.520112
97;122;2.51305
98;121;-0.969144
98;122;-11.8625
99;121;3.75143
99;122;-3.65836
100;121;-7.11186
100;122;-1.06757
101;121;-0.871712
101;122;4.2728
102;121;2.89888
102;122;-1.89422
103;121;-7.41307
103;122;0.591142
104;121;-1.84424
104;122;-5.22608
105;121;-6.63308
105;122;2.17714
106;121;9.02985
106;122;-1.53317
107;121;8.68736
107;122;-9.29034
108;121;-0.182171
108;122;0.0380726
109;121;-3.15899
109;122;0.485355
110;121;1.18451
110;122;8.56172
111;121;9.64077
111;122;8.08399
112;121;9.41711
112;122;-6.83368
113;121;6.25058
113;122;5.4554
114;121;-0.00231934
114;122;8.11882
115;121;-2.19278
115;122;0.863297
116;121;-2.55552
116;122;6.11203
117;121;6.7382
117;122;3.89862
118;121;2.03125
118;122;1.40742
119;121;-8.31683
119;122;-9.93644
120;121;3.69501
120;122;9.79413
50;146;7.52277
146;121;6.28192
