1;121;5.55506
1;122;-2.11234
2;121;-8.74997
2;122;5.21428
3;121;-0.273347
3;122;-8.82486
4;121;-2.07637
4;122;-6.44176
5;121;6.21342
5;122;8.45752
6;121;4.54794
6;122;-7.69265
7;121;14.4469
7;122;2.18569
8;121;-5.35626
8;122;-5.36388
9;121;-19.1204
9;122;6.61734
10;121;3.74837
10;122;1.59147
11;121;7.35842
11;122;6.63062
12;121;3.02205
12;122;-8.42053
13;121;-4.26183
13;122;11.1393
14;121;8.34075
14;122;-3.87869
15;121;8.30404
15;122;3.93201
16;121;0.258648
16;122;5.60956
17;121;-5.3821
17;122;-6.81787
18;121;6.75147
18;122;0.485744
19;121;7.55985
19;122;7.68875
20;121;-4.94062
20;122;3.77328
21;121;-8.6536
21;122;9.71359
22;121;-8.91936
22;122;0.654669
23;121;-4.33371
23;122;-8.017
24;121;-1.86296
24;122;-8.77533
25;121;-4.91966
25;122;9.54418
26;121;9.52656
26;122;-2.03101
27;121;9.915
27;122;6.97479
28;121;5.99122
28;122;-4.58586
29;121;-7.34388
29;122;9.93016
30;121;7.00123
30;122;-4.98752
31;121;7.35697
31;122;-7.21286
32;121;-0.627271
32;122;5.02844
33;121;7.82274
33;122;-3.65278
34;121;-3.81685
34;122;9.27597
35;121;-0.801121
35;122;4.96299
36;121;0.731931
36;122;2.78876
37;121;8.58937
37;122;-2.98863
38;121;-1.57117
38;122;-0.457282
39;121;-4.31413
39;122;-13.1018
40;121;2.82002
40;122;5.41296
41;121;-6.42631
41;122;-7.11202
42;121;5.35014
42;122;-5.94429
43;121;-9.72962
43;122;7.05137
44;121;8.55662
44;122;-0.976325
45;121;-3.20844
45;122;-3.94799
46;121;-1.64936
46;122;9.14853
47;121;-7.62531
47;122;-10.3256
48;121;-1.52454
48;122;-9.98767
49;121;1.37237
49;122;-9.14122
50;121;6.28192
50;122;-3.00022
51;121;1.5656
51;122;-0.269494
52;121;9.00505
52;122;-8.58926
53;121;-9.66125
53;122;6.75231
54;121;-8.11855
54;122;0.0113602
55;121;4.67946
55;122;9.85686
56;121;1.7616
56;122;2.56981
57;121;-8.28347
57;122;7.95794
58;121;-7.354
58;122;0.239845
59;121;-2.9403
59;122;-0.911871
60;121;-1.17177
60;122;6.78381
61;121;9.87
61;122;-2.66546
62;121;0.230828
62;122;5.0955
63;121;-2.25367
63;122;8.47663
64;121;8.75278
64;122;9.84962
65;122;2.02569
66;121;-0.891783
66;122;-5.35363
67;121;-7.55715
67;122;-1.83736
68;121;2.73724
68;122;8.53689
69;121;8.32951
69;122;9.38034
70;121;-3.26239
70;122;-1.18374
71;121;-3.78032
71;122;8.35634
72;121;-2.24845
72;122;2.26797
73;121;3.36589
73;122;7.39717
74;121;2.07253
74;122;8.28541
75;121;-7.40614
75;122;-9.09441
76;121;7.25074
76;122;5.1947
77;121;5.45934
77;122;-9.20965
78;121;7.28657
78;122;-0.907029
79;121;1.17317
79;122;1.6604
80;121;-2.89303
80;122;-6.65223
81;121;-6.41617
81;122;8.96507
82;121;9.9532
82;122;-0.970813
83;121;9.99987
83;122;2.69044
84;121;6.1629
84;122;-9.00934
85;121;-3.95104
85;122;5.86404
86;121;9.4841
86;122;-1.48136
87;121;9.81645
87;122;-2.62235
88;121;-1.0977
88;122;3.18233
89;121;-9.85893
89;122;-3.9582
90;121;6.80902
90;122;-6.52275
91;121;-8.68756
91;122;-4.10291
92;121;-0.652532
92;122;-5.69574
93;121;-5.91692
93;122;8.24981
94;121;2.52623
94;122;-3.101
95;121;9.21483
95;122;-3.63405
96;121;-13.1746
96;122;3.36127
97;121;1.77424
97;122;0.227494
98;121;-0.736098
98;122;-1.11088
99;121;8.75143
99;122;-3.09357
100;121;-5.16823
100;122;-7.37512
101;121;9.58868
101;122;-0.143605
102;121;11.7141
102;122;-1.05526
103;121;-1.66239
103;122;-1.95941
104;121;-0.529982
104;122;-9.57833
105;121;-10.4029
105;122;-3.15526
106;121;9.56222
106;122;-1.53317
107;121;2.58959
107;122;-0.253059
108;121;8.57771
108;122;-3.66266
109;121;-3.15899
109;122;1.10394
110;121;-4.15692
110;122;-0.160525
111;121;9.64077
111;122;-0.455099
112;121;14.4171
112;122;-9.18973
113;121;-4.39916
113;122;7.84954
114;121;6.34074
114;122;-5.1138
115;121;7.3312
115;122;-4.55639
116;121;-2.55552
116;122;5.99356
117;121;6.7382
117;122;3.89862
118;121;2.93649
118;122;1.40742
119;121;-8.31683
119;122;6.21744
120;121;4.13155
120;122;-3.89374
