1;121;9.63324
1;122;4.52338
2;121;2.88366
2;122;1.62831
3;121;-5.27335
3;122;-9.00066
4;121;4.88993
4;122;-7.60885
5;121;0.241947
5;122;2.54493
6;121;6.56161
6;122;-0.732437
7;121;1.64807
7;122;2.11105
8;121;4.89198
8;122;-8.0474
9;121;-6.41563
9;122;8.85792
10;121;-8.00893
10;122;0.0692196
11;121;9.73962
11;122;3.51308
12;121;3.02205
12;122;3.05027
13;121;1.12847
13;122;9.86205
14;121;7.37848
14;122;-7.03529
15;121;9.77919
15;122;0.155496
16;121;-5.33762
16;122;8.53152
17;121;-0.307597
17;122;0.843845
18;121;0.484874
18;122;6.97824
19;121;2.55985
19;122;-1.30899
20;121;6.28277
20;122;3.77328
21;121;-4.27255
21;122;-8.70825
22;121;8.28042
22;122;7.37552
23;121;0.997777
23;122;-0.875006
24;121;7.2027
24;122;-4.93448
25;121;-7.03231
25;122;7.86636
26;121;-0.664786
26;122;-8.10886
27;121;3.64764
27;122;-6.66091
28;121;-1.97436
28;122;1.81797
29;121;-13.8189
29;122;3.28829
30;121;9.78269
30;122;0.574107
31;121;1.93798
31;122;-6.22497
32;121;0.771131
32;122;9.31765
33;121;-2.15834
33;122;-4.34073
34;121;4.01821
34;122;9.6753
35;121;2.90906
35;122;4.96299
36;121;3.44858
36;122;-5.6554
37;121;-6.53254
37;122;-7.31863
38;121;-5.30578
38;122;-1.45389
39;121;2.75313
39;122;6.76797
40;121;0.0141306
40;122;5.83197
41;121;14.0495
41;122;-1.86467
42;121;7.84118
42;122;7.02653
43;121;-9.71784
43;122;7.05137
44;121;-4.64693
44;122;4.30981
45;121;-0.452772
45;122;9.9033
46;121;-6.64936
46;122;0.676147
47;121;-8.68299
47;122;-5.32564
48;121;4.99379
48;122;-3.91849
49;121;2.60486
49;122;-3.45549
50;121;6.28192
50;122;-0.742955
51;121;-7.17864
51;122;-4.33111
52;121;9.05324
52;122;3.86035
53;121;9.523
53;122;0.315008
54;121;5.8217
54;122;0.376783
55;121;3.52028
55;122;-3.33194
56;121;-4.15667
56;122;2.56981
57;121;7.68636
57;122;1.49527
58;121;3.69597
58;122;-0.83922
59;121;-6.52293
59;122;6.88753
60;121;-7.28911
60;122;-4.84829
61;121;-8.69742
61;122;4.34453
62;121;4.48673
62;122;5.0955
63;121;-13.2149
63;122;1.31362
64;121;-5.69532
64;122;-6.17945
65;121;4.22701
65;122;2.02569
66;121;4.71809
66;122;8.33045
67;121;-8.16218
68;121;7.73724
68;122;-7.80445
69;121;8.32951
69;122;7.05499
70;121;9.70114
70;122;5.40442
71;121;6.9202
71;122;-1.11635
72;121;3.54139
72;122;0.675641
73;121;3.36589
73;122;-8.96303
74;121;-9.62179
74;122;-4.54776
75;121;-7.40614
75;122;-1.72934
76;121;-9.48775
76;122;8.79441
77;121;7.74394
77;122;-4.43109
78;121;2.10238
78;122;-7.58466
79;121;4.75441
79;122;-9.20895
80;121;2.78018
80;122;2.99817
81;121;-2.7878
81;122;13.9651
82;121;7.64454
82;122;5.21228
83;121;7.11488
83;122;-6.29835
84;121;-3.38185
84;122;5.66827
85;121;-14.2434
85;122;7.65857
86;121;-5.59657
86;122;-6.68518
87;121;9.22038
87;122;-1.68587
88;121;5.14171
88;122;0.645675
89;121;-9.85893
89;122;9.35137
90;121;0.0948677
90;122;-6.52275
91;121;-7.46662
91;122;-5.44896
92;121;5.71709
92;122;-4.88911
93;121;-5.91692
93;122;7.09407
94;121;8.10193
94;122;-4.92345
95;121;7.9077
95;122;-5.94425
96;121;0.522047
96;122;-4.9094
97;121;1.77424
97;122;13.1666
98;121;0.0111542
98;122;1.01415
99;121;8.75143
99;122;-3.09357
100;121;1.68242
100;122;-9.92021
101;121;-5.87171
101;122;-9.42999
102;121;-7.95131
102;122;-2.25455
103;121;-5.38913
103;122;-3.18704
104;121;-9.28667
104;122;-5.22608
105;121;-6.23032
105;122;6.05326
106;121;9.02985
106;122;-5.17139
107;121;-0.432456
107;122;2.93424
108;121;-0.47769
108;122;-4.46266
109;121;-1.16429
109;122;1.10394
110;121;0.19854
110;122;6.86716
111;121;9.64077
111;122;2.2923
112;121;0.923435
112;122;-4.04134
113;121;-7.24252
113;122;3.35859
114;121;2.77479
114;122;-4.64777
115;121;0.840079
115;122;-2.12646
116;121;4.28466
116;122;8.87624
117;121;1.48402
117;122;3.64258
118;121;-2.96875
118;122;-4.43755
119;121;-3.4183
119;122;0.520621
120;121;-3.03997
120;122;0.139381
43;67;6.26583
104;0;2.60651
109;114;7.00358
