1;121;6.54615
1;122;0.334333
2;121;4.32882
2;122;6.18877
3;121;4.16935
3;122;-9.88582
4;121;9.85881
4;122;-6.44176
5;121;-9.7219
5;122;1.68139
6;121;-3.70447
6;122;-0.589846
7;121;9.44689
7;122;-2.81431
8;121;-3.88255
8;122;-7.54376
9;121;-5.48528
9;122;4.22821
10;121;8.70592
10;122;8.28669
11;121;3.58546
11;122;9.96823
12;121;3.02205
12;122;-9.09509
13;121;-8.31726
13;122;-1.36748
14;121;5.55139
14;122;-6.68829
15;121;1.81551
15;122;-7.38322
16;121;6.71774
16;122;0.700127
17;121;0.721108
17;122;6.82839
18;121;0.484874
18;122;-3.45779
19;121;12.5599
19;122;0.374804
20;121;0.61666
20;122;-9.4929
21;121;0.739284
21;122;9.906
22;121;-11.9925
22;122;-6.23069
23;121;-5.55902
23;122;4.12499
24;121;-2.19775
24;122;0.299248
25;121;-7.03231
25;122;-0.36965
26;121;-6.52311
26;122;-6.0143
27;121;-0.588716
27;122;4.01875
28;121;-9.35904
28;122;-1.18587
29;121;-3.81887
29;122;4.74019
30;121;7.00123
30;122;-4.98752
31;121;2.01696
31;122;-4.52144
32;121;11.6745
32;122;-6.92192
33;121;7.82274
33;122;3.82408
34;121;4.01821
34;122;-2.65731
35;121;-0.801121
35;122;-9.40037
36;121;13.2461
36;122;-7.88526
37;121;6.56277
37;122;-7.31863
38;121;1.33857
38;122;-1.45389
39;121;-5.93701
39;122;11.768
40;121;8.84536
40;122;2.62846
41;121;5.99135
41;122;6.7041
42;121;5.37462
42;122;-7.275
43;121;11.8597
43;122;7.05137
44;121;1.60772
44;122;8.33816
45;121;-3.20844
45;122;-9.36306
46;121;7.55734
46;122;1.89437
47;121;-4.27822
47;122;1.84551
48;121;2.90616
48;122;-5.75844
49;121;-8.3416
49;122;0.113193
50;121;6.28192
50;122;4.86846
51;121;-4.28718
51;122;-9.33111
52;121;-4.58626
52;122;-4.29841
53;121;-5.74027
53;122;5.34027
54;121;5.90067
54;122;0.0113602
55;121;-5.61728
55;122;4.85686
56;121;-6.92812
56;122;-3.38561
57;121;6.962
57;122;4.32248
58;121;6.94277
58;122;-0.400682
59;121;-1.45336
59;122;6.43512
60;121;-7.28911
60;122;5.33821
61;121;2.07206
61;122;4.27009
62;121;7.62156
62;122;4.6421
63;121;-0.819956
63;122;-6.61271
64;121;2.44333
64;122;-2.91064
65;121;-4.87691
65;122;1.37498
66;121;-5.57744
66;122;4.32008
67;121;-8.24381
67;122;-6.1295
68;121;1.4889
68;122;-7.80445
69;121;4.13045
69;122;-3.82892
70;121;9.70114
70;122;1.03266
71;121;-0.678324
71;122;6.44189
72;121;-7.02578
72;122;-0.936489
73;121;3.36589
73;122;4.62344
74;121;-6.95819
74;122;7.75187
75;121;-3.94144
75;122;-8.10425
76;121;-7.79996
76;122;-2.09869
77;121;6.0085
77;122;3.25569
78;121;12.8412
78;122;6.40574
79;121;-1.54919
79;122;-7.87925
80;121;-4.04618
80;122;3.5739
81;121;4.14644
81;122;8.70259
82;121;9.9532
82;122;-4.78772
83;121;7.11488
83;122;2.69044
84;121;-0.483888
84;122;-9.00934
85;121;-6.4618
85;122;7.94583
86;121;-5.59657
86;122;-8.60206
87;121;5.74788
87;122;-7.54307
88;121;-14.481
88;122;3.89162
89;121;-8.71508
89;122;6.01075
90;121;-3.32311
90;122;-13.3217
91;121;-5.91204
91;122;2.3456
92;121;-8.85257
92;122;0.110886
93;121;-4.70662
93;122;12.0941
94;121;2.52623
95;121;14.2148
95;122;-3.63405
96;121;-2.71379
96;122;3.36127
97;121;1.77424
97;122;0.227494
98;121;9.8291
98;122;4.01244
99;121;4.31316
99;122;-8.44126
100;121;8.5365
100;122;-9.92021
101;121;-3.50323
101;122;-3.88443
102;121;-0.53496
102;122;-1.05526
103;121;4.07843
103;122;9.9594
104;121;-7.87293
104;122;-4.89476
105;121;-2.76013
105;122;0.878734
106;121;5.61974
106;122;-3.08833
107;121;-0.432456
107;122;1.18551
108;121;-1.21101
108;122;-5.07558
109;121;-3.15899
109;122;-5.59142
110;121;-3.81549
110;122;6.86716
111;121;8.02579
111;122;2.2923
112;121;9.41711
112;122;-4.04134
113;121;1.31917
113;122;-1.31899
114;121;2.77479
114;122;-0.876935
115;121;9.86346
115;122;-6.8545
116;121;0.303695
116;122;0.0686331
117;121;1.48402
117;122;9.76873
118;121;7.93649
118;122;8.20523
119;121;-3.4183
119;122;-4.53454
120;121;3.69786
120;122;-0.825797
51;68;9.57811
9;60;2.75851
84;136;3.98438
136;122;-14.5403
52;49;-8.73795
