1;53;-8.04963
1;54;8.12072
1;55;-6.46054
2;53;0.841598
2;54;7.35636
2;55;-7.1088
3;53;5.70426
3;54;-8.19741
3;55;6.43875
4;53;4.22177
4;54;-9.93072
4;55;2.84679
5;53;7.34643
5;54;4.55727
5;55;7.09296
6;53;2.91143
6;54;-2.04606
6;55;9.62906
7;53;5.32263
7;54;8.21897
7;55;9.31912
8;53;-7.71602
8;54;-2.6259
8;55;2.63987
9;53;-4.55899
9;54;5.71954
9;55;6.78082
10;53;-4.52538
10;54;9.59504
10;55;8.75653
11;53;-5.08833
11;54;0.633603
11;55;3.49745
12;53;-1.3052
12;54;-6.72686
12;55;1.46244
13;53;-6.4618
13;54;2.37612
13;55;-8.02635
14;53;7.29746
14;54;6.52074
14;55;-7.9525
15;53;-0.649405
15;54;-1.05862
15;55;-2.50473
16;53;8.66443
16;54;3.14528
16;55;5.21594
17;53;-8.84813
17;54;-2.98863
17;55;-3.37934
18;53;2.68636
18;54;-2.28565
18;55;5.38243
19;53;-0.273086
19;54;-2.34466
19;55;7.5214
20;53;-19.5163
20;54;3.71776
20;55;7.058
21;53;-7.91652
21;54;-3.04726
21;55;4.04059
22;53;5.69858
22;54;4.94461
22;55;0.164075
23;53;8.04694
23;54;2.58263
23;55;-4.05248
24;53;-2.87057
24;54;5.28776
24;55;-7.09254
25;53;-2.40251
25;54;-6.88128
25;55;8.76798
26;53;8.68181
26;54;8.82317
26;55;1.91326
27;53;3.28632
27;54;-7.14926
27;55;-1.1472
28;53;-5.43336
28;54;7.54691
28;55;4.30632
29;53;-5.68724
29;54;2.46237
29;55;-2.55865
30;53;8.96412
30;54;9.86292
30;55;-7.05186
31;53;-2.89263
31;54;3.28669
31;55;6.00259
32;53;-2.31603
32;54;7.45807
32;55;5.20282
33;53;-8.26657
33;54;0.382637
33;55;6.7329
34;53;9.18033
34;54;9.77213
34;55;-5.54373
35;53;7.71446
35;54;13.6014
35;55;-3.17499
36;53;4.28524
36;54;1.12019
36;55;-4.81996
37;53;-9.38594
37;54;6.53561
37;55;-9.44977
38;53;9.50084
38;54;9.49657
38;55;-4.37236
39;53;9.32031
39;54;3.44434
39;55;4.14122
40;53;-5.44109
40;54;8.91587
40;55;-0.3434
41;53;-1.08494
41;54;-9.95582
41;55;-0.225194
42;53;0.996924
42;54;-6.89077
42;55;-7.76713
43;53;3.73321
43;54;3.79441
43;55;-5.81743
44;53;-4.50299
44;54;4.31003
44;55;-9.67444
45;53;-5.07795
45;54;-3.4495
45;55;8.58046
46;53;-3.19496
46;54;-1.96706
46;55;-2.34222
47;53;4.22569
47;54;-2.65731
47;55;-7.59259
48;53;9.73877
48;54;7.53834
48;55;-9.84082
49;53;-9.39352
49;54;8.28946
49;55;8.04694
50;53;-13.1281
50;54;-8.64686
50;55;-7.7147
51;53;14.2504
51;54;-0.0329819
51;55;7.01294
52;53;-5.97484
52;54;-8.26497
52;55;6.75626
14;39;-1.25309
12;27;0.0312856
21;60;-4.40604
60;53;-4.31796
