1;121;-92.6608
1;122;94.9868
2;121;90.2858
2;122;16.2831
3;121;29.0927
3;122;-65.3652
4;121;-88.6233
4;122;45.5172
5;121;91.2228
5;122;25.4493
6;121;35.3958
6;122;-34.0494
7;121;9.27851
7;122;57.8163
8;121;24.3388
8;122;4.27716
9;121;26.2349
9;122;43.5016
10;121;-80.0893
10;122;86.9649
11;121;86.1333
11;122;-51.7029
12;121;-10.8327
12;122;72.3327
13;121;-32.3061
13;122;-78.8937
14;121;87.558
14;122;-79.1225
15;121;-86.8311
15;122;39.3201
16;121;-69.1683
16;122;-12.4144
17;121;48.8817
17;122;69.0263
18;121;-51.1861
18;122;-46.8922
19;121;18.4318
19;122;-89.6397
20;121;-41.2018
20;122;-95.9181
21;121;-19.1358
21;122;60.0724
22;121;29.7228
22;122;90.1427
23;121;9.97778
23;122;-61.5484
24;121;-60.8337
24;122;-13.8194
25;121;-70.3231
25;122;60.2556
26;121;43.287
26;122;91.3004
27;121;99.15
27;122;-2.05933
28;121;48.9461
28;122;-45.8586
29;121;80.0327
29;122;97.3853
30;121;-38.4058
30;122;-96.7444
31;121;46.3877
31;122;-45.2144
32;121;16.4168
32;122;-36.0308
33;121;90.8278
33;122;40.409
34;121;46.4326
34;122;92.7597
35;121;86.1715
35;122;-78.243
36;121;6.32129
36;122;80.0588
37;121;85.8937
37;122;-40.2194
38;121;-53.0578
38;122;93.5388
39;121;27.3515
39;122;-33.9733
40;121;-97.8992
40;122;-75.5814
41;121;-1.07874
41;122;-63.8228
42;121;78.4117
42;122;35.4623
43;121;-9.6301
43;122;70.5137
44;121;-78.7008
44;122;-1.53535
45;121;-89.6262
45;122;-72.4254
46;121;10.7581
46;122;72.9628
47;121;-66.9263
47;122;42.8524
48;121;25.5233
48;122;-99.8767
49;121;-52.4308
49;122;27.1417
50;121;-85.2724
50;122;-94.8717
51;121;98.8071
51;122;-8.0127
52;121;43.3412
52;122;87.4214
53;121;-96.6125
53;122;-28.2105
54;121;-22.0224
54;122;-90.2937
55;121;43.7192
55;122;-28.8972
56;121;-41.8663
56;122;48.0009
57;121;89.2923
57;122;94.1419
58;121;69.4277
58;122;2.39846
59;121;-9.38888
59;122;37.916
60;121;-28.8233
60;122;-93.3105
61;121;85.7355
61;122;-59.67
62;121;-49.4333
62;122;-25.0525
63;121;-35.9934
63;122;-7.73502
64;121;36.889
64;122;-56.5337
65;121;18.8978
65;122;-89.1052
66;121;59.6397
66;122;42.9959
67;121;-82.4381
67;122;28.3843
68;121;-11.7019
68;122;65.881
69;121;50.9904
69;122;90.5835
70;121;95.2815
70;122;32.1931
71;121;-42.776
71;122;79.0407
72;121;-40.2603
72;122;91.2111
73;121;-76.4544
73;122;73.3403
74;121;56.8444
74;122;15.0406
75;121;57.901
75;122;-33.4588
76;121;25.0496
76;122;-2.9999
77;121;-90.0134
77;122;-44.3108
78;121;44.7039
78;122;28.8548
79;121;-16.2783
79;122;-98.1845
80;121;20.6931
80;122;-98.404
81;121;-94.2831
81;122;98.2914
82;121;-49.2597
82;122;14.9191
83;121;17.8817
83;122;-72.9835
84;121;39.7557
84;122;6.7295
85;121;-55.4044
85;122;76.5856
86;122;19.9062
87;121;9.15688
87;122;-32.7732
88;121;54.0813
88;122;-65.6744
89;121;78.3474
89;122;93.5137
90;121;-62.1319
90;122;63.939
91;121;-46.676
91;122;-57.0094
92;121;-96.9532
92;122;31.6082
93;121;63.5071
93;122;99.3621
94;121;-16.3604
94;122;-1.2443
95;121;-74.071
95;122;-29.9793
96;121;78.0494
96;122;91.5541
97;121;75.2777
97;122;11.4005
98;121;-6.64286
98;122;29.4066
99;121;-19.3913
99;122;-81.242
100;121;49.0462
100;122;-10.6757
101;121;-87.5867
101;122;10.4774
102;121;76.6342
102;122;-22.5455
103;121;-32.873
103;122;87.6912
104;121;-5.29982
104;122;-0.369476
105;121;-36.1243
105;122;-84.6011
106;121;97.4358
106;122;-51.7139
107;121;81.0692
107;122;-25.8283
108;121;50.6498
108;122;48.0253
109;121;-64.386
109;122;95.388
110;121;72.463
110;122;-39.4416
111;121;11.3555
111;122;-78.2355
112;121;94.1584
112;122;-88.6587
113;121;-30.289
113;122;-16.5653
114;121;-2.23128
114;122;-46.4777
115;121;8.4008
115;122;-87.9021
116;121;85.3582
116;122;41.1078
117;121;-68.3572
117;122;7.52114
118;121;-35.4454
118;122;-46.0609
119;121;-83.1683
119;122;30.1542
120;121;-63.5768
120;122;5.9836
86;124;83.2407
124;121;99.1178
117;61;-62.0438
