1;17;8.50952
1;19;-5.36128
2;17;-1.93827
2;18;-6.24117
2;19;-6.04897
3;17;-6.43372
3;18;-8.95979
3;19;1.22121
4;17;1.0794
4;18;-4.86833
4;19;-1.65021
5;17;-1.63063
5;18;3.73507
5;19;-0.586519
6;17;2.71496
6;18;9.26184
6;19;9.34594
7;17;-4.68363
7;18;-0.442269
7;19;1.39201
8;17;-1.01312
8;18;-12.2554
8;19;3.93623
9;17;10.8751
9;18;-13.2471
9;19;-19.4776
10;17;2.17618
10;18;9.1756
10;19;-0.634862
11;17;-6.99802
11;18;11.7822
12;17;-7.08632
12;18;-7.63747
12;19;6.95906
13;17;14.6985
13;19;7.24229
14;17;0.0506935
14;18;14.6873
14;19;-8.93853
15;17;2.56382
15;18;7.83059
15;19;0.666295
16;17;2.04917
16;18;-2.04506
16;19;8.37861
6;25;9.47422
25;18;6.59137
14;10;8.9805
