1;121;5.55506
1;122;-1.89567
2;121;-6.11419
2;122;-6.98931
3;121;-5.27335
3;122;-6.14887
4;121;2.59721
4;122;-4.55544
5;121;-9.89985
5;122;3.00296
6;121;-4.40802
6;122;5.21174
7;121;-1.13279
7;122;2.18569
8;121;0.14178
8;122;4.52959
9;121;-1.36676
9;122;8.85792
10;121;8.70592
10;122;8.30188
11;121;7.0412
11;122;-4.72767
12;121;-1.08327
12;122;-5.92844
13;121;-3.23061
13;122;5.46593
14;121;3.02059
14;122;-3.87869
15;121;12.3564
15;122;-4.8445
16;121;-6.00766
16;122;-1.34601
17;121;1.02886
17;122;2.78884
18;121;0.484874
18;122;-6.89493
19;121;8.78258
19;122;-3.82965
20;121;0.937692
20;122;4.76311
21;121;-8.6536
21;122;0.356097
22;121;-8.91936
22;122;7.37552
23;121;-5.55902
23;122;-10.3932
24;121;6.90511
24;122;-8.91869
25;121;-6.43453
25;122;7.86636
26;121;9.52656
26;122;7.24185
27;121;-2.61044
27;122;-7.99374
28;121;-1.97436
28;122;6.81797
29;121;-4.02523
29;122;-2.15299
30;121;9.78269
30;122;-4.98752
31;121;-8.22098
31;122;-6.22497
32;121;1.02569
32;122;-6.92192
33;121;-7.88455
33;122;-5.99767
34;121;6.29589
34;122;3.2659
35;121;8.61715
35;122;-7.8243
36;121;3.44858
36;122;-5.6554
37;121;8.58937
37;122;4.52922
38;121;6.28703
38;122;1.59202
39;121;-1.26038
39;122;4.04245
40;121;-8.53552
40;122;1.68026
41;121;-8.27897
41;122;2.41879
42;121;-1.47154
42;122;9.80329
43;121;-7.15745
43;122;9.85824
44;121;-5.09116
44;122;-0.976325
45;121;-7.2256
45;122;7.54198
46;121;-1.06784
46;122;9.14853
47;121;-7.81042
47;122;-9.97486
48;121;-3.91396
48;122;11.6066
49;121;-4.33042
49;122;1.28968
50;121;6.28192
50;122;-1.10636
51;121;-7.17864
51;122;-0.269494
52;121;4.33412
52;122;4.53022
53;121;0.577842
53;122;6.05424
54;121;0.279593
54;122;0.0113602
55;121;3.52028
55;122;-4.37377
56;121;8.6552
56;122;2.56981
57;121;5.51331
57;122;-6.38117
58;121;-6.38511
58;122;-3.96761
59;121;9.27547
59;122;1.45526
60;121;-5.62945
60;122;6.78381
61;121;5.23225
61;122;-7.2315
62;121;0.230828
62;122;0.31425
63;121;0.0991201
63;122;1.31362
64;121;0.743766
64;122;9.84962
65;121;7.63848
65;122;-13.9105
66;121;3.0776
66;122;-3.29825
67;121;4.43251
67;122;-6.55766
68;121;-3.94289
68;122;3.35119
69;121;-2.52888
69;122;9.75683
70;121;4.32182
70;122;9.19285
71;121;5.30597
71;122;-1.15444
72;121;-3.6231
72;122;-0.571776
73;121;1.89775
73;122;5.6043
74;121;0.900091
74;122;-3.12317
75;121;1.1252
75;122;11.0216
76;121;2.14773
76;122;-3.58456
77;121;8.87305
77;122;-2.53312
78;121;-3.62301
78;122;-4.76689
79;121;1.17317
79;122;-7.87925
80;121;-2.96754
80;122;14.3136
81;121;-4.84566
81;122;8.96507
82;121;9.9532
82;122;-2.67944
83;121;-1.01826
83;122;-9.35301
84;121;7.26347
84;122;-9.4684
85;121;-9.24336
85;122;5.86404
86;121;7.31358
86;122;8.11625
87;121;9.81645
87;122;-7.62235
88;121;-1.31868
88;122;11.1955
89;121;-9.11661
89;122;9.35137
90;121;6.80902
90;122;-5.06446
91;121;-5.91204
91;122;-6.11617
92;121;-5.65253
92;122;-5.69574
93;121;-5.91692
93;122;9.93621
94;121;13.1019
94;122;0.302402
95;121;-0.998934
95;122;4.79119
96;121;-10.6536
96;122;9.15541
97;121;1.77424
97;122;1.14005
98;121;2.88826
98;122;4.37302
99;121;9.33922
99;122;-8.1242
100;121;3.20002
100;122;-11.0676
101;121;12.7398
101;122;-2.70843
102;121;2.92218
102;122;-1.05526
103;121;-3.2873
103;122;-1.95941
104;121;-0.529982
104;122;-3.96006
105;121;-14.4057
105;122;7.22194
106;121;6.98024
106;122;-7.18632
107;121;4.24114
107;122;-5.25306
108;121;4.69908
108;122;-5.07558
109;121;9.80576
109;122;1.10394
110;121;5.9543
110;122;7.73771
111;121;8.02579
111;122;1.61743
112;121;9.41711
112;122;-11.4949
113;121;6.25058
113;122;5.4554
114;121;0.521239
114;122;-0.876935
115;121;9.86346
115;122;7.95262
116;121;3.67977
116;122;5.07104
117;121;-7.79161
117;122;3.64258
118;121;-2.96875
118;122;8.20523
119;121;-13.8796
119;122;6.48245
120;121;-3.03997
120;122;10.7655
20;141;9.78046
141;121;0.937692
