1;53;-3.87153
1;54;13.1207
1;55;11.0995
2;53;-6.31889
2;54;8.23295
2;55;6.87787
3;53;4.07339
3;54;-9.16644
3;55;6.47705
4;53;1.0794
4;54;-6.30364
4;55;2.57742
5;53;7.34643
5;54;14.6509
5;55;-4.28709
6;53;-0.151424
6;54;2.71423
6;55;-9.88343
7;53;8.46111
7;54;8.07324
7;55;-4.10502
8;53;-5.95523
8;54;5.15141
8;55;1.08353
9;53;-4.72962
9;54;-0.643536
9;55;-6.2171
10;53;-7.82382
10;54;9.97849
10;55;-4.48206
11;53;4.89461
11;54;-2.00073
11;55;8.62676
12;53;-1.3052
12;54;-5.65019
12;55;0.227727
13;53;5.99732
13;54;12.7745
13;55;6.23418
14;53;8.5212
14;54;-4.34906
14;55;-9.01653
15;53;-1.99543
15;54;9.27597
15;55;9.99303
16;53;1.08137
16;54;7.09064
16;55;6.88964
17;53;-0.265339
17;54;5.91075
17;55;5.07161
18;53;4.69616
18;54;-6.15572
18;55;5.38243
19;53;9.34273
19;54;-9.66459
19;55;9.69689
20;53;-9.51633
20;54;-4.96732
20;55;6.89439
21;53;-5.2344
21;54;-9.66727
21;55;1.35915
22;53;-2.91014
22;54;8.62047
22;55;3.30421
23;53;3.45932
23;54;-0.905568
23;55;-6.82051
24;53;-3.30187
24;54;9.72934
25;53;-11.2472
25;54;8.77927
25;55;7.73498
26;53;-0.580954
26;54;8.82317
26;55;-1.81391
27;53;2.79958
27;54;6.26759
27;55;2.16652
28;53;1.68865
28;54;-1.19791
28;55;-3.3954
29;53;-2.30411
29;54;-3.39326
29;55;-8.0347
30;53;-1.0065
30;54;2.14262
30;55;3.7334
31;53;7.81874
31;54;-7.82734
31;55;3.14608
32;53;-1.48151
32;54;-4.8293
32;55;7.77447
33;53;-8.26657
33;54;-1.98748
33;55;9.29726
34;53;8.21944
34;54;7.08076
34;55;-5.6835
35;53;-1.99802
35;54;10.6859
35;55;-4.27822
36;53;4.28524
36;54;-1.92165
36;55;-9.06975
37;53;2.47133
37;54;5.92502
37;55;-9.44977
38;53;8.62874
38;54;-5.20603
38;55;7.56555
39;53;-3.68495
39;54;-4.47531
39;55;1.12887
40;53;-4.68714
40;54;-3.66694
40;55;0.264437
41;53;-9.46435
41;54;-7.47849
41;55;8.18657
42;54;3.32825
42;55;-7.64632
43;53;-7.76395
43;54;3.4921
43;55;2.59331
44;53;2.46688
44;54;-2.84412
44;55;0.256965
45;53;-8.91674
45;54;-2.50017
45;55;2.60849
46;53;-12.1372
46;54;-1.21585
46;55;-4.99396
47;53;7.64454
47;54;4.90143
47;55;-8.5094
48;53;9.00208
48;54;7.39363
48;55;-6.25363
49;53;-6.47579
49;54;5.47206
49;55;8.0043
50;53;-4.40492
50;54;-8.64686
50;55;-3.05427
51;53;7.92557
51;54;-9.75564
51;55;-1.59142
52;53;7.2393
52;54;-6.53929
52;55;3.93835
71;53;-7.03529
34;37;1.33148
