1;121;7.89422
1;122;4.52338
2;121;-8.74997
2;122;1.62831
3;121;2.38396
3;122;2.14853
4;121;3.52618
4;122;-1.09843
5;121;0.241947
5;122;2.54493
6;121;5.41194
6;122;-0.732437
7;121;4.49751
7;122;-4.8106
8;121;0.14178
8;122;-8.0474
9;121;6.7837
9;122;3.85558
10;121;-3.06308
10;122;-1.46193
11;121;7.0412
11;122;4.10345
12;121;-5.11816
12;122;-8.42053
13;121;-8.31726
13;122;2.40117
14;121;6.45763
14;122;-7.03529
15;121;8.30404
15;122;-3.30823
16;121;-3.04197
16;122;-1.45317
17;121;0.721108
17;122;-9.01054
18;121;4.67272
18;122;-0.271645
19;121;7.55985
19;122;0.374804
20;121;4.39199
20;122;8.77328
21;121;1.47365
21;122;-2.74471
22;121;-0.225338
22;122;-4.34533
23;121;3.0321
23;122;-5.28122
24;121;-2.39274
24;122;-8.77533
25;121;0.0803385
25;122;4.54418
26;121;3.60359
26;122;-0.449327
27;121;14.2203
27;122;-0.0431347
28;121;4.89461
28;122;0.633603
29;121;-9.18803
29;122;3.4485
30;121;9.78269
30;122;-4.98752
31;121;2.35697
31;122;4.96569
32;121;-5.87906
32;122;-6.92192
33;121;7.82274
33;122;4.0409
34;121;3.39776
34;122;7.90249
35;121;-5.80112
35;122;-12.2102
36;121;-5.59905
36;122;-7.88526
37;121;8.58937
37;122;-0.47078
38;121;-8.27988
38;122;-7.51793
39;121;-4.24836
39;122;-6.60342
40;121;-7.6246
40;122;5.83197
41;121;4.67972
41;122;6.7041
42;121;0.374623
42;122;-7.275
43;121;-7.15745
43;122;-3.71574
44;121;8.55662
44;122;-8.94046
45;121;-3.20844
45;122;-4.92875
46;121;1.63364
46;122;5.67615
47;121;4.49117
47;122;-3.15449
48;121;-7.77339
48;122;-3.91849
49;121;-8.3416
49;122;7.09096
50;121;-6.016
50;122;-1.10636
51;121;8.46539
51;122;-7.60641
52;121;-7.51527
52;122;-4.16743
53;121;-5.74027
53;122;6.75231
54;121;5.90067
54;122;0.376783
55;121;-0.320539
55;122;1.89559
56;121;-0.801745
56;122;2.75465
57;121;5.35034
57;122;-5.42712
58;121;6.94277
58;122;-8.34865
59;121;-2.75688
59;122;6.88753
60;121;-1.17177
60;122;5.33821
61;121;-1.00276
61;122;7.79442
62;121;4.48673
62;122;5.67056
63;121;0.0991201
63;122;8.70629
64;121;-7.44448
64;122;9.84962
65;121;-4.87691
65;122;-0.00380516
66;121;5.96397
66;122;0.483623
67;121;-8.24381
67;122;7.83214
68;121;3.00153
68;122;6.36082
69;121;6.88413
69;122;4.88299
70;121;-3.26239
70;122;-9.93665
71;121;6.9202
71;122;-8.12938
72;121;-7.02578
72;122;7.26797
73;121;9.49457
73;122;3.50573
74;121;2.07253
74;122;-0.367732
75;121;-8.69419
75;122;-4.09924
76;121;-9.48775
76;122;-9.87756
77;121;6.0085
77;122;-4.43109
78;121;2.10238
78;122;1.47701
79;121;-1.54919
79;122;-8.9365
80;121;8.54733
80;122;2.99817
81;121;4.14644
81;122;8.47583
82;121;-6.01605
82;122;-0.0144482
83;121;7.11488
83;122;-4.53699
84;121;-8.08145
84;122;3.99901
85;121;-9.24336
85;122;-6.71267
86;121;-5.66349
86;122;0.274001
87;121;9.81645
87;122;-5.03052
88;121;2.92772
88;122;-4.5064
89;121;-3.02969
89;122;9.35137
90;121;5.09487
90;122;-6.52275
91;121;-8.12441
91;122;-6.11617
92;121;0.717087
92;122;-4.01553
93;121;-5.91692
93;122;6.21582
94;121;8.10193
94;122;-5.81324
95;121;9.21483
95;122;-8.99119
96;121;2.68688
96;122;0.950054
97;121;1.77424
97;122;0.227494
98;121;-9.75397
98;122;-2.13645
99;121;5.69051
99;122;1.18246
100;121;-7.11186
100;122;-9.92021
101;121;-3.50323
101;122;-5.74423
102;121;7.66342
102;122;-4.74073
103;121;-3.2873
103;122;9.28689
104;121;-6.94207
104;122;-9.57833
105;121;-3.40876
105;122;7.22194
106;121;-0.649405
106;122;-6.09889
107;121;6.1438
107;122;-0.253059
108;121;8.57771
108;122;3.65062
109;121;7.6147
109;122;-4.3948
110;121;-4.80146
110;122;6.86716
111;121;1.9755
111;122;1.05546
112;121;9.41711
112;122;-7.86587
113;121;-7.24252
113;122;1.16946
114;121;-3.4415
114;122;-4.28822
115;121;0.389086
115;122;-2.79634
116;121;7.18451
116;122;-3.11414
117;121;6.7382
117;122;3.89862
118;121;7.93649
119;121;-8.06567
119;122;-9.93644
120;121;-3.03997
120;122;1.10626
67;131;3.35811
131;121;-3.16218
121;92;-9.89547
95;68;8.99242
99;157;5.12325
157;122;1.18246
