1;53;-9.0205
1;54;5.7653
1;55;-6.46054
2;53;-3.87869
2;54;13.5015
2;55;4.86326
3;53;8.10904
3;54;2.54499
3;55;7.20474
4;53;1.0794
4;54;-9.47795
4;55;-5.38052
5;53;7.34643
5;54;9.37877
5;55;-4.28709
6;53;6.701
6;54;-0.325568
6;55;8.87725
7;53;2.868
7;54;8.21897
7;55;5.00465
8;53;-8.95665
8;54;-7.25537
8;55;-3.30057
9;53;3.33095
9;54;3.59822
9;55;0.75676
10;53;-0.630453
10;54;4.08238
10;55;-6.72914
11;53;-2.2775
11;54;-7.79928
11;55;9.21335
12;53;9.56459
12;54;5.03275
12;55;8.25365
13;53;-1.45345
13;54;6.13926
13;55;-5.86214
14;53;-3.13006
14;54;-0.934828
14;55;1.34722
15;53;4.35059
15;54;7.10838
15;55;2.39242
16;53;5.4554
16;54;6.00478
16;55;8.11882
17;53;-4.35969
17;54;5.10789
17;55;3.67665
18;53;9.79082
18;54;3.5183
18;55;5.96595
19;53;2.86752
19;54;-0.386453
19;55;-5.34633
20;53;-3.32934
20;54;-1.38676
20;55;6.41624
21;53;-4.37753
21;54;-2.5261
21;55;-0.959406
22;53;-6.84891
22;54;2.78525
22;55;-5.44578
23;53;-5.18838
23;54;4.84286
23;55;-1.44596
24;53;-5.95234
24;54;-2.94158
24;55;-6.94166
25;53;-2.40251
25;54;-6.51901
25;55;8.79839
26;53;8.68181
26;54;8.53103
26;55;-6.14887
27;53;7.79958
27;54;-3.28296
27;55;-5.41841
28;53;-8.75981
28;54;0.997887
28;55;8.6847
29;53;3.36937
29;54;2.46237
29;55;0.992548
30;53;3.14093
30;54;-10.7381
30;55;-0.247225
31;53;1.59931
31;54;-9.11268
31;55;-2.28948
32;53;-7.69952
32;54;3.18904
32;55;11.4575
33;53;-3.69742
33;54;-2.27881
33;55;6.7329
34;53;8.18708
34;54;2.21926
34;55;-5.47039
35;53;-1.57121
35;54;1.29261
35;55;-13.175
36;53;-7.20722
36;54;4.56591
36;55;-10.3536
37;53;-7.32726
37;54;5.65266
37;55;3.04101
38;53;6.4589
38;54;-1.82826
38;55;7.05499
39;53;-3.11498
39;54;-9.60711
39;55;-3.01149
40;53;-8.63618
40;54;-3.6231
40;55;6.50323
41;53;4.73802
41;54;-1.92295
41;55;-0.210076
42;53;14.9705
42;54;5.61146
42;55;-4.65395
43;53;9.53596
43;54;-2.32905
43;55;-9.7219
44;53;5.83451
44;54;4.85245
44;55;-9.67444
45;53;-10.6642
45;54;-0.0343056
45;55;9.78966
46;53;-12.8606
46;54;2.18838
46;55;-9.59237
47;53;-1.292
47;54;4.70399
47;55;0.859465
48;53;1.14559
48;54;-5.30971
48;55;-0.935486
49;53;-9.24336
49;54;6.71394
49;55;-4.48568
50;53;-4.11828
50;54;0.844932
50;55;8.01791
51;53;5.49319
51;54;-0.0810146
51;55;4.67972
52;53;-5.12511
52;54;-2.1148
52;55;6.79736
5;57;-1.45815
57;54;-3.43923
6;84;4.0602
84;54;9.91824
49;34;8.06292
