1;122;-18.9567
2;121;48.7536
2;122;13.3456
3;121;22.9937
3;122;43.7773
4;121;-88.6233
4;122;-64.4176
5;121;-97.219
5;122;-43.6159
6;121;-44.0802
6;122;-6.54001
7;121;99.1539
7;122;21.8569
8;121;26.0849
8;122;-53.6388
9;121;57.837
9;122;46.3901
10;121;68.5215
10;122;83.0188
11;121;-72.887
11;122;66.3063
12;121;30.2205
12;122;-84.2053
13;121;-32.3061
13;122;80.9077
14;121;83.4075
14;122;64.0631
15;121;48.5127
15;122;-73.8322
16;121;-75.6589
16;122;88.5657
17;121;-53.2112
17;122;15.6334
18;121;4.84875
18;122;69.7824
19;121;-85.4677
19;122;3.74805
20;121;-41.2018
20;122;-55.7971
21;121;-86.536
21;122;11.8989
22;121;-89.1936
22;122;-92.0671
23;121;-55.5902
23;122;12.2242
24;121;-45.7059
24;122;-87.7533
25;121;-5.08036
25;122;99.1241
26;121;81.9371
26;122;-1.80036
27;121;89.1218
27;122;-74.7968
28;121;-82.0782
28;122;-94.0508
29;121;-38.1887
29;122;-78.3837
30;121;70.0123
30;122;4.97966
31;121;23.5697
31;122;89.3332
32;121;45.7277
32;122;-69.2192
33;121;-78.8455
33;122;-91.2509
34;121;-38.1685
34;122;43.2494
35;121;-52.4033
35;122;28.4646
36;121;-35.2144
36;122;-51.8125
37;121;85.8937
37;122;-73.1863
38;121;92.5033
38;122;-10.065
39;121;-39.4802
39;122;47.0614
40;121;61.9489
40;122;55.5553
41;121;100.495
41;122;2.93948
42;121;53.7462
42;122;79.617
43;121;41.2127
43;122;65.541
44;121;75.3967
44;122;69.1053
45;121;-79.133
45;122;79.0019
46;121;85.0631
46;122;61.1083
47;121;29.4118
47;122;57.5459
48;121;-77.7339
48;122;66.2678
49;121;-62.927
49;122;-15.9025
50;121;51.4457
50;122;-0.571609
51;121;34.6539
51;122;18.4163
52;121;8.41429
52;122;-42.9841
53;121;-57.4027
53;122;67.5231
54;121;59.0067
54;122;0.113609
55;121;45.2028
55;122;-33.3194
56;121;-54.1087
56;122;25.6981
57;121;69.6201
57;122;14.9527
58;121;5.3151
58;122;7.53521
59;121;-14.5336
59;122;-39.0143
60;121;-11.7177
60;122;-49.9814
61;121;-53.5402
61;122;-36.6546
62;121;44.8674
62;122;50.955
63;121;-22.4026
63;122;15.8351
64;121;-74.4448
64;122;-42.7851
65;121;-63.38
65;122;72.77
66;121;47.1809
66;122;-36.207
67;121;-82.4381
67;122;50.0674
68;121;27.3724
68;122;-39.8408
69;121;68.8414
69;122;-13.6209
70;121;60.2728
70;122;4.04417
71;121;53.0597
71;122;64.4189
72;121;-70.2578
72;122;-74.9369
73;121;33.6589
73;122;35.0573
74;121;20.7253
74;122;27.5187
75;121;-74.0614
75;122;37.7152
76;121;83.5537
76;122;-27.6016
77;121;98.7305
77;122;-98.0894
78;121;-81.2425
78;122;14.7701
79;121;-15.4919
79;122;-31.6755
80;121;-77.3503
80;122;-3.01611
81;121;41.4644
81;122;69.8305
82;121;-96.2888
82;122;59.0263
83;121;23.4344
83;122;26.9044
84;121;0.679588
84;122;69.9384
85;121;-86.7165
85;122;79.4583
86;121;-55.9657
86;122;-28.3495
87;121;-58.5708
87;122;-26.2235
88;121;-50.4498
88;122;31.8233
89;121;-23.1096
89;122;66.4873
90;121;50.9487
90;122;-80.1634
91;121;-81.2441
91;122;-6.86024
92;121;7.17087
92;122;-64.7987
93;121;-1.32021
93;122;46.7101
94;121;25.2623
94;122;25.3389
95;121;92.1483
95;122;-29.9793
96;121;62.4211
96;122;-68.3541
97;121;-29.1652
97;122;2.27495
98;121;-7.36098
98;122;-46.4843
99;121;87.5143
99;122;11.8246
100;121;85.365
100;122;30.2086
101;121;-8.71712
101;122;3.71914
102;121;67.1411
102;122;-10.5526
103;121;54.3156
103;122;-43.8359
104;121;-47.7605
104;122;-95.7833
105;121;-44.0876
105;122;72.2194
106;121;90.2986
106;122;-36.7734
107;121;11.438
107;122;70.3003
108;121;85.7771
108;122;48.0253
109;121;-73.0354
109;122;-35.1111
110;121;-10.2238
110;122;-73.3749
111;121;13.3152
111;122;22.923
112;121;94.1711
112;122;76.6937
113;121;83.5329
113;122;-13.1899
114;121;9.97681
114;122;4.09094
115;121;98.6347
115;122;-5.53367
116;121;-73.52
116;122;-10.0825
117;121;65.5599
117;122;-31.9884
118;121;79.3649
118;122;14.0742
119;121;22.1772
119;122;-67.4855
120;121;-18.3172
120;122;95.047
1;123;-82.5577
123;121;55.5506
44;56;-63.7316
