1;53;-9.58584
1;54;9.86205
1;55;-11.3916
2;53;-1.88889
2;54;6.35071
2;55;-16.049
3;53;12.0622
3;54;-1.77294
3;55;5.42495
4;53;5.37191
4;54;-4.06796
4;55;-7.67775
5;53;4.97051
5;54;4.65093
5;55;-8.02285
6;53;6.701
6;54;-9.19043
6;55;4.64277
7;53;2.97228
7;54;2.62614
7;55;1.48427
8;53;7.77599
8;54;-7.25537
8;55;6.08353
9;53;-4.26183
9;54;8.89618
9;55;-8.5765
10;53;-6.81398
10;54;2.95095
10;55;-2.20593
11;53;0.258648
11;54;-6.58704
11;55;2.2528
12;53;3.4485
12;54;5.03275
12;55;5.22773
13;53;-8.69151
13;54;2.99234
13;55;1.23207
14;53;5.02844
14;54;3.17493
14;55;5.39828
15;53;-5.07049
15;54;-8.03381
15;55;0.947277
16;53;-6.74855
16;54;6.15449
16;55;1.72273
17;53;-8.34846
17;54;-2.98863
17;55;6.488
18;53;7.83143
18;54;-7.79161
18;55;6.00724
19;53;-2.63927
19;54;10.413
19;55;-8.31683
20;53;-7.11202
20;54;-4.96732
20;55;7.73954
21;53;-8.42357
21;54;9.41268
21;55;-4.28961
22;53;-7.07729
22;54;-3.59176
22;55;-6.79731
23;53;8.70592
23;54;5.34019
23;55;-7.81042
24;53;-3.72207
24;54;-1.52454
24;55;4.15818
25;53;-1.24725
25;54;8.77927
25;55;11.4717
26;53;8.24618
26;54;5.65262
26;55;-5.81235
27;53;-0.471569
27;54;-3.67734
27;55;-8.64784
28;53;6.05424
28;54;1.03017
28;55;-6.75776
29;53;-2.30411
29;54;4.69097
29;55;8.6552
30;53;4.80078
30;54;3.5569
30;55;1.13724
31;53;-2.36664
31;54;9.87548
31;55;1.90091
32;53;-6.01312
32;54;-0.629453
32;55;11.7838
33;53;-7.03127
33;54;7.86636
33;55;0.230828
34;53;4.92793
34;54;6.6445
34;55;6.81135
35;53;5.35947
35;54;6.58118
35;55;4.92149
36;53;6.53026
36;54;7.19369
36;55;6.95906
37;53;-9.28209
37;54;5.92502
37;55;-4.13969
38;53;9.50084
38;54;-5.20603
38;55;7.05499
39;53;-1.59952
39;54;-5.28933
39;55;8.18292
40;53;-1.66997
40;54;2.93681
40;55;7.12984
41;53;2.51928
41;54;-7.47849
41;55;9.50761
42;53;6.8244
42;54;-1.03959
42;55;-2.64632
43;53;8.49148
43;54;3.79441
43;55;-14.7219
44;53;-1.05755
44;55;6.92259
45;53;6.17317
45;54;-9.20895
45;55;19.0286
46;53;-4.8489
46;54;-6.41617
46;55;7.54198
47;53;1.63364
47;54;9.25639
47;55;-8.5094
48;53;4.73877
48;54;-6.79206
48;55;-5.92844
49;53;-16.7605
49;54;5.86404
49;55;2.26403
50;53;2.66598
50;54;8.13127
50;55;9.3481
51;53;4.21537
51;54;-3.76099
51;55;-8.13039
52;53;-3.9582
52;54;-8.35222
52;55;0.55306
33;58;-1.0478
58;53;7.18958
51;64;2.89312
64;55;-0.121899
3;90;-0.94309
90;53;2.06218
