1;121;5.55506
1;122;-1.80361
2;121;9.02858
2;122;-2.4784
3;121;3.53103
3;122;-8.59498
4;121;-7.44516
4;122;-6.44176
5;121;-10.4184
5;122;8.51716
6;121;5.88366
6;122;-7.83899
7;121;1.64807
7;122;-2.81431
8;121;-2.55865
8;122;6.94932
9;121;0.403723
9;122;3.65425
10;121;-2.88984
10;122;8.30188
11;121;-9.10018
11;122;-4.72767
12;121;-3.62943
12;122;-8.42053
13;121;-3.8319
13;122;3.63252
14;121;8.34075
14;122;-3.87869
15;121;2.70175
15;122;3.93201
16;121;-8.06791
16;122;-5.18634
17;121;5.6344
17;122;0.843845
18;121;0.484874
18;122;14.6148
19;121;-8.54677
19;122;8.84342
20;121;-4.94062
20;122;4.76311
21;121;1.47365
21;122;8.88673
22;121;-8.91936
22;122;-2.99474
23;121;-8.51885
23;122;-9.88314
24;121;1.79879
24;122;1.87733
25;121;0.0803385
25;122;8.89618
26;121;9.52656
26;122;-0.180037
27;121;-5.6169
27;122;-2.20593
28;121;1.39944
28;122;0.633603
29;121;-3.1296
29;122;3.4485
30;121;7.00123
30;122;-9.67444
31;121;7.58025
31;122;7.77454
32;121;-1.6608
32;122;4.84326
33;121;-7.88455
33;122;8.82408
34;121;4.64326
34;122;9.6753
35;121;9.65153
35;122;-3.36513
36;121;3.44858
36;122;-5.6554
37;121;8.58937
37;122;-7.31863
38;121;5.1159
38;122;-0.41285
39;121;-7.09651
39;122;8.62522
40;121;0.767392
40;122;5.41296
41;121;-2.89429
41;122;-6.38228
42;121;5.37462
42;122;7.9617
43;121;-9.72962
43;122;7.05137
44;121;0.70582
44;122;6.49935
45;121;-3.20844
45;122;-5.58496
46;121;-1.81021
46;122;9.14853
47;121;-7.81042
47;122;-0.936326
48;121;-7.77339
48;122;-9.98767
49;121;-4.33042
49;122;-1.59025
50;121;-1.79949
50;122;-4.21606
51;121;-8.74379
51;122;3.32738
52;121;-7.51527
52;122;-3.58926
53;121;4.523
53;122;1.05424
54;121;5.90067
54;122;0.0113602
55;121;3.52028
55;122;-3.33194
56;121;4.52373
56;122;2.20086
57;121;5.35034
57;122;8.61708
58;121;-0.772603
58;122;1.03239
59;121;-6.52293
59;122;-3.90143
60;122;5.33821
61;121;-8.69742
61;122;-2.27881
62;121;8.08339
62;122;5.46031
63;121;8.13
63;122;6.71334
64;121;5.74377
64;122;9.84962
65;121;-4.87691
65;122;-0.00380516
66;121;-0.891783
66;122;4.29959
67;121;-8.16218
67;122;-9.86817
68;121;7.44057
68;122;-1.64881
69;121;8.32951
69;122;12.055
70;121;11.0273
70;122;0.404416
71;121;2.75612
71;122;7.2393
72;121;-3.00177
72;122;-6.54729
73;121;3.36589
73;122;1.59934
74;121;-8.0143
74;122;-3.45756
75;121;-7.40614
75;122;-14.0992
76;121;-5.72964
76;122;-2.76016
77;121;-1.7647
77;122;1.73747
78;121;-2.27022
78;122;0.738157
79;121;-9.76639
79;122;-4.20895
80;121;-7.73503
80;122;2.99817
81;121;-6.41617
81;122;4.4392
82;121;9.9532
82;122;-3.13549
83;121;7.48425
83;122;5.95446
84;121;-8.08145
84;122;3.99901
85;121;-14.2434
85;122;3.86621
86;121;5.7363
86;122;9.44656
87;121;9.81645
87;122;-7.54307
88;121;5.52748
88;122;-1.10838
89;121;-9.11661
89;122;8.66443
90;121;4.87576
90;122;-0.176631
91;121;-5.91204
91;122;2.3456
92;121;8.86595
92;122;-8.66101
93;121;-5.91692
93;122;13.8262
94;121;5.04242
94;122;-8.71317
95;121;9.21483
95;122;9.79119
96;121;-9.47795
96;122;-2.43821
97;121;-6.13565
97;122;5.87773
98;121;-0.736098
98;122;-1.11088
99;121;3.75143
99;122;1.18246
100;121;4.82478
100;122;-9.92021
101;121;7.73984
101;122;-5.74423
102;121;3.59577
102;122;-3.31968
103;121;4.66922
103;122;-1.95941
104;121;-7.87293
104;122;-5.22608
105;121;-3.40876
105;122;-0.778425
106;121;14.0299
106;122;-2.29437
107;121;3.68736
107;122;-8.60112
108;121;8.57771
108;122;0.0380726
109;121;7.6147
109;122;4.7415
110;121;-4.80146
110;122;-3.94416
111;121;9.64077
111;122;-8.59124
112;121;9.41711
112;122;-11.4949
113;121;1.31917
113;122;-2.31603
114;121;8.38118
114;122;-3.9053
115;121;7.3312
115;122;-1.29583
116;121;-7.352
116;122;5.07104
117;121;-2.94178
117;122;0.3284
118;121;7.93649
118;122;-1.07892
119;121;-8.31683
119;122;5.18701
120;121;3.69501
120;122;-3.89374
6;127;1.50325
127;122;8.20917
1;78;3.0398
60;142;-3.05856
142;121;-1.17177
