1;121;78.9422
1;122;45.2338
2;121;77.1681
2;122;13.3456
3;121;22.9937
3;122;-4.11466
4;121;90.2534
4;122;-50.493
5;121;-26.309
5;122;12.9903
6;121;-6.54435
6;122;-7.32436
7;121;69.3593
7;122;-47.0964
8;121;24.3388
8;122;92.8497
9;121;-64.1563
9;122;-95.0739
10;121;87.0592
10;122;-14.6193
11;121;18.1506
11;122;-86.4608
12;121;-56.5019
12;122;30.5027
13;121;75.9769
13;122;14.0117
14;121;12.3207
14;122;21.9457
15;121;-1.0745
15;122;1.55495
16;121;38.4653
16;122;35.4683
17;121;-53.2112
17;122;15.6334
18;121;70.9064
18;122;-82.8902
19;121;-88.4812
19;122;-60.9327
20;121;-43.3832
20;122;-94.929
21;121;19.0969
21;122;60.0724
22;121;68.5717
22;122;88.7548
23;121;-85.1885
23;122;-77.9146
24;121;37.1776
24;122;86.3985
25;121;-68.3969
25;122;68.6636
26;121;36.0359
26;122;17.4392
27;121;102.203
27;122;-74.7968
28;121;44.6606
28;122;-59.0557
29;121;-82.0211
29;122;-43.0187
30;121;62.89
30;122;16.9044
31;121;-23.1841
31;122;1.35528
32;121;-58.7906
32;122;93.1765
33;121;-93.0113
33;122;-9.97668
34;121;72.9589
34;122;79.0249
35;121;-79.7049
35;122;16.8865
36;121;75.4691
36;122;-51.8125
37;121;-23.041
37;122;-18.1575
38;121;92.5033
38;122;-50.5139
39;121;-19.5794
39;122;29.6809
40;121;-23.6664
40;122;-78.2734
41;121;-28.9429
41;122;-63.8228
42;121;49.1658
42;122;-90.5868
43;121;-38.6195
43;122;3.82637
44;121;77.5929
44;122;-89.4046
45;121;-89.6262
45;122;75.4198
46;121;-8.1021
46;122;56.7615
47;121;-42.7822
47;122;57.5459
48;121;-19.2165
48;122;-25.7935
49;121;-52.4308
49;122;22.8968
50;121;-60.16
50;122;66.6598
51;121;34.6539
51;122;-21.817
52;121;-75.1527
52;122;14.8987
53;121;15.7784
53;122;-28.2105
54;121;-101.185
54;122;-80.2937
55;121;-61.0878
55;122;28.9559
56;121;45.2373
56;122;9.96925
57;121;55.1331
57;122;-26.4632
58;121;36.9597
58;122;-71.8931
59;121;77.3631
59;122;-45.0299
60;121;-82.8911
60;122;-93.5632
61;121;-10.0276
62;121;85.7943
62;122;3.1425
63;121;0.991203
63;122;-23.4222
64;121;42.2569
64;122;82.5639
65;121;-102.369
65;122;-96.2024
66;121;25.2202
66;122;60.6869
67;121;-72.2665
67;122;4.30019
68;121;30.0153
68;122;45.3776
69;121;-86.4686
69;122;48.8298
70;121;-51.978
70;122;-47.5564
71;121;-13.5297
71;122;-11.5444
72;121;62.4129
72;122;-77.0812
73;121;18.9775
73;122;96.6994
74;121;-50.5677
74;122;-76.7071
75;121;11.252
75;122;-33.4588
76;121;21.4773
76;122;-9.78699
77;121;-36.232
77;122;67.2579
78;121;58.2634
78;122;20.9778
79;121;-56.1642
79;122;0.520378
80;121;-40.4618
80;122;-48.5332
81;121;-27.878
81;122;84.7583
82;121;7.03752
82;122;-0.14447
83;121;34.8258
83;122;14.547
84;121;-66.6326
84;122;56.6827
85;121;-17.1901
85;122;76.5856
86;121;-11.1242
86;122;31.1626
87;121;-34.9588
87;122;48.6155
88;121;36.8428
88;122;-19.6326
89;121;-81.1467
89;122;32.5123
90;121;3.6603
90;122;-43.4331
91;121;-49.9451
91;122;-24.8761
92;121;88.4467
92;122;-49.9585
93;121;-57.6181
93;122;46.7101
94;121;81.0193
94;122;-13.7823
95;121;-52.7695
95;122;30.8514
96;121;26.8688
96;122;2.60473
97;121;-74.6842
97;122;11.4005
98;121;-38.6331
98;122;60.1416
99;121;32.2288
99;122;-24.6104
100;121;48.2478
100;122;-10.6757
101;121;-87.5867
101;122;70.2779
102;121;94.319
102;122;71.8721
103;121;54.3156
103;122;21.1618
104;121;-38.5267
104;122;93.5741
105;121;-46.3259
105;122;60.5326
106;121;46.1974
106;122;-71.8632
107;121;81.0692
107;122;-86.0112
108;121;-1.8217
108;122;-13.7185
109;122;-73.325
110;121;59.6232
110;122;-93.3704
111;121;67.5264
111;122;16.1743
112;121;9.23436
112;122;70.1327
113;121;42.0297
113;122;11.6946
114;121;5.21239
114;122;-25.7415
115;121;47.5223
115;122;-87.9634
116;121;42.8466
116;122;59.9356
117;121;-72.2633
117;122;63.3335
118;121;-62.6099
118;122;82.0523
119;121;94.7781
119;122;65.2193
120;121;-18.3172
120;122;-51.5479
61;132;69.4597
132;122;33.4454
109;135;58.1748
135;121;76.147
