
---- Results of cofig: ----
  keep=0.445
  threshold=2.263
  interSpeciesRate=0.001
  noCrossoverOff=0.201
  probabilityWeightMutated=0.76
  probabilityAddNodeSmall=0.027
  probabilityAddLink_small=0.023
  probabilityAddNodeLarge=0.13
  probabilityAddLink_Large=0.096
  largeSize=20
  c1=0.727
  c2=0.697
  c3=0.356
  numberGenomes=50
  numberInputs=120
  numberOutputs=2
  evolutions=50
  n_max=300
  learningRate=10
  inputWeights=110,150
  weightsRange=-100,100
  process_max=25
  function=
  folder=results/trial-31

--Results of run:0 --
Best Genome 
Genome id: 1358
Genome fitness: 0.83
   IN  OUT    Weight  Innov
    1  121   78.9422      1
    1  122   45.2338      2
    2  121   77.1681      3
    2  122   13.3456      4
    3  121   22.9937      5
    3  122  -4.11466      6
    4  121   90.2534      7
    4  122   -50.493      8
    5  121   -26.309      9
    5  122   12.9903     10
    6  121  -6.54435     11
    6  122  -7.32436     12
    7  121   69.3593     13
    7  122  -47.0964     14
    8  121   24.3388     15
    8  122   92.8497     16
    9  121  -64.1563     17
    9  122  -95.0739     18
   10  121   87.0592     19
   10  122  -14.6193     20
   11  121   18.1506     21
   11  122  -86.4608     22
   12  121  -56.5019     23
   12  122   30.5027     24
   13  121   75.9769     25
   13  122   14.0117     26
   14  121   12.3207     27
   14  122   21.9457     28
   15  121   -1.0745     29
   15  122   1.55495     30
   16  121   38.4653     31
   16  122   35.4683     32
   17  121  -53.2112     33
   17  122   15.6334     34
   18  121   70.9064     35
   18  122  -82.8902     36
   19  121  -88.4812     37
   19  122  -60.9327     38
   20  121  -43.3832     39
   20  122   -94.929     40
   21  121   19.0969     41
   21  122   60.0724     42
   22  121   68.5717     43
   22  122   88.7548     44
   23  121  -85.1885     45
   23  122  -77.9146     46
   24  121   37.1776     47
   24  122   86.3985     48
   25  121  -68.3969     49
   25  122   68.6636     50
   26  121   36.0359     51
   26  122   17.4392     52
   27  121   102.203     53
   27  122  -74.7968     54
   28  121   44.6606     55
   28  122  -59.0557     56
   29  121  -82.0211     57
   29  122  -43.0187     58
   30  121     62.89     59
   30  122   16.9044     60
   31  121  -23.1841     61
   31  122   1.35528     62
   32  121  -58.7906     63
   32  122   93.1765     64
   33  121  -93.0113     65
   33  122  -9.97668     66
   34  121   72.9589     67
   34  122   79.0249     68
   35  121  -79.7049     69
   35  122   16.8865     70
   36  121   75.4691     71
   36  122  -51.8125     72
   37  121   -23.041     73
   37  122  -18.1575     74
   38  121   92.5033     75
   38  122  -50.5139     76
   39  121  -19.5794     77
   39  122   29.6809     78
   40  121  -23.6664     79
   40  122  -78.2734     80
   41  121  -28.9429     81
   41  122  -63.8228     82
   42  121   49.1658     83
   42  122  -90.5868     84
   43  121  -38.6195     85
   43  122   3.82637     86
   44  121   77.5929     87
   44  122  -89.4046     88
   45  121  -89.6262     89
   45  122   75.4198     90
   46  121   -8.1021     91
   46  122   56.7615     92
   47  121  -42.7822     93
   47  122   57.5459     94
   48  121  -19.2165     95
   48  122  -25.7935     96
   49  121  -52.4308     97
   49  122   22.8968     98
   50  121    -60.16     99
   50  122   66.6598    100
   51  121   34.6539    101
   51  122   -21.817    102
   52  121  -75.1527    103
   52  122   14.8987    104
   53  121   15.7784    105
   53  122  -28.2105    106
   54  121  -101.185    107
   54  122  -80.2937    108
   55  121  -61.0878    109
   55  122   28.9559    110
   56  121   45.2373    111
   56  122   9.96925    112
   57  121   55.1331    113
   57  122  -26.4632    114
   58  121   36.9597    115
   58  122  -71.8931    116
   59  121   77.3631    117
   59  122  -45.0299    118
   60  121  -82.8911    119
   60  122  -93.5632    120
   61  121  -10.0276    121
   62  121   85.7943    123
   62  122    3.1425    124
   63  121  0.991203    125
   63  122  -23.4222    126
   64  121   42.2569    127
   64  122   82.5639    128
   65  121  -102.369    129
   65  122  -96.2024    130
   66  121   25.2202    131
   66  122   60.6869    132
   67  121  -72.2665    133
   67  122   4.30019    134
   68  121   30.0153    135
   68  122   45.3776    136
   69  121  -86.4686    137
   69  122   48.8298    138
   70  121   -51.978    139
   70  122  -47.5564    140
   71  121  -13.5297    141
   71  122  -11.5444    142
   72  121   62.4129    143
   72  122  -77.0812    144
   73  121   18.9775    145
   73  122   96.6994    146
   74  121  -50.5677    147
   74  122  -76.7071    148
   75  121    11.252    149
   75  122  -33.4588    150
   76  121   21.4773    151
   76  122  -9.78699    152
   77  121   -36.232    153
   77  122   67.2579    154
   78  121   58.2634    155
   78  122   20.9778    156
   79  121  -56.1642    157
   79  122  0.520378    158
   80  121  -40.4618    159
   80  122  -48.5332    160
   81  121   -27.878    161
   81  122   84.7583    162
   82  121   7.03752    163
   82  122  -0.14447    164
   83  121   34.8258    165
   83  122    14.547    166
   84  121  -66.6326    167
   84  122   56.6827    168
   85  121  -17.1901    169
   85  122   76.5856    170
   86  121  -11.1242    171
   86  122   31.1626    172
   87  121  -34.9588    173
   87  122   48.6155    174
   88  121   36.8428    175
   88  122  -19.6326    176
   89  121  -81.1467    177
   89  122   32.5123    178
   90  121    3.6603    179
   90  122  -43.4331    180
   91  121  -49.9451    181
   91  122  -24.8761    182
   92  121   88.4467    183
   92  122  -49.9585    184
   93  121  -57.6181    185
   93  122   46.7101    186
   94  121   81.0193    187
   94  122  -13.7823    188
   95  121  -52.7695    189
   95  122   30.8514    190
   96  121   26.8688    191
   96  122   2.60473    192
   97  121  -74.6842    193
   97  122   11.4005    194
   98  121  -38.6331    195
   98  122   60.1416    196
   99  121   32.2288    197
   99  122  -24.6104    198
  100  121   48.2478    199
  100  122  -10.6757    200
  101  121  -87.5867    201
  101  122   70.2779    202
  102  121    94.319    203
  102  122   71.8721    204
  103  121   54.3156    205
  103  122   21.1618    206
  104  121  -38.5267    207
  104  122   93.5741    208
  105  121  -46.3259    209
  105  122   60.5326    210
  106  121   46.1974    211
  106  122  -71.8632    212
  107  121   81.0692    213
  107  122  -86.0112    214
  108  121   -1.8217    215
  108  122  -13.7185    216
  109  122   -73.325    218
  110  121   59.6232    219
  110  122  -93.3704    220
  111  121   67.5264    221
  111  122   16.1743    222
  112  121   9.23436    223
  112  122   70.1327    224
  113  121   42.0297    225
  113  122   11.6946    226
  114  121   5.21239    227
  114  122  -25.7415    228
  115  121   47.5223    229
  115  122  -87.9634    230
  116  121   42.8466    231
  116  122   59.9356    232
  117  121  -72.2633    233
  117  122   63.3335    234
  118  121  -62.6099    235
  118  122   82.0523    236
  119  121   94.7781    237
  119  122   65.2193    238
  120  121  -18.3172    239
  120  122  -51.5479    240
   61  132   69.4597    265
  132  122   33.4454    266
  109  135   58.1748    273
  135  121    76.147    274

Summerized results: 
run: 0 bestFitness: 0
Max fitness: 0
Percentage: 100% (1 of 1)
--------------------------------------------------------------
