1;121;-6.24767
1;122;12.9324
2;121;-8.74997
2;122;1.33455
3;121;-3.06192
3;122;-4.1409
4;121;9.02534
4;122;-3.25616
5;121;6.21342
5;122;7.1511
6;121;-4.40802
6;122;-0.654001
7;121;9.44689
7;122;7.84406
8;121;-2.55865
8;122;-5.36388
9;121;7.70028
9;122;3.65425
10;121;-2.78021
10;122;3.28669
11;121;9.73962
11;122;-5.4617
12;121;-1.08327
12;122;-6.17777
13;121;-8.31726
13;122;4.12133
14;121;8.34075
14;122;-7.03529
15;121;-8.38405
15;122;0.155496
16;121;3.44257
16;122;5.35243
17;121;-5.32112
17;122;-6.81787
18;121;-0.61806
18;122;1.18195
19;121;7.04061
19;122;0.374804
20;121;-4.12018
20;122;8.77328
21;121;1.90969
21;122;2.25529
22;121;-0.7587
22;122;-5.03485
23;121;6.69169
23;122;1.22241
24;121;-9.28137
24;122;-8.77533
25;121;6.8208
25;122;8.89618
26;121;8.46372
26;122;-0.180037
27;121;8.91218
27;122;2.5486
28;121;-3.3172
28;122;-6.09497
29;121;-3.81887
29;122;-6.88376
30;121;9.78269
30;122;-4.57064
31;121;4.97211
31;122;-7.21286
32;121;4.57277
32;122;-7.03316
33;121;1.58043
33;122;8.82408
34;121;4.01821
34;122;7.90249
35;121;2.90906
35;122;-7.8243
36;121;8.40959
36;122;-9.24852
37;121;0.493559
37;122;-7.31863
38;121;1.33857
38;122;-0.457282
39;121;0.392794
39;122;-11.1453
40;121;0.767392
40;122;5.83197
41;121;-6.42631
41;122;0.293947
42;121;-6.09555
42;122;-9.05868
43;121;3.67889
43;122;4.06832
44;121;8.55662
44;122;6.91053
45;121;-0.452772
45;122;7.54198
46;121;5.1061
46;122;5.67615
47;121;2.81533
47;122;-3.0544
48;121;0.222374
48;122;11.6066
49;121;-4.33042
49;122;8.47025
50;121;-0.891738
50;122;5.05776
51;121;-1.07571
51;122;-2.82469
52;121;1.67279
52;122;6.93284
53;121;-5.74027
53;122;6.05424
54;121;7.73809
54;122;0.0113602
55;121;3.52028
55;122;-3.33194
56;121;0.418034
56;122;-3.38561
57;121;6.962
57;122;-7.51864
58;121;-6.32469
58;122;0.239845
59;121;-2.95213
59;122;5.32895
60;121;-4.15087
60;122;0.338206
61;121;9.87
61;122;4.34453
62;121;-3.36308
62;122;-4.34102
63;121;1.21569
63;122;1.58351
64;121;-2.93297
64;122;9.84962
65;121;-7.338
65;122;2.02569
66;121;4.71809
66;122;8.33045
67;121;-9.63091
67;122;-6.1295
68;121;-9.97917
68;122;3.35119
69;121;2.47112
69;122;4.5303
70;121;0.334536
70;122;-1.66964
71;121;3.53108
71;122;-1.15444
72;121;4.64928
72;122;9.12111
73;121;9.49457
73;122;-7.28103
74;121;-1.95626
74;122;-0.367732
75;121;1.1252
75;122;-14.0992
76;121;2.02853
76;122;5.41372
77;121;-8.4472
77;122;-4.43109
78;121;-6.53871
78;122;1.09778
79;121;-3.74709
79;122;-3.9365
80;121;-7.89303
80;122;3.5739
81;121;-2.7878
81;122;6.98305
82;121;7.64408
82;122;-0.0144482
83;121;2.34344
83;122;1.4547
84;121;-0.483888
84;122;5.66827
85;121;-8.67165
85;122;-4.42079
86;121;-2.75669
86;122;-3.60206
87;121;9.74525
87;122;0.461617
88;121;-1.0977
88;122;1.11026
89;121;-9.11661
89;122;9.51693
90;121;5.09487
90;122;1.09213
91;121;0.83043
91;122;-5.44896
92;121;0.717087
92;122;-2.99585
93;121;-6.78351
93;122;7.09407
94;121;8.10193
94;122;-8.71317
95;121;-3.57144
95;122;-12.9829
96;121;-3.89221
96;122;3.36127
97;121;-3.75932
97;122;0.227494
98;121;-0.736098
98;122;6.01415
99;121;5.30083
99;122;-3.65836
100;121;1.68242
100;122;-8.65022
101;121;-4.46996
101;122;-1.36313
102;121;1.71411
102;122;-7.48944
103;121;-2.87234
103;122;7.45682
104;121;-6.94207
104;122;-0.0369482
105;121;-3.40876
105;122;-1.76417
106;121;1.98024
106;122;-2.18632
107;121;8.10692
107;122;-3.22663
108;121;7.09828
108;122;3.65062
109;121;7.6147
109;122;0.605204
110;121;-3.81549
110;122;-3.94416
111;121;-8.10154
111;122;-4.13575
112;121;9.41711
112;122;4.50708
113;121;-7.24252
113;122;-1.31899
114;121;5.62232
114;122;-4.64777
115;121;0.389086
115;122;-7.75302
116;121;7.18451
116;122;1.88586
117;121;1.78237
117;122;6.33335
118;121;7.93649
118;122;-4.60609
119;121;9.51503
119;122;1.21744
120;121;-4.18442
120;122;0.59836
120;1;4.18189
69;131;-4.32586
131;122;7.75892
109;7;4.86404
79;108;3.14647
