1;53;1.12847
1;54;5.7653
1;55;4.4308
2;53;-2.11345
2;54;8.50153
2;55;2.43849
3;53;4.07339
3;54;-8.19741
3;55;6.47705
4;53;7.18883
4;54;-9.47795
4;55;-5.38052
5;53;8.63596
5;54;0.268018
5;55;2.02229
6;53;4.84858
6;54;-3.92342
6;55;9.62906
7;53;5.32263
7;54;6.99824
7;55;8.13929
8;53;-0.142265
8;54;-0.654435
8;55;6.30428
9;53;-5.85566
9;54;-1.98111
9;55;-13.5765
10;53;2.98442
10;54;9.97849
10;55;-6.99816
11;53;4.264
11;54;1.74394
11;55;2.24092
12;53;8.00325
12;54;6.75491
12;55;0.797361
13;53;-0.128341
13;54;-2.62388
13;55;3.26503
14;53;3.79536
14;54;-3.40211
14;55;-2.08397
15;53;-5.07049
15;55;0.416713
16;53;-4.86691
16;55;8.38053
17;53;0.422508
17;54;3.98654
17;55;2.21418
18;53;2.68636
18;54;-6.489
18;55;3.26454
19;53;9.34273
19;54;1.28503
19;55;-9.2723
20;53;-14.4127
20;54;3.69501
20;55;-8.19264
21;53;-8.42357
21;54;7.30721
21;55;9.04059
22;53;-6.84891
22;54;7.95421
22;55;-0.926652
23;53;-2.71118
23;54;0.0462437
23;55;0.250708
24;53;-0.674934
24;54;0.632129
24;55;-7.09254
25;53;-7.55715
25;54;8.6367
25;55;8.76798
26;53;0.152342
26;54;-5.20258
26;55;-5.81235
27;53;7.5215
27;54;7.82571
27;55;-4.64785
28;53;-0.264318
28;54;-5.84591
28;55;-6.75776
29;53;-6.4386
29;54;13.7351
29;55;-9.98087
30;53;2.73771
30;54;5.35034
30;55;-8.69921
31;53;-2.36664
31;54;-7.49125
31;55;4.7219
32;53;2.17353
32;54;-4.8293
32;55;0.947199
33;53;-2.03127
33;54;1.42657
33;55;6.7329
34;53;8.21944
34;54;-10.3502
34;55;-10.5437
35;53;3.3596
35;54;-5.58643
35;55;2.48139
36;53;2.17562
36;54;2.82161
36;55;-8.30574
37;53;2.39193
37;54;19.8613
37;55;-11.8533
38;53;-1.61721
38;54;-5.10072
38;55;7.45726
39;53;9.32031
39;54;-7.80579
39;55;14.1412
40;53;-1.66997
40;54;3.6975
40;55;-4.47155
41;53;-6.10878
41;54;-5.19024
41;55;7.52159
42;53;2.71118
42;54;-2.13805
42;55;-9.02722
43;53;13.6889
43;54;13.7944
43;55;-9.7219
44;53;-1.38737
44;54;8.83491
44;55;11.9226
45;53;-8.04913
45;54;-2.63404
45;55;9.39179
46;53;-6.86248
46;54;5.30083
46;55;1.40502
47;53;-6.71796
47;54;3.16834
47;55;-8.5094
48;53;9.00208
48;54;7.39363
48;55;-5.44004
49;53;-6.47579
49;54;8.28946
49;55;-2.25067
50;53;0.274001
50;54;3.13
50;55;6.92018
51;53;7.42249
51;54;-7.81779
51;55;-9.3899
52;53;-14.317
52;54;-8.26497
52;55;-4.10969
