1;121;-54.8754
2;121;7.94119
2;122;-57.696
3;121;-39.2342
3;122;-61.4887
4;121;95.3596
4;122;-68.746
5;121;-15.134
5;122;-87.5981
6;121;11.1038
6;122;-20.573
7;121;-27.162
7;122;68.4406
8;121;49.3546
8;122;-33.6061
9;121;83.1591
9;122;48.6755
10;121;-95.8014
10;122;-67.2581
11;121;86.1333
11;122;-35.6171
12;121;65.2124
12;122;-59.2844
13;121;-50.8354
13;122;-27.9309
14;121;64.5764
14;122;-66.8829
15;121;48.5127
15;122;-2.27817
16;121;34.4257
16;122;-88.2851
17;121;6.87185
17;122;-94.1274
18;121;78.8217
18;122;76.9828
19;121;-66.4593
19;122;-60.9327
20;121;-6.08006
20;122;36.663
21;121;-31.757
21;122;94.3567
22;121;-83.5017
22;122;-73.4885
23;121;-58.6571
23;122;-6.74934
24;121;-80.6835
24;122;-49.3448
25;121;-56.4679
25;122;99.1241
26;121;43.287
26;122;-80.6081
27;121;-10.3922
27;122;-30.9206
28;121;22.9562
28;122;-45.8586
29;121;75.4137
29;122;17.4609
30;121;40.7343
30;122;5.74107
31;121;20.1696
31;122;-69.0165
32;121;-39.0455
32;122;56.8306
33;121;-83.0113
33;122;-9.97668
34;121;62.9589
34;122;-26.5731
35;121;-7.03799
36;121;92.4609
36;122;24.2944
37;121;-49.3939
37;122;-23.5542
38;121;92.5033
38;122;57.4937
39;121;3.78619
39;122;-33.9733
40;121;-76.246
40;122;78.2147
41;121;-82.7897
41;122;24.1879
42;121;-14.7154
42;122;98.0329
43;121;65.8588
43;122;-64.5459
44;121;77.5929
44;122;98.1506
45;121;-79.133
45;122;-10.8414
46;121;-18.1021
46;122;-41.7624
47;121;-42.7822
47;122;-23.825
48;121;-15.2454
48;122;56.2678
49;121;46.712
49;122;31.0532
50;121;92.883
50;122;76.6598
51;121;-58.54
51;122;58.2574
52;121;-84.875
52;122;-17.2441
53;121;78.9302
53;122;57.8873
54;121;-81.1855
54;122;3.76784
55;121;46.7946
55;122;68.6358
56;121;-53.5981
56;122;-33.8561
57;121;-74.1038
57;122;38.4441
58;122;91.755
59;121;-9.38888
59;122;-39.0143
60;121;-54.5035
60;122;11.4781
61;121;19.5031
61;122;83.4653
62;121;85.8024
62;122;61.8067
63;121;0.497757
63;122;75.7288
64;121;6.22218
64;122;92.5639
65;121;35.0049
65;122;-96.2024
66;121;97.511
66;122;42.9959
67;121;19.9145
67;122;78.0172
68;121;90.4694
68;122;-27.6572
69;121;35.9045
69;122;-17.0253
70;121;-42.9574
70;122;32.1931
71;121;-6.78323
71;122;72.393
72;121;35.4139
72;122;34.8116
73;121;18.9775
73;122;45.5727
74;121;86.8973
74;122;27.8527
75;121;-20.6196
75;122;50.2161
76;121;56.3413
76;122;11.9343
77;121;21.0311
77;122;-34.2854
78;121;-38.9806
78;122;64.7352
79;121;81.8
79;122;10.8194
80;121;11.637
80;122;-42.5979
81;121;-71.1832
81;122;44.392
82;121;84.5317
82;122;58.3026
83;121;23.4344
83;122;-46.2024
84;121;-33.2814
84;122;56.6827
85;121;36.8164
85;122;45.9034
86;121;97.2445
86;122;94.4656
87;121;97.4525
87;122;94.443
88;121;-33.5786
88;122;10.3495
89;121;-25.2671
89;122;86.6443
90;121;48.7576
90;122;-43.4331
91;121;-42.7168
91;122;-79.4634
92;121;-31.394
92;122;-86.6101
93;121;5.21223
93;122;46.7101
94;121;87.2393
94;122;-68.1324
95;121;52.3699
95;122;-89.9119
96;121;-0.147789
96;122;-24.3821
97;121;-61.3565
97;122;13.5634
98;121;28.8826
98;122;93.244
99;121;56.9051
99;122;-30.9357
100;121;-43.7286
100;122;-88.1937
101;121;19.3624
101;122;30.8209
102;121;76.6342
102;122;-98.0411
103;121;-74.1307
103;122;-80.7009
104;121;59.6349
104;122;93.5741
105;121;-56.3259
105;122;-92.356
106;121;13.7655
106;122;-15.3317
107;121;81.0692
107;122;-19.7455
108;121;70.0062
108;122;-13.7185
109;121;-64.386
109;122;52.2057
110;121;-99.8087
110;122;68.6717
111;121;98.6292
111;122;16.1743
112;121;-33.0831
112;122;45.0708
113;121;-72.4252
113;122;-8.37027
114;121;-0.0231934
114;122;94.2095
115;121;-27.5591
115;122;-14.6582
116;121;3.03696
116;122;86.6955
117;121;14.8402
117;122;-26.3838
118;121;26.8771
118;122;86.0145
119;121;94.7781
119;122;47.5175
120;121;-98.5398
120;122;95.047
58;126;-87.9166
126;121;49.184
13;127;-56.6339
127;122;-27.9309
1;133;38.3318
133;122;3.34333
35;145;53.8153
145;122;93.056
