1;121;-0.889612
1;122;4.07338
2;121;-7.65918
2;122;1.62831
3;121;7.97756
3;122;3.99304
4;121;9.88993
4;122;-4.55544
5;121;6.21342
5;122;13.5172
6;121;1.11038
6;122;7.76159
7;121;9.44689
7;122;2.57535
8;121;8.43674
8;122;-5.36388
9;121;6.7837
9;122;8.85792
10;121;6.85215
10;122;0.771061
11;121;3.58546
11;122;-9.39105
12;121;-3.65138
12;122;-8.42053
13;121;-8.31726
13;122;6.17982
14;121;8.02059
14;122;-9.3541
15;121;-6.69849
15;122;-9.01653
16;121;0.0959167
16;122;-5.18634
17;121;0.721108
17;122;-1.27703
18;121;-4.96732
18;122;-4.63422
19;121;7.55985
19;122;-7.41721
20;121;-8.33669
20;122;3.77328
21;121;-8.6536
21;122;9.71359
22;121;-7.50104
22;122;-9.20671
23;121;9.15839
23;122;-9.92607
24;121;1.79879
24;122;-8.77533
25;121;-6.64679
25;122;5.10789
26;121;9.52656
26;122;0.731449
27;121;9.50513
27;122;2.5486
28;121;6.36331
28;122;-3.34989
29;121;-2.34388
29;122;-0.259811
30;121;7.00123
30;122;-4.98752
31;121;4.97211
31;122;-0.925734
32;121;7.04079
32;122;-6.92192
33;121;7.82274
33;122;7.91192
34;121;-3.81685
34;122;9.68484
35;121;-0.7038
35;122;9.70264
36;121;8.44858
36;122;0.54528
37;121;3.47951
37;122;4.52922
38;121;-8.09611
38;122;6.30394
39;121;-4.24836
39;122;6.76797
40;121;-7.6246
40;122;-2.98947
41;121;9.04952
41;122;6.07341
42;121;0.896688
42;122;-1.1852
43;121;6.58587
43;122;9.86127
44;121;-4.77986
44;122;-0.976325
45;121;-3.20844
45;122;-5.58496
46;121;8.50631
46;122;0.652163
47;121;-7.81042
47;122;-0.936326
48;121;6.83314
48;122;6.60662
49;121;-6.62172
49;122;-6.97701
50;121;-1.79949
50;122;-4.21606
51;121;9.57559
51;122;-2.82469
52;121;2.94227
52;122;-7.5962
53;121;6.09404
53;122;6.75231
54;121;7.48146
54;122;-0.648104
55;121;12.8026
55;122;-2.88972
56;121;11.033
56;122;2.56981
57;121;6.962
57;122;4.48406
58;121;-0.772603
58;122;-3.96761
59;121;2.24312
59;122;-10.4921
60;121;-1.37568
60;122;6.78381
61;121;2.07206
61;122;-14.3528
62;121;3.38009
62;122;9.13715
63;121;-0.289121
63;122;1.71334
64;121;5.74377
64;122;9.84962
65;121;-8.17499
65;122;10.2675
66;121;-8.37277
66;122;4.29959
67;121;6.12016
67;122;8.78166
68;121;0.0889225
68;122;6.4589
69;121;3.59045
69;122;-1.36209
70;121;6.02728
70;122;-0.823963
71;121;0.25716
71;122;-8.12938
72;121;2.57783
72;122;-10.1323
73;121;3.36589
73;122;-3.40066
74;121;2.07253
74;122;-8.45756
75;121;-2.04606
75;122;-9.09441
76;121;4.27036
76;122;-1.08934
77;121;8.79011
77;122;-7.34955
78;121;-3.62301
78;122;1.26368
79;121;-3.74709
79;122;9.65789
80;121;-0.420261
80;122;3.5739
81;121;-11.4162
81;122;6.98305
82;121;2.69886
82;122;-3.13549
83;121;7.11488
83;122;-1.06675
84;121;6.1629
84;122;6.52824
85;121;-8.95104
85;122;4.59034
86;121;-8.02635
86;122;-8.6425
87;121;5.52621
87;122;-7.54307
88;121;5.14171
88;122;3.18233
89;121;7.83474
89;122;6.67746
90;121;5.09487
90;122;-13.3217
91;121;7.58305
91;122;2.3456
92;121;0.717087
92;122;-0.239043
93;121;-5.76181
93;122;7.09407
94;121;2.52623
94;122;-5.81324
95;121;9.21483
95;122;-5.10073
96;121;-8.89221
96;122;-2.43821
97;121;1.77424
97;122;-3.93901
98;121;2.03336
98;122;9.3244
99;121;8.75143
99;122;-8.1242
100;121;-5.16823
100;122;-8.65022
101;121;1.92085
101;122;-2.70843
102;121;7.66342
102;122;8.53413
103;121;-9.68199
103;122;-1.95941
104;121;2.59485
104;122;-5.22608
105;121;-9.40567
105;122;-0.196466
106;121;2.23167
106;122;-3.08833
107;121;5.11866
107;122;3.72523
108;121;-9.91417
108;122;-7.83029
109;121;-1.16429
109;122;0.485355
110;121;-4.98087
110;122;12.7377
111;121;9.64077
111;122;8.28083
112;121;-0.257511
112;122;-8.0536
113;121;-0.278104
113;122;5.4554
114;121;2.77479
114;122;-2.32389
115;121;7.3312
115;122;7.95262
116;121;7.18451
116;122;6.11203
117;121;8.55599
117;122;3.89862
118;121;8.62259
118;122;1.40742
119;121;-3.61382
119;122;-3.03323
120;121;-3.03997
120;122;-3.89374
22;123;-6.53011
123;121;-8.91936
93;8;-10.1668
