
---- Results of cofig: ----
  keep=0.453
  threshold=3.584
  interSpeciesRate=0.001
  noCrossoverOff=0.344
  probabilityWeightMutated=0.774
  probabilityAddNodeSmall=0.035
  probabilityAddLink_small=0.047
  probabilityAddNodeLarge=0.343
  probabilityAddLink_Large=0.137
  largeSize=20
  c1=1.382
  c2=1.219
  c3=0.471
  numberGenomes=50
  numberInputs=120
  numberOutputs=2
  evolutions=50
  n_max=400
  learningRate=5
  inputWeights=110,150
  weightsRange=-10,10
  process_max=25
  function=
  folder=results/trial-28

--Results of run:0 --
Best Genome 
Genome id: 1024
Genome fitness: 0.97
   IN  OUT    Weight  Innov
    1  121   5.55506      1
    1  122    8.4981      2
    2  121   4.02858      3
    2  122  -0.59393      4
    3  121   2.38396      5
    3  122  -8.59498      6
    4  121   9.88993      7
    4  122  -7.60885      8
    5  121  -9.89985      9
    5  122   8.45752     10
    6  121   3.82735     11
    6  122  -2.69265     12
    7  121   9.44689     13
    7  122   2.18569     14
    8  121   0.14178     15
    8  122  -5.36388     16
    9  121   6.08566     17
    9  122   8.85792     18
   10  121 -0.123251     19
   10  122 -0.453835     20
   11  121   9.73962     21
   11  122   -9.5802     22
   12  121  -1.97795     23
   12  122  -8.42053     24
   13  121  -5.59957     25
   13  122   3.63252     26
   14  121    5.8685     27
   14  122   -5.9352     28
   15  121   8.30404     29
   15  122  -3.30823     30
   16  121  -8.98037     31
   16  122  -5.18634     32
   17  121   4.88817     33
   17  122   2.83194     34
   18  121  0.484874     35
   18  122   9.61482     36
   19  121   7.55985     37
   19  122   4.44195     38
   20  121  -4.94062     39
   20  122   3.77328     40
   21  121  -9.27255     41
   21  122   9.71359     42
   22  121  -13.9194     43
   22  122   7.37552     44
   23  121   8.39737     45
   23  122   1.22241     46
   24  121  -4.57059     47
   24  122  -8.77533     48
   25  121   3.37303     49
   25  122   8.89618     50
   26  121   9.52656     51
   26  122 -0.180037     52
   27  121   8.91218     53
   27  122    2.5486     54
   28  121   4.89461     55
   28  122  -9.40508     56
   29  121  -8.20211     57
   29  122 -0.259811     58
   30  121   7.00123     59
   30  122  -9.98752     60
   31  121   2.17789     61
   31  122  -11.9017     62
   32  121   11.6745     63
   32  122  -6.92192     64
   33  121  0.597529     65
   33  122   8.82408     66
   34  121   6.29589     67
   34  122    9.6753     68
   35  121 -0.801121     69
   35  122   2.84645     70
   36  121   3.44858     71
   36  122   -5.6554     72
   37  121  -4.93939     73
   37  122  -1.08128     74
   38  121   1.33857     75
   38  122 -0.457282     76
   39  121  -4.24836     77
   39  122   2.96809     78
   40  121   4.43594     79
   40  122  -2.98947     80
   41  121   5.92692     81
   41  122   6.92483     82
   42  121  -4.34806     83
   42  122    7.9617     84
   43  121  -9.72962     85
   43  122  0.622927     86
   44  121   4.84243     87
   44  122   5.86611     88
   45  121   7.08076     89
   45  122  0.557848     90
   46  121  -6.64936     91
   46  122   4.14853     92
   47  121   4.49117     93
   47  122  -3.15449     94
   48  121  -1.52454     95
   48  122  -8.59195     96
   49  121   1.37237     97
   49  122  -6.97701     98
   50  121    9.2883     99
   50  122  -4.21606    100
   51  121  -8.74379    101
   51  122 -0.269494    102
   52  121   7.59183    103
   52  122   9.72405    104
   53  121   6.09404    105
   53  122  -2.82105    106
   54  121   5.90067    107
   54  122 0.0113602    108
   55  122  -3.33194    110
   56  121  -4.15667    111
   56  122  -2.89337    112
   57  121  -0.65959    113
   57  122   -6.9478    114
   58  121   3.69597    115
   58  122  -1.17144    116
   59  121  -1.45336    117
   59  122   3.39667    118
   60  121  -1.17177    119
   60  122   5.33821    120
   61  121  -5.35402    121
   61  122  -2.66546    122
   62  121   4.48673    123
   62  122    5.0955    124
   63  121  0.411926    125
   63  122   6.71334    126
   64  121  0.570115    127
   64  122  -7.36693    128
   65  121  -9.40413    129
   65  122   7.02569    130
   66  121  -3.37277    131
   66  122   -3.6207    132
   67  121  -8.24381    133
   67  122  -9.86817    134
   68  121  -3.94289    135
   68  122  -3.98408    136
   69  121   6.88413    137
   69  122  -1.36209    138
   70  121   6.02728    139
   70  122  0.404416    140
   71  121   5.24343    141
   71  122  -6.15444    142
   72  121  0.436997    143
   72  122   8.48116    144
   73  121   3.36589    145
   73  122 -0.479393    146
   74  121  -6.27899    147
   74  122  -4.54776    148
   75  121   3.40217    149
   75  122  -9.09924    150
   76  121  -6.20574    151
   76  122   3.79441    152
   77  121   -1.7647    153
   77  122   1.73747    154
   78  121  -3.62301    155
   78  122   1.26368    156
   79  121  -1.54919    157
   79  122   9.65789    158
   80  121  -7.73503    159
   80  122    3.5739    160
   81  121 -0.853559    161
   81  122   11.9831    162
   82  121   8.45317    163
   82  122   -9.6496    164
   83  121   7.11488    165
   83  122  -7.21222    166
   84  121  -5.38132    167
   84  122   6.99384    168
   85  121  -8.67165    169
   85  122   7.64786    170
   86  121    5.7363    171
   86  122  -2.04252    172
   87  121   9.81645    173
   87  122  -7.54307    174
   88  121   5.40813    175
   88  122   3.18233    176
   89  121  -14.1166    177
   89  122   8.66443    178
   90  121   1.62672    179
   90  122  -4.34331    180
   91  121  -8.68756    181
   91  122  -7.94634    182
   92  121  0.717087    183
   92  122  -8.37711    184
   93  121  -5.91692    185
   93  122   7.09407    186
   94  121   5.04242    187
   94  122 -0.366741    188
   95  121   3.92593    189
   95  122   2.64428    190
   96  121   9.81418    191
   96  122  -3.99108    192
   97  121  -6.13565    193
   97  122   8.16659    194
   98  121  -4.28709    195
   98  122  -1.11088    196
   99  121   8.75143    197
   99  122   1.18246    198
  100  121   1.68242    199
  100  122  -9.92021    200
  101  121 -0.871712    201
  101  122  -2.70843    202
  102  121   5.28776    203
  102  122  -1.05526    204
  103  121   4.66922    205
  103  122  0.591142    206
  104  121  -11.9421    207
  104  122  -5.22608    208
  105  121  -6.63308    209
  105  122  -3.15526    210
  106  121   5.32698    211
  106  122  -1.53317    212
  107  121 -0.432456    213
  107  122  -2.20993    214
  108  121  -5.84591    215
  108  122   3.65062    216
  109  121  -3.15899    217
  109  122    4.7415    218
  110  121  -3.81549    219
  110  122  -3.94416    220
  111  121   9.64077    221
  111  122    2.2923    222
  112  121      2.16    223
  112  122  -4.00368    224
  113  121  -3.68083    225
  113  122   7.84954    226
  114  121   -3.4415    227
  114  122   7.10472    228
  115  121  -5.80882    229
  115  122  -7.79817    230
  116  121   7.18451    231
  116  122   5.07104    232
  117  121   2.05822    233
  117  122 -0.262251    234
  118  121   8.62259    235
  118  122  -6.59264    236
  119  121   1.15449    237
  119  122 -0.113657    238
  120  121    4.7552    239
  111  124   1.40892    246
  124  122   8.08399    247
   75    0   5.91364    248
   55  127    1.2745    255
  127  121   3.52028    256
   92  131   6.62931    271
  131  122   7.83143    272
   84  135   5.16475    282
  135  122   6.99384    283
   41   90   9.19552    307

Summerized results: 
run: 0 bestFitness: 0
Max fitness: 0
Percentage: 100% (1 of 1)
--------------------------------------------------------------
