1;121;-1.11627
1;122;2.40151
2;121;42.7157
2;122;-64.6574
3;121;23.8396
3;122;43.7773
4;121;88.323
4;122;80.0816
5;121;91.2228
5;122;84.5752
6;121;11.1038
6;122;-7.02779
7;121;40.6192
7;122;21.1105
8;121;1.41781
8;122;34.996
9;121;26.2349
9;122;-51.6761
10;121;-84.3146
10;122;-36.0448
11;121;-39.5782
11;122;-96.4608
12;121;-30.8998
12;122;30.5027
13;121;-47.4294
13;122;24.0117
14;121;90.7165
14;122;-70.3529
15;121;-21.3351
15;122;-78.4774
16;121;-89.8037
16;122;87.5487
17;121;-73.8571
17;122;8.34914
18;121;-12.3516
18;122;96.1482
19;121;75.5986
19;122;3.74805
20;121;10.1441
20;122;47.6311
21;121;19.0969
21;122;3.16382
22;121;70.8938
22;122;4.17031
23;121;9.97778
23;122;-67.9146
24;121;69.0511
24;122;18.7733
25;121;0.803391
25;122;78.6636
26;121;36.0359
26;122;-3.12111
27;121;-25.18
27;122;-22.0593
28;121;13.9944
28;122;-91.5751
29;121;-84.3833
29;122;17.4609
30;121;98.5944
30;122;41.9345
31;121;46.3877
31;122;-62.2497
32;121;29.4831
32;122;-70.987
33;121;5.9753
33;122;52.3743
34;121;81.9922
34;122;39.6989
35;121;-7.03799
35;122;-57.2018
36;121;32.6099
36;122;-56.554
37;121;-65.3254
37;122;-23.5542
38;121;20.9762
38;122;-76.5773
39;121;69.6964
39;122;0.386726
40;121;-88.3748
40;122;54.1296
41;121;52.6273
41;122;62.2367
42;121;31.8905
42;122;-11.852
43;121;-61.5745
43;122;-18.2251
44;121;-37.1472
44;122;-89.4046
45;121;-89.2818
45;122;-1.57173
46;121;85.0631
46;122;42.119
47;121;-86.8299
47;122;73.3311
48;121;94.0486
48;122;-39.1849
49;121;4.05188
49;122;-15.9025
50;121;-1.07317
50;122;-19.0441
51;121;-31.8229
51;122;11.6408
52;121;29.4227
52;122;-70.3679
53;121;2.81582
53;122;-23.343
54;121;59.0067
54;122;-67.5776
55;121;46.7946
55;122;-33.3194
56;121;-41.8663
56;122;32.7913
57;121;55.1331
57;122;94.1419
58;121;-31.7465
58;122;31.7813
59;121;79.9199
59;122;33.9667
60;121;22.8551
60;122;-21.8868
61;121;-39.9097
61;122;60.6827
62;121;85.8024
62;122;3.1425
63;121;41.8004
63;122;67.1334
64;121;57.4377
64;122;86.6424
65;121;-98.7554
65;122;-95.4168
66;121;47.1809
66;122;-36.207
67;121;-21.2672
67;122;50.0674
68;121;57.3533
68;122;6.74467
69;121;94.9658
69;122;-71.088
70;121;16.8065
70;122;61.4228
71;121;-32.2143
71;122;79.0407
72;121;-40.2603
72;122;-74.9369
73;121;6.61669
73;122;73.3403
74;121;59.5596
74;122;-53.5874
75;121;35.8625
75;122;62.1864
76;121;-28.6115
76;122;92.3191
77;121;21.0311
77;122;-73.0195
78;121;-61.3515
78;122;-57.6689
79;121;11.7317
79;122;83.2755
80;121;-77.3503
80;122;-36.3346
81;121;-71.1832
81;122;44.392
82;121;99.532
82;122;97.0399
83;121;65.2957
83;122;89.5788
84;121;-71.2365
84;122;56.6827
85;121;99.932
85;122;66.9053
86;121;-11.1242
86;122;-62.4622
87;121;45.9461
87;122;4.20453
88;121;-33.5786
88;122;-76.9119
89;121;-21.8689
89;122;86.6443
90;121;-49.1592
90;122;81.9914
91;121;-78.1311
91;122;-95.2169
92;121;-32.2087
92;122;-83.7711
93;121;-0.0492477
93;122;94.2201
94;121;6.1616
94;122;-1.2443
95;121;50.8531
95;122;26.4428
96;121;62.4211
96;122;-68.3541
97;121;-74.6842
97;122;-39.3901
98;121;-97.5397
98;122;1.9534
99;121;-74.0525
99;122;42.0939
100;121;-48.4423
100;122;-22.9245
101;121;-87.5867
101;122;48.7622
102;121;42.8776
102;122;-22.5455
103;121;54.3156
103;122;74.5682
104;121;-35.1005
104;122;-0.369476
105;121;-94.0566
105;122;60.5326
106;121;56.1974
106;122;-91.9263
107;121;68.5609
107;122;70.3003
108;121;-56.7251
108;122;23.638
109;121;-31.5899
109;122;-35.1111
110;121;-38.1549
110;122;-39.4416
111;121;96.4077
111;122;22.923
112;121;-20.894
112;122;-68.9535
113;121;-60.9044
113;122;-3.28646
114;121;-11.3412
114;122;-23.2389
115;121;43.0846
115;122;-77.9634
116;121;71.8451
116;122;-10.0825
117;121;75.7753
117;122;84.7817
118;121;77.1447
118;122;25.8263
119;121;11.5449
119;122;51.8701
120;121;-38.7981
120;122;-53.2217
