1;53;-14.7125
1;54;0.821066
1;55;-5.0375
2;53;-9.76509
2;54;6.35071
2;55;-8.36596
3;53;5.04242
3;54;-3.69413
3;55;5.77181
4;53;12.1888
4;54;-4.67612
4;55;-1.93106
5;53;-5.47372
5;54;4.65093
5;55;-10.6595
6;53;-3.72824
6;54;-8.13176
6;55;-7.73453
7;53;-1.82426
7;54;6.78701
7;55;3.54429
8;53;-5.74423
8;54;-0.654435
8;55;4.69085
9;53;-0.889612
9;54;5.41465
9;55;2.56067
10;53;-3.36061
10;54;7.34224
10;55;-10.1965
11;53;5.32698
11;54;-7.28071
11;55;3.68736
12;53;8.00325
12;54;-8.88962
12;55;5.74493
13;53;5.99732
13;54;6.16808
13;55;1.23207
14;53;7.29746
14;54;-4.34906
14;55;9.35736
15;53;-9.15655
15;54;7.89064
15;55;6.63591
16;53;5.4554
16;54;-0.223127
16;55;7.44547
17;53;-5.59957
17;54;2.74022
17;55;-3.33832
18;53;9.09513
18;54;4.85127
18;55;3.64258
19;53;6.85717
19;54;-1.07892
19;55;-5.34633
20;53;-2.64838
20;54;14.8218
20;55;-7.27851
21;53;-0.704052
21;54;8.22066
21;55;9.04059
22;53;-7.07729
22;54;8.62047
22;55;5.70895
23;53;9.16935
23;54;-4.99507
23;55;-1.44596
24;53;-0.674934
24;54;0.891277
24;55;-1.38194
25;53;-7.31841
25;54;-6.51901
25;55;14.0846
26;53;7.24185
26;54;9.47083
26;55;2.65792
27;53;8.73133
27;54;-3.02237
27;55;-4.64785
28;53;7.24293
28;54;6.2783
28;55;-9.15139
29;53;-2.30411
29;54;9.85537
29;55;-4.78074
30;53;4.80078
30;54;-6.95794
30;55;-8.69921
31;53;1.5727
31;54;5.39175
31;55;8.38963
32;53;-8.27331
32;54;-3.91429
32;55;1.23803
33;53;2.90315
33;54;-1.82251
33;55;-0.975846
34;53;8.18708
34;54;6.6445
34;55;-3.2369
35;53;-1.81021
35;54;6.58118
35;55;2.24826
36;53;9.28524
36;54;-6.92165
36;55;-9.99839
37;53;5.73952
37;54;9.86127
37;55;-11.0973
38;53;9.50084
38;54;-0.20603
38;55;2.78626
39;53;9.68772
39;54;-8.10563
39;55;1.15615
40;53;-1.90922
40;54;-3.66694
40;55;0.427615
41;53;1.21663
41;54;2.07969
41;55;5.29849
42;53;9.9705
42;54;-1.89077
42;55;-9.51417
43;53;-5.89109
43;54;3.4921
43;55;-4.37492
44;53;-11.0575
44;54;-6.85915
44;55;0.397206
45;53;-3.91674
45;54;-7.60072
45;55;14.7897
46;53;2.28884
46;55;-6.90552
47;53;3.4627
47;54;9.1755
47;55;8.62683
48;53;4.78517
48;54;5.04161
48;55;-5.72483
49;53;-6.7605
49;54;2.99318
49;55;6.04633
50;53;-14.2043
50;54;-5.89151
50;55;9.5303
51;53;7.92557
51;54;-4.75564
51;55;-0.623657
52;53;-9.31702
52;54;2.22187
52;55;-9.82854
29;17;-8.82837
37;27;8.32497
38;51;2.53157
45;48;3.36398
49;43;9.58237
