1;121;78.9422
1;122;84.981
2;121;75.4996
2;122;78.5692
3;121;-72.8827
3;122;21.4853
4;121;-88.6233
4;122;-10.9843
5;121;75.0523
5;122;-14.1046
6;121;48.5245
6;122;-7.32436
7;121;-58.4575
7;122;-98.106
8;121;91.4555
8;122;92.8497
9;121;60.3205
9;122;-26.3987
10;121;87.0592
10;122;-14.6193
11;121;35.8546
11;122;41.0345
12;121;61.4134
12;122;30.5027
13;121;75.9769
13;122;79.1802
14;121;43.4095
14;122;11.8014
15;121;-98.9004
15;122;1.55495
16;121;-94.1445
16;122;81.9276
17;121;-51.219
17;122;69.0263
18;121;-51.1861
18;122;69.7824
19;121;-4.19701
19;122;31.9435
20;121;37.4778
20;122;-12.079
21;121;19.0969
21;122;-87.0825
22;121;45.4165
22;122;-64.3557
23;121;-3.5853
23;122;-16.7915
24;121;91.6045
24;122;28.8914
25;121;-68.3969
25;122;78.6636
26;121;25.2393
26;122;5.63468
27;121;17.9461
27;122;-30.1352
28;121;22.9562
28;122;-90.3303
29;121;-36.7305
29;122;97.3853
30;121;97.8269
30;122;96.1921
31;121;-76.3205
31;122;35.6136
32;121;-87.4374
32;122;42.2869
33;121;30.6559
33;122;-68.7415
34;121;62.9589
34;122;17.6206
35;121;79.087
35;122;-72.1025
36;121;-96.4424
36;122;-51.8125
37;121;39.7964
37;122;-73.1863
38;121;-53.0578
38;122;95.8104
39;121;3.92793
39;122;-61.4533
40;121;-76.246
40;122;6.61508
41;121;-82.7897
41;122;-63.8228
42;121;27.9733
42;122;-90.5868
43;121;65.8588
43;122;-48.329
44;121;48.4243
44;122;63.5635
45;121;16.0737
45;122;-39.4799
46;121;16.3364
46;122;56.7615
47;121;43.9443
47;122;64.0726
48;121;-63.068
48;122;66.2678
49;121;79.8206
49;122;1.13193
50;121;-60.16
50;122;-94.8717
51;121;34.6539
51;122;27.7026
52;121;-84.875
52;122;69.3284
53;121;5.77842
53;122;39.2903
54;121;-81.1855
54;122;-90.2937
55;121;81.2253
55;122;18.9559
56;121;-8.01745
56;122;-38.8461
57;121;-92.8206
57;122;-54.2712
58;121;-78.7042
58;122;-30.348
59;121;92.7547
59;122;14.5526
60;121;-11.18
60;122;-93.5632
61;121;-10.0276
61;122;-59.67
62;121;63.1983
62;122;-53.8621
63;121;0.991203
63;122;13.1362
64;121;63.9576
64;122;48.5604
65;121;17.7692
65;122;-72.0722
66;121;-21.2445
66;122;8.64499
67;121;43.7186
67;122;50.0674
68;121;-87.2697
68;122;8.41598
69;121;50.9904
69;122;48.8298
70;121;-22.3963
70;122;-42.8915
71;121;-32.2143
71;122;-11.5444
72;121;-40.2603
72;122;-77.0812
73;121;18.9775
73;122;45.5727
74;121;-62.7899
74;122;-38.4821
75;121;-20.4606
75;122;-21.5202
76;121;29.7021
76;122;-79.9312
77;121;-90.0134
77;122;32.5569
78;121;72.8657
78;122;-68.944
79;121;97.8118
79;122;-98.1845
80;121;27.2352
80;122;-52.5979
81;121;-27.878
81;122;84.7583
82;121;-86.008
82;122;-0.14447
83;121;34.8258
83;122;14.547
84;121;-21.4727
84;122;56.6827
85;121;-36.6231
85;122;45.9034
86;121;-22.7258
86;122;31.1626
87;121;-34.0211
87;122;-16.8587
88;121;54.0813
88;122;38.9162
89;121;-25.2671
89;122;93.5137
90;121;-25.597
90;122;5.35023
91;121;-99.1039
91;122;-79.4634
92;121;-96.7562
92;122;-83.7711
93;121;42.5045
93;122;16.492
94;121;81.0193
94;122;-62.2256
95;121;-69.5173
95;122;-59.4425
96;121;26.8688
96;122;2.60473
97;121;-74.6842
97;122;11.4005
98;121;-97.5397
98;122;-21.3645
99;121;-74.0525
99;122;65.3497
100;121;16.8242
100;122;-10.6757
101;121;19.3624
101;122;79.6955
102;121;35.9577
102;122;-22.5455
103;121;22.6235
103;122;74.5682
104;121;-69.4207
104;122;-0.369476
105;121;59.858
105;122;21.7714
106;121;56.1974
106;122;-76.7612
107;121;-81.978
107;122;-4.33363
108;121;-1.8217
108;122;23.638
109;121;21.6106
109;122;13.7008
110;121;89.3055
110;122;77.3771
111;121;13.3152
111;122;99.6284
112;121;9.23436
112;122;-30.536
113;121;48.0826
113;122;11.9763
114;121;15.2124
114;122;-46.4777
115;121;33.8121
115;122;-82.061
116;121;-8.31489
116;122;59.9356
117;121;-61.9902
117;122;33.1907
118;121;-39.6538
118;122;-46.0469
119;121;-80.6567
119;122;-25.488
120;121;97.4344
120;122;5.9836
