1;53;1.12847
1;54;9.86205
1;55;-6.39158
2;53;-2.11345
2;54;8.50153
2;55;-7.96218
3;53;4.07339
3;54;-9.16644
3;55;6.47705
4;53;1.0794
4;54;-9.47795
4;55;-0.907029
5;53;6.2978
5;54;4.65093
5;55;-7.23523
6;53;-2.19899
6;54;8.78587
6;55;4.64277
7;53;3.44356
7;54;9.5008
7;55;3.13929
8;53;-5.74423
8;54;6.90511
8;55;-4.33216
9;53;-13.8447
9;54;5.71954
9;55;-1.84424
10;53;-3.36061
10;54;9.50513
10;55;-9.50739
11;53;0.258648
11;54;-2.8538
11;55;2.29583
12;53;9.67445
12;54;-10.6502
12;55;-4.96193
13;53;-9.85973
13;54;1.08894
13;55;-4.14966
14;53;7.01217
14;54;6.52074
14;55;1.34722
15;53;-0.356737
15;54;7.89064
15;55;6.25058
16;53;0.13309
16;54;4.77687
16;55;-7.74005
17;53;-13.8481
17;54;8.84342
17;55;6.59878
18;53;-2.80033
18;54;0.142449
18;55;5.38243
19;53;6.85717
19;54;7.77308
19;55;-8.31683
20;53;3.63799
20;54;1.98581
20;55;-2.90458
21;53;0.622475
21;54;-3.04726
21;55;9.04059
22;53;-7.33804
22;54;8.62047
22;55;5.70895
23;53;6.74835
23;54;0.0462437
23;55;-8.20211
24;53;7.03003
24;54;9.72934
24;55;-9.98767
25;53;-2.31841
25;54;-6.88128
25;55;9.2883
26;53;-1.68401
26;54;8.82317
26;55;-6.81391
27;53;8.73133
27;54;-7.54672
27;55;-11.0904
28;53;-0.264318
28;54;0.997887
28;55;6.97824
29;53;1.58402
29;54;-1.09327
29;55;3.84153
30;53;-1.0065
30;54;-1.4431
30;55;-0.247225
31;53;2.36593
31;54;-3.96761
31;55;1.7761
32;53;-8.27331
32;54;-5.62945
32;55;-3.31335
33;53;2.58614
33;54;-1.06248
33;55;-0.975846
34;53;8.18708
34;54;0.62289
34;55;-6.20868
35;53;-5.32688
35;54;-5.86224
35;55;2.48139
36;53;-0.714761
36;54;8.47456
36;55;1.30456
37;53;-5.84575
37;54;3.10532
37;55;-8.55237
38;53;6.4589
38;54;-2.85614
38;55;7.56555
39;53;1.67279
39;54;2.48986
39;55;6.15615
40;53;0.923125
40;54;-11.6816
40;55;7.04064
41;53;-9.46435
41;54;-7.47849
41;55;8.18657
42;53;-4.91031
42;54;2.68833
42;55;-9.65395
43;53;1.19975
43;54;-1.8024
43;55;-12.0082
44;53;-8.86926
44;54;6.82757
44;55;6.31356
45;53;1.68977
45;54;-4.81283
45;55;5.22761
46;53;-3.19496
46;54;-6.43372
46;55;-4.50362
47;53;7.64454
47;54;-7.17996
47;55;-9.2369
48;53;14.7852
48;54;5.78434
48;55;-4.44293
49;53;-5.24308
49;54;6.12297
49;55;8.0043
50;53;-4.11828
50;54;-8.64686
50;55;6.92018
51;53;3.95696
51;54;-9.75564
51;55;5.57784
52;53;-9.04185
52;54;-6.09555
52;55;6.75626
9;13;-2.68781
7;63;-3.20881
63;53;-1.55644
