1;53;7.53988
1;54;9.07365
1;55;-6.6997
2;53;-4.64843
2;54;-1.4868
2;55;-7.96218
3;53;-4.68833
3;54;-8.50252
3;55;6.19725
4;53;8.91309
4;54;-0.248604
4;55;-13.348
5;53;-5.47372
5;54;-1.72212
5;55;-4.28709
6;53;-4.17245
6;54;3.32789
6;55;8.87725
7;53;-0.78707
7;54;-7.37512
7;55;3.54429
8;53;-4.50667
8;54;2.89888
8;55;8.12224
9;53;6.93592
9;54;10.4146
9;55;-0.747099
10;53;-6.81398
10;54;7.34224
10;55;5.60497
11;53;4.70295
11;54;-2.1571
11;55;7.83018
12;53;8.00325
12;54;-6.72686
12;55;-1.40573
13;53;4.88112
13;54;-0.893855
13;55;-5.45885
14;53;7.01217
14;54;-4.34906
14;55;-9.01653
15;53;2.6131
15;54;3.94138
15;55;-2.50473
16;53;5.4554
16;54;9.98884
16;55;7.44547
17;53;-8.84813
17;54;3.84342
17;55;0.731545
18;53;4.69616
18;54;-9.87023
18;55;5.38243
19;53;-2.13248
19;54;1.28503
19;55;-5.34633
20;53;-2.64838
20;54;-9.09092
20;55;4.73297
21;53;0.366121
21;54;-3.04726
21;55;1.35915
22;53;-7.07729
22;54;-6.90288
22;55;-6.79731
23;53;8.36394
23;54;4.92223
23;55;-1.44596
24;53;-5.95234
24;54;11.289
24;55;1.69044
25;53;-2.12543
25;54;0.135528
25;55;9.2883
26;53;-4.37198
26;54;9.47083
26;55;-6.81391
27;53;-1.71368
27;54;-6.89535
27;55;2.16652
28;53;6.86459
28;54;-9.86833
28;55;8.6847
29;53;1.52096
29;54;8.73507
29;55;-9.78074
30;53;12.2009
30;54;6.59137
30;55;-3.86276
31;53;7.36593
31;54;3.28669
31;55;-2.89429
32;53;9.59894
32;54;4.91658
32;55;7.87821
33;53;2.90315
33;54;10.3826
33;55;2.80045
34;53;12.7169
34;54;9.27979
34;55;-7.23734
35;53;6.198
35;54;-5.23764
35;55;2.47202
36;53;-12.9134
36;54;13.4501
36;55;-4.51329
37;53;-7.32726
37;54;0.928807
37;55;-8.55237
38;53;4.57358
38;54;-6.82826
38;55;-3.50078
39;53;9.32031
39;54;-4.60711
39;55;1.98851
40;53;-2.19774
40;54;-3.66694
40;55;7.12984
41;53;-9.46435
41;54;-0.448976
41;55;9.50761
42;53;1.27599
42;54;6.91925
42;55;3.96329
43;53;-6.7123
43;54;-2.18931
43;55;-3.09295
44;53;-7.98198
44;54;3.28876
44;55;-3.81316
45;53;-8.91674
45;54;-7.60072
45;55;2.04629
46;53;-7.1372
46;54;9.94105
46;55;-4.99396
47;53;7.96943
47;54;6.09249
47;55;-2.0802
48;53;6.3491
48;54;2.53834
48;55;-5.92844
49;53;-11.3296
49;54;5.47206
49;55;8.04694
50;53;-4.11828
50;54;-2.9732
50;55;6.92018
51;53;7.92557
51;54;-4.75564
51;55;3.20198
52;53;-0.974841
52;54;-8.43731
52;55;-4.10969
34;61;6.0201
61;53;-0.851599
20;81;6.27173
81;55;4.73297
50;9;2.06253
