1;121;-9.26608
1;122;14.4987
2;121;-0.124643
2;122;-4.78338
3;121;13.531
3;122;-8.59498
4;121;8.52618
4;122;-8.79066
5;121;3.30989
5;122;8.45752
6;121;3.82735
6;122;-2.69265
7;121;9.44689
7;122;2.18569
8;121;-2.55865
8;122;6.94932
9;121;-2.14359
9;122;8.85792
10;121;-2.3013
10;122;8.30188
11;121;9.73962
11;122;4.10345
12;121;-10.3097
12;122;5.74247
13;121;-3.23061
13;122;5.46593
14;121;3.34075
14;122;-7.03529
15;121;9.51359
15;122;0.155496
16;121;-3.04197
16;122;0.700127
17;121;-5.1219
17;122;2.83194
18;121;-0.61806
18;122;-0.271645
19;121;2.04061
19;122;0.374804
20;121;-3.33669
20;122;4.76311
21;121;1.90969
21;122;2.25529
22;121;-8.91936
22;122;-2.92163
23;121;1.98851
23;122;1.22241
24;121;6.90511
24;122;6.50323
25;121;-6.43453
25;122;7.86636
26;121;9.52656
26;122;1.27599
27;121;5.01847
27;122;-4.65395
28;121;1.39944
28;122;0.422708
29;121;-9.43833
29;122;-2.15299
30;121;6.289
30;122;-9.67444
31;121;-0.649414
31;122;-0.0343056
32;121;-5.87906
32;122;9.31765
33;121;-5.2355
33;122;2.61384
34;121;-4.58859
34;122;9.6753
35;121;-0.801121
35;122;2.84645
36;121;3.44858
36;122;0.54528
37;121;0.101743
37;122;-9.31117
38;121;8.93653
38;122;4.56095
39;121;-0.937012
39;122;-3.39733
40;121;0.0141306
40;122;8.82147
41;121;-0.107875
41;122;0.293947
42;121;-4.34806
42;122;-7.275
43;121;-0.715201
43;122;-0.454591
44;121;5.3333
44;122;6.91053
45;121;-8.96262
45;122;-1.08414
46;121;8.50631
46;122;5.67615
47;121;3.04982
47;122;1.70324
48;121;-2.69725
48;122;1.60662
49;121;-5.24308
49;122;-1.59025
50;121;14.2883
50;122;4.86846
51;121;-0.93673
51;122;-8.3534
52;121;-4.58626
52;122;13.7421
53;121;4.523
53;122;-4.66801
54;121;-8.11855
54;122;0.0113602
55;121;1.93467
55;122;-3.33194
56;121;0.418034
56;122;2.20086
57;121;6.962
57;122;-0.392235
58;121;-0.660613
58;122;-3.34865
59;121;-6.52293
59;122;1.78521
60;121;-1.17177
60;122;-14.1482
61;121;-1.00276
61;122;-2.66546
62;121;6.96266
62;122;9.13715
63;121;4.18004
63;122;-2.43108
64;121;-1.24717
64;122;9.84962
65;121;7.63848
65;122;-5.50291
66;121;9.71809
66;122;0.483623
67;121;6.12016
67;122;-9.86817
68;121;1.4889
68;122;-7.95487
69;121;2.91013
69;122;7.06334
70;121;0.924969
70;122;4.17604
71;121;-0.678324
71;122;-1.15444
72;121;-2.24845
72;122;-5.1323
73;121;0.764376
73;122;4.62344
74;121;-6.27899
74;122;-8.08747
75;121;-6.03001
75;122;-4.09924
76;121;-2.76395
76;122;7.89661
77;121;11.0085
77;122;1.73747
78;121;-2.27022
78;122;6.09778
79;121;9.78118
79;122;-8.16755
80;121;-4.04618
80;122;2.99817
81;121;-2.7878
81;122;11.9831
82;121;-7.47978
82;122;-0.970813
83;121;1.78817
83;122;1.4547
84;121;-0.821324
84;122;-9.00934
85;121;-7.47364
85;122;7.65857
86;121;5.7363
86;122;6.63432
87;121;9.74525
87;122;0.461617
88;121;5.40813
88;122;1.03495
89;121;-3.02969
89;122;-3.46264
90;121;6.62672
90;122;-8.01634
91;121;-3.99451
91;122;-7.94634
92;121;0.717087
92;122;-4.88911
93;121;-7.43323
93;122;8.24981
94;121;12.7239
94;122;-5.81324
95;121;9.44361
95;122;-3.63405
96;121;-12.3784
96;122;0.256965
97;121;4.28361
97;122;10.8777
98;121;2.03336
98;122;-3.92822
99;121;9.31316
99;122;-8.44126
100;121;1.68242
100;122;-9.92021
101;121;-14.47
101;122;-2.70843
102;121;-7.95131
102;122;-1.05526
103;121;1.7127
103;122;-1.93729
104;121;-4.24713
104;122;-3.96006
105;121;-6.63308
105;122;6.05326
106;121;4.02985
106;122;-4.05002
107;121;8.10692
107;122;-0.769135
108;121;8.57771
108;122;-2.30922
109;121;8.95947
109;122;1.10394
110;121;5.96232
110;122;5.03757
111;121;8.02579
111;122;-3.94454
112;121;9.41711
112;122;2.3094
113;121;8.35329
113;122;5.4554
114;121;-8.44151
114;122;-4.28822
115;121;-9.28139
115;122;7.95262
116;121;7.10121
116;122;-1.00825
117;121;-6.19902
117;122;-0.262251
118;121;8.62259
118;122;1.40742
119;121;9.51503
119;122;4.75175
120;121;9.74344
120;122;-3.89374
84;124;-0.151481
124;122;7.95865
10;69;2.59038
2;152;-1.89669
152;122;1.33455
