1;121;7.13372
1;122;-1.80361
2;121;9.02858
2;122;-6.98931
3;121;7.29937
3;122;-8.59498
4;121;2.59721
4;122;-4.55544
5;121;-9.61565
5;122;1.88547
6;121;0.411936
6;122;-0.732437
7;121;-1.75207
7;122;2.11105
8;121;2.43388
8;122;9.28497
9;121;-6.41563
9;122;6.61734
10;121;8.70592
10;122;-0.453835
11;121;1.81506
11;122;-9.39105
12;121;-3.08998
12;122;5.74247
13;121;7.59769
13;122;9.86205
14;121;8.50994
14;122;-7.03529
15;121;3.30404
15;122;0.155496
16;121;-6.00766
16;122;3.54683
17;121;-5.32112
17;122;-1.81787
18;121;9.66817
18;122;6.97824
19;121;3.71078
19;122;-6.09327
20;121;9.0324
20;122;-9.4929
21;121;1.90969
21;122;0.316381
22;121;2.97228
22;122;9.87548
23;121;0.997777
23;122;-7.79146
24;121;9.16045
24;122;-3.12267
25;121;-3.77717
25;122;8.89618
26;121;4.3287
26;122;-0.180037
27;121;4.22028
27;122;-2.20593
28;121;4.89461
28;122;6.81797
29;121;-2.34388
29;122;2.84701
30;121;14.7827
30;122;-4.98752
31;121;2.35697
31;122;-7.21286
32;121;-5.87906
32;122;-3.60308
33;121;-5.2355
33;122;1.34722
34;121;3.39776
34;122;9.27597
35;121;7.9087
35;122;-7.8243
36;121;8.40959
36;122;-5.18125
37;121;-6.53254
37;122;-7.59598
38;121;-1.57117
38;122;0.768447
39;121;0.392794
39;122;-6.14533
40;121;-7.6246
40;122;-7.98947
41;121;-9.21935
41;122;-6.38228
42;121;-5.03637
42;122;-9.05868
43;121;-3.86195
43;122;-1.82251
44;121;8.55662
44;122;-0.976325
45;121;5.51726
45;122;7.54198
46;121;1.63364
46;122;7.32653
47;121;-8.68299
47;122;5.75459
48;121;4.99379
48;122;-9.98767
49;121;1.05794
49;122;1.28968
50;121;9.2883
50;122;-1.10636
51;121;-7.17864
51;122;-7.60641
52;121;-0.665879
52;122;6.93284
53;121;0.577842
53;122;-2.82105
54;121;-8.11855
54;122;0.376783
55;121;1.03362
55;122;1.89559
56;121;4.52373
56;122;-7.89337
57;121;9.54455
57;122;4.48406
58;121;3.69597
58;122;6.04161
59;121;-11.5229
59;122;1.45526
60;121;-1.17177
60;122;9.90447
61;121;-1.00276
61;122;-2.27881
62;121;-4.94334
62;122;5.0955
63;121;9.18004
63;122;8.70629
64;121;-7.44448
64;122;8.81767
65;121;-4.87691
65;122;2.02569
66;121;-8.37277
66;122;6.06869
67;121;6.12016
67;122;5.00674
68;121;-3.94289
68;122;-6.62445
69;121;-7.81431
69;122;7.05499
70;121;-3.26239
70;122;-4.28915
71;121;-0.623657
71;122;-1.15444
72;121;-4.02603
72;122;-7.70812
73;121;1.89775
73;122;1.59934
74;121;-6.05677
74;122;2.84118
75;121;2.49183
76;121;2.14773
76;122;-2.76016
77;121;-3.93492
77;122;-1.53244
78;121;0.436688
78;122;1.09778
79;121;1.17317
79;122;-3.16755
80;121;8.54733
80;122;2.99817
81;121;4.14644
81;122;8.47583
82;121;8.45317
82;122;-0.0144482
83;121;8.48258
83;122;-6.29835
84;121;-6.66326
84;122;5.66827
85;121;-9.24336
85;122;7.65857
86;121;-1.11242
86;122;6.63432
87;121;5.58972
87;122;-7.54307
88;121;5.40813
88;122;8.40187
89;121;-0.468508
89;122;9.35137
90;121;-0.0940695
90;122;-4.34331
91;121;7.58305
91;122;-7.94634
92;121;-5.65253
92;122;-10.6957
93;121;-4.47878
93;122;6.21582
94;121;8.10193
94;122;-2.47613
95;121;9.21483
95;122;-9.47626
96;121;2.68688
96;122;0.260472
97;121;-7.46842
97;122;6.14005
98;121;-0.969144
98;122;-3.72824
99;121;8.75143
99;122;-5.36289
100;121;1.68242
100;122;-9.92021
101;121;7.73984
101;122;-2.70843
102;121;-7.95131
102;122;2.02298
103;121;5.43156
103;122;0.591142
104;121;-7.87293
104;122;5.69858
105;121;-3.40876
105;122;6.05326
106;121;5.61974
106;122;-7.18632
107;121;3.68736
107;122;-8.60112
108;121;8.57771
108;122;-6.34938
109;121;-5.3642
109;122;4.7415
110;121;8.46664
110;122;13.5617
111;121;4.64077
111;122;1.61743
112;121;9.41711
112;122;-6.49488
113;121;0.793871
113;122;1.16946
114;121;0.521239
114;122;-4.64777
115;121;2.3312
115;122;-7.79634
116;121;14.3315
116;122;-4.19917
117;121;-7.22633
117;122;3.89862
118;121;-2.96875
118;122;13.2052
119;121;-8.31683
119;122;-7.69952
120;121;16.8445
120;122;-0.825797
75;140;5.36397
140;122;-8.34588
116;144;3.40882
144;121;14.3315
66;46;2.23519
