
---- Results of cofig: ----
  keep=0.489
  threshold=3.148
  interSpeciesRate=0.001
  noCrossoverOff=0.233
  probabilityWeightMutated=0.728
  probabilityAddNodeSmall=0.031
  probabilityAddLink_small=0.048
  probabilityAddNodeLarge=0.274
  probabilityAddLink_Large=0.142
  largeSize=20
  c1=0.7
  c2=0.637
  c3=0.409
  numberGenomes=50
  numberInputs=120
  numberOutputs=2
  evolutions=50
  n_max=300
  learningRate=5
  inputWeights=110,150
  weightsRange=-10,10
  process_max=25
  function=
  folder=results/trial-5

--Results of run:0 --
Best Genome 
Genome id: 1082
Genome fitness: 0.97
   IN  OUT    Weight  Innov
    1  121   2.11191      1
    1  122   9.49868      2
    2  121   2.88366      3
    2  122   5.21428      4
    3  121   2.38396      5
    3  122  -6.14887      6
    4  121  -7.44516      7
    4  122  -8.79066      8
    5  121  -5.41841      9
    5  122  0.971595     10
    6  121  0.883659     11
    6  122  -2.69265     12
    7  121   9.44689     13
    7  122  -6.09985     14
    8  121  -2.55865     15
    8  122   -8.0474     16
    9  121  0.403723     17
    9  122  -1.34575     18
   10  121   -2.3013     19
   10  122   5.57441     20
   11  121   11.5798     21
   11  122   9.68973     22
   12  121   11.5212     23
   12  122  -5.90962     24
   13  121  -8.31726     25
   13  122   5.46593     26
   14  121   8.34075     27
   14  122  -7.91225     28
   15  121   8.30404     29
   15  122  -8.10283     30
   16  121  -8.06791     31
   16  122  -5.18634     32
   17  121  0.721108     33
   17  122  -6.81787     34
   18  121  -0.61806     35
   18  122 -0.271645     36
   19  121   1.17339     37
   19  122  0.374804     38
   20  121  -1.17007     39
   20  122   0.19565     40
   21  121   1.47365     41
   21  122   7.25529     42
   22  121   4.54165     43
   22  122  -2.99474     44
   23  121  -5.55902     45
   23  122   1.22241     46
   24  121  -4.62632     47
   24  122   8.63985     48
   25  121  -6.43453     49
   25  122   4.54418     50
   26  121   9.52656     51
   26  122  0.731449     52
   27  121   8.91218     53
   27  122    2.5486     54
   28  121   6.39944     55
   28  122  -3.34989     56
   29  121  -9.43833     57
   29  122 -0.259811     58
   30  121   2.29602     59
   30  122 -0.517368     60
   31  121   12.1779     61
   31  122  -4.52144     62
   32  121   7.04079     63
   32  122   9.57021     64
   33  121  -3.27137     65
   33  122 -0.997668     66
   34  121  -5.06401     67
   34  122  -3.20754     68
   35  121   8.61715     69
   35  122  -8.09644     70
   36  121   13.9748     71
   36  122  -9.24852     72
   37  121   3.47951     73
   37  122  -2.35542     74
   38  121   1.33857     75
   38  122 -0.457282     76
   39  121 -0.937012     77
   39  122   6.76797     78
   40  121   8.46111     79
   40  122  -2.98947     80
   41  121    7.5214     81
   41  122   6.92483     82
   42  121   8.18915     83
   42  122    7.9617     84
   43  121  -7.15745     85
   43  122   7.05137     86
   44  121   5.70582     87
   44  122 -0.976325     88
   45  121  -1.90272     89
   45  122  -1.08414     90
   46  121  -3.70024     91
   46  122   9.14853     92
   47  121  -4.21103     93
   47  122   5.75459     94
   48  121   5.22237     95
   48  122  -13.2344     96
   49  121  -5.24308     97
   49  122   2.45583     98
   50  121 -0.891738     99
   50  122   12.3332    100
   51  121  -8.74379    101
   51  122  -2.82469    102
   52  121   9.44794    103
   52  122   -2.5962    104
   53  121   6.09404    105
   53  122   1.63478    106
   54  121  -1.82775    107
   54  122   7.78958    108
   55  121   4.37192    109
   55  122   1.63336    110
   56  121  0.418034    111
   56  122  -2.43019    112
   57  121     1.962    113
   57  122   1.49527    114
   58  121   3.69597    115
   58  122   9.80455    116
   59  121  -1.45336    117
   59  122 -0.911871    118
   60  121  -1.17177    119
   60  122  -3.99814    120
   61  121      9.87    121
   61  122   4.11275    122
   62  121  0.230828    123
   62  122   9.13715    124
   63  121 -0.289121    125
   63  122   6.71334    126
   64  121  -7.44448    127
   64  122   4.36686    128
   65  121   8.76083    129
   65  122  -7.29987    130
   66  121 -0.891783    131
   66  122  -7.28589    132
   67  121  -8.24381    133
   67  122   -6.1295    134
   68  121 0.0889225    135
   68  122  -3.98408    136
   69  121  -5.20258    137
   69  122  -1.36209    138
   70  121  -6.73157    139
   70  122  -8.86284    140
   71  121   9.89453    141
   71  122  -8.12938    142
   72  121  -2.24845    143
   72  122   14.9208    144
   73  121   3.36589    145
   73  122   1.59934    146
   74  121  -6.95819    147
   74  122  -3.45756    148
   75  121   -1.5325    149
   75  122  -8.10425    150
   76  121   2.14773    151
   76  122  -2.76016    152
   77  121   -8.4472    153
   77  122   1.73747    154
   78  121  -3.62301    155
   78  122   1.26368    156
   79  121   1.25291    157
   79  122   -8.9365    158
   80  121  -2.89303    159
   80  122   2.44781    160
   81  121   4.14644    161
   81  122   8.70259    162
   82  121    9.9532    163
   82  122   -9.6496    164
   83  121   7.11488    165
   83  122  -2.21222    166
   84  121   7.31078    167
   84  122  -8.30574    168
   85  121  -9.24336    169
   85  122   7.94583    170
   86  121  -5.59657    171
   86  122  -9.05652    172
   87  121   9.81645    173
   87  122  0.461617    174
   88  121  -5.60381    175
   88  122 0.0842857    176
   89  121  -3.02969    177
   89  122   6.67746    178
   90  121   5.09487    179
   90  122  -6.52275    180
   91  121  -8.12441    181
   91  122  -4.10291    182
   92  121   8.86595    183
   92  122  0.110886    184
   93  121  -5.91692    185
   93  122   2.86242    186
   94  121   5.39953    187
   94  122   4.80044    188
   95  121    7.9077    189
   95  122   4.79119    190
   96  121  -9.47795    191
   96  122  0.256965    192
   97  121  -3.75932    193
   97  122   2.51305    194
   98  121 -0.736098    195
   98  122  -3.92822    196
   99  121   8.75143    197
   99  122  -2.46104    198
  100  121  -5.16823    199
  100  122  -9.92021    200
  101  121 -0.871712    201
  101  122 -0.143605    202
  102  121  -7.70673    203
  102  122   3.94474    204
  103  121   9.06963    205
  103  122   -3.1532    206
  104  121   2.59485    207
  104  122  -9.57833    208
  105  121  -6.63308    209
  105  122  0.878734    210
  106  121   9.02985    211
  106  122  -2.29437    212
  107  121   5.11866    213
  107  122   9.67445    214
  108  121   8.57771    215
  108  122   -6.3338    216
  109  121   -5.3642    217
  109  122  0.485355    218
  110  121  -3.81549    219
  110  122   5.03757    220
  111  121   8.02579    221
  111  122  0.834861    222
  112  121    4.6373    223
  112  122   7.01326    224
  113  121   1.39862    225
  113  122    5.4554    226
  114  121   7.37005    227
  114  122  0.748145    228
  115  121  -5.80882    229
  115  122 -0.553368    230
  116  121  -2.55552    231
  116  122   3.16779    232
  117  121   4.63387    233
  117  122   4.88859    234
  118  121   1.29798    235
  118  122   2.37623    236
  119  121   9.51503    237
  119  122 -0.515626    238
  120  121    4.7552    239
  120  122  -6.66004    240
  102  126   3.78773    252
  126  122   7.64038    253
   80   81  -4.44031    275
  104  105   7.68128    309
   62  117   6.19188    319
   95   92  -5.90695    322

Summerized results: 
run: 0 bestFitness: 0
Max fitness: 0
Percentage: 100% (1 of 1)
--------------------------------------------------------------
