1;121;-81.6152
1;122;56.1521
2;121;61.819
2;122;-74.784
3;121;53.3585
3;122;-85.9498
4;121;-21.1999
4;122;-76.0884
5;121;-97.219
5;122;-43.6159
6;121;59.1746
6;122;-63.0845
7;121;99.1539
7;122;61.6808
8;121;-38.8255
8;122;-76.6642
9;121;83.1591
9;122;-2.0472
10;121;-63.7274
10;122;3.40513
11;122;96.8973
12;121;65.2124
12;122;70.4064
13;121;67.6651
13;122;79.1802
14;121;81.8657
14;122;-79.1225
15;121;-55.4541
15;122;-79.6148
16;121;14.0514
16;122;33.3629
17;121;76.7041
17;122;-24.1297
18;121;96.6817
18;122;-29.9916
19;121;-30.8494
19;122;31.9435
20;121;-3.32394
20;122;47.6311
21;121;-1.92487
21;122;28.0736
22;121;-26.2764
22;122;-29.9474
23;121;-3.5853
23;122;-8.75005
24;121;69.0511
24;122;3.87003
25;121;-68.3969
25;122;88.9618
26;121;35.7343
26;122;77.2062
27;121;-13.5236
27;122;-86.3779
28;121;-19.7436
28;122;-30.2784
29;121;80.0327
29;122;17.4609
30;121;40.7343
30;122;-85.4671
31;121;20.1696
31;122;-29.9839
32;121;43.7273
32;122;61.5301
33;121;-27.4231
33;122;26.1384
34;121;33.9776
34;122;92.7597
35;121;-8.2173
35;122;-7.86369
36;121;82.4609
36;122;29.7453
37;121;-14.6891
37;122;-29.8863
38;121;-28.0181
38;122;-14.5389
39;121;12.0047
39;122;45.6338
40;121;61.9489
40;122;54.1296
41;121;-92.1935
41;122;30.5176
42;121;-71.8856
42;122;-90.5868
43;121;-38.6195
43;122;-23.2975
44;121;77.5929
44;122;98.1506
45;121;55.1726
45;122;-55.8496
46;121;-10.6784
46;122;34.4702
47;121;-46.502
47;122;75.8469
48;121;47.9567
48;122;93.8658
49;121;49.229
49;122;96.7678
50;121;-25.7719
50;122;34.9536
51;121;-84.1966
51;122;18.4163
52;121;9.19445
52;122;-27.2441
53;121;78.9302
53;122;-28.2105
54;121;74.8146
54;122;16.5371
55;121;-85.7356
55;122;92.5102
56;121;-8.01745
56;122;-24.8551
57;121;74.1908
57;122;85.7687
58;121;69.4277
58;122;-39.6586
59;121;-56.3739
59;122;14.3512
60;121;50.4161
60;122;-93.5632
61;121;33.5171
61;122;-21.4989
62;121;63.1983
62;122;50.955
63;121;0.497757
63;122;15.8351
64;121;-60.4782
64;122;78.6237
65;121;35.0049
65;122;-0.0380402
66;121;59.6397
66;122;-42.7847
67;121;70.4388
67;122;-5.06257
68;121;67.3533
68;122;6.74467
69;121;-78.1431
69;122;-57.119
70;121;-42.6239
70;122;-49.3665
71;121;2.57161
71;122;38.1461
72;121;25.7783
72;122;34.8116
73;121;-38.5509
73;122;-4.79393
74;121;86.6283
74;122;27.5187
75;121;-86.9419
75;122;-17.2934
76;121;-94.8775
76;122;-18.9146
77;121;-35.7626
77;122;-44.3108
78;121;71.0238
78;122;64.7352
79;121;-58.5566
79;122;96.5789
80;121;-4.20261
80;122;-62.5979
81;121;33.2075
81;122;45.113
82;121;-96.2888
82;122;64.0105
83;121;23.4344
83;122;-45.3699
84;121;-21.4727
84;122;-56.1394
85;121;-36.9325
85;122;38.6621
86;121;-9.4071
86;122;19.9062
87;121;-34.9588
87;122;-16.8587
88;121;-50.4498
88;122;37.4755
89;121;-22.6661
89;122;86.6443
90;121;-5.19397
90;122;-83.2166
91;121;72.4897
91;122;69.3954
92;121;-21.0085
92;122;-29.9585
93;121;-91.1852
93;122;84.2201
94;121;-43.7068
94;122;-23.4466
95;121;-23.3512
95;122;-51.0073
96;121;-26.6976
96;122;2.60473
97;121;55.2011
97;122;-86.8386
98;121;86.175
98;122;-21.3645
99;121;-18.9823
99;122;-30.9357
100;121;-18.2426
100;122;-85.0759
101;121;-85.0322
101;122;-37.4423
102;121;-5.34959
102;122;20.2298
103;121;-78.2785
103;122;-31.8704
104;121;-46.3615
104;122;-3.01791
105;121;-94.0566
105;122;-31.5526
106;121;13.7655
106;122;-51.7139
107;121;-25.0473
107;122;-74.0673
108;121;-68.5628
108;122;-89.8822
109;121;89.5947
109;122;-55.9142
110;121;58.2522
110;122;-18.8889
111;121;108.629
111;122;-4.55099
112;121;9.23436
112;122;74.5857
113;121;-37.842
113;122;28.5161
114;121;41.4111
114;122;-46.4777
115;121;-27.5591
115;122;-14.6582
116;121;-92.563
116;122;76.145
117;121;-71.9302
117;122;94.7817
118;121;-60.9116
118;122;25.8263
119;121;-34.183
119;122;-59.5234
120;121;-38.7981
120;122;-5.94591
11;125;-67.2869
125;121;-72.887
