1;53;-14.7125
1;54;8.12072
1;55;-13.2227
2;53;-4.64843
2;54;8.50153
2;55;-6.04897
3;53;2.73566
3;54;-8.16271
3;55;6.19725
4;53;1.0794
4;54;-0.248604
4;55;-8.34804
5;53;-6.13565
5;54;0.268018
5;55;-1.49857
6;53;5.2905
6;54;9.91824
6;55;9.62906
7;53;4.25434
7;54;-5.0493
7;55;3.54429
8;53;-4.50667
8;54;-7.25537
8;55;7.04055
9;53;-6.86642
9;54;10.7195
9;55;2.56067
10;53;-3.36061
10;54;7.34224
10;55;-5.63486
11;53;-7.2775
11;54;-7.00073
11;55;3.49745
12;53;3.9595
12;54;-5.65019
12;55;-7.27786
13;53;5.99732
13;54;9.4555
13;55;-2.352
14;53;2.19457
14;54;3.01432
14;55;0.146533
15;53;3.84653
15;54;7.83059
15;55;5.6344
16;53;1.56334
16;54;8.69786
16;55;7.20435
17;53;-8.34846
17;54;8.98654
17;55;2.21418
18;53;4.69616
18;54;0.142449
18;55;0.00815582
19;53;7.80465
19;54;-2.92163
19;55;-8.70239
20;53;9.78231
20;54;-1.28224
20;55;5.76555
21;53;-2.03421
21;54;-9.66727
21;55;1.35915
22;53;8.67791
22;54;-0.488875
22;55;-3.00875
23;53;5.46606
23;54;0.204974
23;55;-6.82051
24;53;3.35448
24;54;-6.08337
24;55;-9.21439
25;53;-5.63808
25;54;0.135528
25;55;12.735
26;53;-6.68401
26;54;9.47083
26;55;-8.63779
27;53;3.96458
27;54;-1.89535
27;55;-7.97049
28;53;2.02756
28;54;7.54691
28;55;2.17196
29;53;-9.75282
29;55;9.25033
30;53;-1.0065
30;54;-9.39148
30;55;2.96809
31;53;-2.36664
31;54;3.2659
31;55;-2.89429
32;53;-8.27331
32;54;4.91658
32;55;2.42943
33;53;2.90315
33;54;6.3747
33;55;9.29726
34;53;7.92985
34;54;4.64981
34;55;-5.6835
35;53;-1.81021
35;54;3.40257
35;55;-4.27822
36;53;5.22367
36;54;-1.92165
36;55;-1.1852
37;53;0.631662
37;54;11.5744
37;55;-11.0973
38;53;2.32325
38;54;-4.35165
38;55;-5.47787
39;53;8.92786
39;54;2.48986
39;55;4.14122
40;53;0.923125
40;54;-8.51663
40;55;7.12984
41;53;-6.08494
41;54;-5.88327
41;55;8.18657
42;53;5.2095
42;55;-2.64632
43;53;3.6889
43;54;-6.8318
43;55;-3.09295
44;53;3.13306
44;54;2.53158
44;55;6.31356
45;53;1.68977
45;54;-5.51324
45;55;9.57943
46;53;4.80009
46;54;12.1884
46;55;5.49638
47;53;7.96943
47;54;4.90143
47;55;-8.68299
48;53;9.78517
48;54;-8.94942
48;55;-4.44293
49;53;-6.47579
49;54;0.430018
49;55;8.04694
50;53;-9.20427
50;54;3.13
50;55;9.94768
51;53;7.92557
51;54;-9.75564
51;55;-1.35297
52;53;7.2393
52;54;0.404202
52;55;-1.40773
45;9;1.65067
15;14;-1.44958
21;42;10.6933
29;64;-4.02968
64;54;9.40407
47;80;-6.18265
80;55;-8.68299
