1;121;5.55506
1;122;-1.80361
2;121;-7.65918
2;122;5.21428
3;121;2.29937
3;122;8.34145
4;121;-7.44516
4;122;2.22559
5;121;-8.99105
5;122;0.971595
6;121;3.82735
6;122;-7.69265
7;121;9.44689
7;122;2.18569
8;121;2.43388
8;122;-8.0474
9;121;0.403723
9;122;13.8579
10;121;-0.123251
10;122;0.771061
11;121;7.35842
11;122;-4.6624
12;121;-5.11816
12;122;-8.42053
13;121;-8.31726
13;122;9.86205
14;121;8.34075
14;122;-9.3541
15;121;2.70175
15;122;1.85587
16;121;-4.50888
16;122;-10.1863
17;121;4.97672
17;122;6.53202
18;121;1.90203
18;122;9.61482
19;121;7.55985
19;122;0.374804
20;121;-1.17007
20;122;-9.4929
21;121;-3.90005
21;122;4.71359
22;121;-8.91936
22;122;-9.20671
23;121;-5.55902
23;122;-5.28122
24;121;-4.57059
24;122;-8.77533
25;121;-7.3866
25;122;-12.7184
26;121;9.52656
26;122;-4.26855
27;121;-4.06339
27;122;-0.416603
28;121;1.39944
28;122;-9.40508
29;121;-9.36908
29;122;9.66078
30;121;6.75491
30;122;-4.98752
31;121;4.63877
31;122;5.33725
32;121;-5.93609
32;122;-9.33819
33;121;5.61908
33;122;8.82408
34;121;-5.06401
34;122;9.27597
35;121;-0.801121
35;122;-7.8243
36;121;3.44858
36;122;-5.6554
37;121;8.14619
37;122;-2.98863
38;121;1.33857
38;122;-0.457282
39;121;-8.2676
39;122;-7.94987
40;121;-8.53552
40;122;8.5531
41;121;-9.21935
41;122;0.293947
42;121;7.74198
42;122;7.9617
43;121;-3.86195
43;122;2.56381
44;121;0.70582
44;122;-8.73514
45;121;3.30674
45;122;-6.5723
46;121;7.91655
46;122;9.14853
47;121;-8.68299
47;122;-2.91559
48;121;-1.52454
48;122;-8.59195
49;121;-5.24308
49;122;5.15837
50;121;-3.67817
50;122;0.168683
51;121;-1.07571
51;122;-2.82469
52;121;-4.58626
52;122;-7.5962
53;121;6.09404
53;122;6.63478
54;121;10.9007
54;122;0.0113602
55;121;3.52028
55;122;1.89559
56;121;-4.78074
56;122;0.895257
57;121;6.962
57;122;4.48406
58;121;0.53151
58;122;-3.96761
59;121;-6.52293
59;122;6.88753
60;121;-1.17177
60;122;-7.27208
61;121;9.87
61;122;-8.2737
62;121;4.48673
62;122;-4.34102
63;121;4.18004
63;122;6.71334
64;121;-6.49552
64;122;19.1187
65;121;8.76083
65;122;9.83501
66;121;-8.37277
66;122;-2.31488
67;121;5.02878
67;122;-1.97387
68;121;0.0889225
68;122;-3.98408
69;121;6.88413
69;122;-1.36209
70;121;6.02728
71;121;-0.105473
71;122;-1.15444
72;121;-3.6231
72;122;-7.70812
73;121;3.36589
73;122;4.88099
74;121;-5.34099
74;122;-3.45756
75;121;1.1252
75;122;-9.09924
76;121;7.25074
76;122;7.64484
77;121;-14.0013
77;122;2.46688
78;121;-2.27022
78;122;9.4973
79;121;-1.62783
79;122;9.037
80;121;-7.73503
80;122;-4.98626
81;121;2.2122
81;122;3.96507
82;121;9.9532
82;122;1.73005
83;121;7.11488
83;122;2.69044
84;121;-8.08145
84;122;3.99901
85;121;-0.692213
85;122;12.9458
86;121;-4.83174
86;122;3.11625
87;121;9.81645
87;122;-7.54307
88;121;-5.60381
88;122;0.0842857
89;121;-9.11661
89;122;6.67746
90;121;6.62672
90;122;-6.52275
91;121;7.58305
91;122;0.151978
92;121;13.866
92;122;-4.31025
93;121;-1.45247
93;122;6.21582
94;121;0.399528
94;122;2.53389
95;121;3.92593
95;122;4.79119
96;121;-3.89221
96;122;3.36127
97;121;-3.75932
97;122;8.16659
98;121;-0.969144
98;122;-0.993102
99;121;10.3008
99;122;-6.41723
100;121;-0.168226
100;122;-8.65022
101;121;-0.871712
101;122;-8.12482
102;121;-6.60816
102;122;-1.05526
103;121;9.66922
103;122;-1.95941
104;121;-7.87293
104;122;-7.62103
105;121;-6.63308
105;122;-0.778425
106;121;7.90742
106;122;-9.05002
107;121;5.11866
107;122;9.67445
108;121;9.69908
108;122;0.0380726
109;121;-3.15899
109;122;0.485355
110;121;2.56195
110;122;6.86716
111;121;9.64077
111;122;-3.59124
112;121;5.41548
112;122;-7.97247
113;121;0.793871
113;122;-9.69898
114;121;7.37005
114;122;-0.472674
115;121;9.86346
115;122;-7.79634
116;121;7.18451
116;122;6.11203
117;121;-0.383478
117;122;9.95197
118;121;8.62259
118;122;1.40742
119;121;8.79017
119;122;-0.113657
120;121;-4.18442
120;122;6.16976
57;67;10.2031
