
---- Results of cofig: ----
  keep=0.469
  threshold=2.016
  interSpeciesRate=0.001
  noCrossoverOff=0.172
  probabilityWeightMutated=0.884
  probabilityAddNodeSmall=0.033
  probabilityAddLink_small=0.014
  probabilityAddNodeLarge=0.042
  probabilityAddLink_Large=0.164
  largeSize=20
  c1=0.736
  c2=0.661
  c3=0.402
  numberGenomes=50
  numberInputs=120
  numberOutputs=2
  evolutions=50
  n_max=300
  learningRate=10
  inputWeights=110,150
  weightsRange=-100,100
  process_max=25
  function=
  folder=results/trial-7

--Results of run:0 --
Best Genome 
Genome id: 795
Genome fitness: 0.87
   IN  OUT    Weight  Innov
    1  121   55.5506      1
    1  122   94.9868      2
    2  121   48.7536      3
    2  122   16.2831      4
    3  121   23.8396      5
    3  122  -94.8461      6
    4  121   98.8993      7
    4  122  -45.5544      8
    5  121   2.41947      9
    5  122   9.71595     10
    6  121  -44.0802     11
    6  122  -26.9265     12
    7  121   16.4807     13
    7  122   11.8569     14
    8  121   1.41781     15
    8  122   95.2959     16
    9  121    67.837     17
    9  122   88.5792     18
   10  121   43.1598     19
   10  122    96.396     20
   11  121   97.3962     21
   11  122  -93.9105     22
   12  121   30.2205     23
   12  122  -84.2053     24
   13  121  -83.1726     25
   13  122   25.7224     26
   14  121   55.5139     27
   14  122  -60.6682     28
   15  121   59.7632     29
   15  122  -26.0034     30
   16  121   76.3758     31
   16  122   88.5657     32
   17  121   -53.821     33
   17  122  -56.2723     34
   18  121   4.84875     35
   18  122   76.9828     36
   19  121   10.4061     37
   19  122  -13.0899     38
   20  121  -33.3669     39
   20  122   -86.264     40
   21  121  -68.6676     41
   21  122   98.8951     42
   22  121   12.5251     43
   22  122  -73.4885     44
   23  121  -55.5902     45
   23  122  -6.74934     46
   24  121   37.1776     47
   24  122  -13.8194     48
   25  121  -92.3996     49
   25  122   78.9618     50
   26  121   95.2656     51
   26  122  -80.6081     52
   27  121  -13.5236     53
   27  122    25.486     54
   28  121   22.9562     55
   28  122   37.5091     56
   29  121   25.1796     57
   29  122  -2.59811     58
   30  121  -77.9022     59
   30  122   41.3151     60
   31  121  -5.92022     61
   31  122   69.9782     62
   32  121   -16.608     63
   32  122    37.049     64
   33  121  -68.8455     65
   33  122  -91.5714     66
   34  121  -38.1685     67
   34  122  -68.1875     68
   35  121  -27.6475     69
   35  122   28.4646     70
   36  121   34.4858     71
   36  122    5.4528     72
   37  121   96.1912     73
   37  122  -93.1117     74
   38  121    76.292     75
   38  122  -4.57281     76
   39  121  -39.4802     77
   39  122   81.2329     78
   40  121  -28.5757     79
   40  122   54.1296     80
   41  121   22.4827     81
   41  122   2.93948     82
   42  121  -43.4806     83
   42  122   52.0283     84
   43  121   36.7889     85
   43  122  -37.1574     86
   44  121   85.5662     87
   44  122  -9.76325     88
   45  121   33.0674     89
   45  122  -39.4799     90
   46  121   85.0631     91
   46  122  -37.5722     92
   47  121   44.9117     93
   47  122   -23.825     94
   48  121  -61.2297     95
   48  122   66.0662     96
   49  121  -43.3042     97
   49  122  -91.4122     98
   50  121   2.71394     99
   50  122   27.4094    100
   51  121  -87.4379    101
   51  122   69.4583    102
   52  121  -45.8626    103
   52  122  -27.2441    104
   53  121   49.4458    105
   53  122   60.5424    106
   54  121    58.217    107
   54  122  0.113609    108
   55  121  -32.6616    109
   55  122   62.2258    110
   56  121  -41.5667    111
   56  122   25.6981    112
   57  121  -40.5728    113
   57  122   38.4441    114
   58  121  -89.1795    115
   58  122   98.0456    116
   59  121   92.7547    117
   59  122  -90.2883    118
   60  121   -1.7177    119
   60  122   8.82831    120
   61  121  -92.9893    121
   61  122  -49.6078    122
   62  121   44.8674    123
   62  122   91.3715    124
   63  121  -45.8807    125
   63  122  -36.4438    126
   64  121  -74.4448    127
   64  122   92.5639    128
   65  121  -95.5967    129
   65  122   20.2569    130
   66  121  -18.9178    131
   66  122   98.1186    132
   67  121  -31.2801    133
   67  122  -5.06257    134
   68  121   27.3724    135
   68  122   8.41598    136
   69  121   68.8414    137
   69  122   93.8034    138
   70  121   60.2728    139
   70  122   4.04417    140
   71  121   53.0597    141
   71  122  -81.2939    142
   72  121   50.1648    143
   72  122  -48.4123    144
   73  121  -88.1711    145
   73  122  -41.4606    146
   74  121   86.6283    147
   74  122   82.1452    148
   75  121  -84.0614    149
   75  122   52.7064    150
   76  121  -87.9996    151
   76  122  -9.78699    152
   77  121  -35.7626    153
   77  122  -34.2854    154
   78  121   78.4124    155
   78  122  -75.8466    156
   79  121   43.1878    157
   79  122  -38.8398    158
   80  121  -77.3503    159
   80  122   72.9168    160
   81  121   41.4644    161
   81  122   83.8921    162
   82  121    99.532    163
   82  122   58.3026    164
   83  121     89.77    165
   83  122   71.2437    166
   84  121  -80.8145    167
   84  122  -41.6863    168
   85  121   -64.618    169
   85  122   79.4583    170
   86  121  -55.9657    171
   86  122   19.9062    172
   87  121   32.2038    173
   87  122   54.0179    174
   88  121   -10.977    175
   88  122   31.8233    176
   89  121  -23.1096    177
   89  122  -90.2517    178
   90  121   50.9487    179
   90  122  -7.23748    180
   91  121  -91.5805    181
   91  122   23.4561    182
   92  121    61.662    183
   92  122   1.10886    184
   93  121    12.962    185
   93  122    76.502    186
   94  121   15.2623    187
   94  122   5.69164    188
   95  121   92.1483    189
   95  122  -22.9978    190
   96  121  -38.9221    191
   96  122   94.4102    192
   97  121   17.7424    193
   97  122  -39.3901    194
   98  121  -7.36098    195
   98  122  -21.3645    196
   99  121   87.5143    197
   99  122   -81.242    198
  100  121  -71.1186    199
  100  122  -77.9928    200
  101  121   24.4918    201
  101  122    55.264    202
  102  121   67.1411    203
  102  122  -10.5526    204
  103  121  -63.2866    205
  103  122  -31.8704    206
  104  121  -90.9723    207
  104  122  -95.7833    208
  105  121  -34.0876    209
  105  122   72.2194    210
  106  121   90.2986    211
  106  122  -31.0667    212
  107  121  -3.58672    213
  107  122  -4.33363    214
  108  121  -68.5628    215
  108  122   36.5062    216
  109  121    79.992    217
  109  122   11.0394    218
  110  121   59.4777    219
  110  122  -39.4416    220
  111  121   23.1364    221
  111  122  -85.9124    222
  112  121   82.8317    223
  112  122   76.6937    224
  113  121   83.5329    225
  113  122  -8.37027    226
  114  121  -2.23128    227
  114  122   71.0472    228
  115  121   39.1348    229
  115  122  -14.6582    230
  116  121   71.8451    231
  116  122   18.8586    232
  117  121  -32.6804    233
  117  122   97.6874    234
  118  121   79.3649    235
  118  122  -69.9355    236
  119  121   95.1503    237
  119  122  -59.5234    238
  120  121  -30.3997    239
  120  122  -38.9374    240

Summerized results: 
run: 0 bestFitness: 0
Max fitness: 0
Percentage: 100% (1 of 1)
--------------------------------------------------------------
