1;121;-31.453
1;122;56.1521
2;121;42.7157
2;122;59.688
3;121;49.8886
3;122;5.65234
4;121;4.0903
4;122;-87.9066
5;121;71.7732
5;122;10.9605
6;121;35.3958
6;122;38.6013
7;121;69.3593
7;122;-88.846
8;121;-83.4053
8;122;-89.6698
9;121;27.1423
9;122;-95.0739
10;121;-30.6308
10;122;-71.6376
11;121;-22.8948
11;122;-95.8021
12;121;-30.8998
12;122;17.2273
13;121;-68.6642
13;122;-9.81112
14;121;85.0994
14;122;-78.2382
15;121;-55.4541
15;122;-56.3486
16;121;-46.5503
16;122;67.8224
17;121;22.528
17;122;71.8291
18;121;-12.3516
18;122;-93.1201
19;121;-1.2834
19;122;43.434
20;121;-30.5607
20;122;40.9513
21;121;-8.55206
21;122;67.0032
22;121;-27.1118
22;122;-24.1978
23;121;-24.5632
23;122;-8.75005
24;121;86.7162
24;122;83.8053
25;121;-66.4679
25;122;99.1241
26;121;-85.6836
26;122;-82.7888
27;121;99.22
27;122;-84.7818
28;121;2.87034
28;122;-45.8586
29;121;92.8023
29;122;34.9839
30;121;-81.136
30;122;4.97966
31;121;56.5065
31;122;32.8486
32;121;69.3264
32;122;60.715
33;121;30.6559
33;122;3.56271
34;121;-24.9586
34;122;43.2494
35;121;85.5246
35;122;65.526
36;121;32.6099
36;122;29.7453
37;121;30.3735
37;122;-87.4637
38;121;-15.7117
38;122;57.4937
39;121;-43.1413
39;122;-36.39
40;121;47.2266
40;122;-58.3445
41;121;74.2876
41;122;-84.0584
42;121;-11.9791
42;122;-72.75
43;121;65.8402
43;122;-23.2975
44;121;48.4243
44;122;-34.2164
45;121;64.7318
45;122;-9.10174
46;121;79.5766
46;122;18.9437
47;121;14.6155
47;122;-23.825
48;121;-99.4755
48;122;37.4588
49;121;-83.416
49;122;62.9534
50;121;-19.2919
50;122;-18.6205
51;121;-3.50187
51;122;47.1445
52;121;20.3654
52;122;67.1065
53;121;74.3261
53;122;-37.9435
54;121;-7.14993
54;122;73.0114
55;121;-23.57
55;122;68.6358
56;121;-4.96722
56;122;99.705
57;121;-0.846565
57;122;-54.2712
58;121;-62.4934
58;122;-93.1947
59;121;39.7959
59;122;41.6842
60;121;73.3188
60;122;84.2809
61;121;-92.9893
61;122;41.1275
62;121;-72.228
62;122;-43.6706
63;121;96.9503
63;122;84.7663
64;121;36.889
64;122;-29.2968
65;121;17.7692
65;122;72.77
66;121;-20.1875
66;122;70.213
67;121;44.3251
67;122;68.3963
68;121;-54.4096
68;122;-66.2445
69;121;-40.4216
69;122;-70.2923
70;121;9.24969
70;122;49.0143
71;121;69.202
71;122;59.3586
72;121;25.7783
72;122;4.31268
73;121;-64.7579
73;122;85.0839
74;121;59.5596
74;122;37.1601
75;121;-86.9419
75;122;37.7152
76;121;27.8917
76;122;92.3191
77;121;-86.6677
77;122;4.95733
78;121;58.2634
78;122;-68.944
79;121;-97.6639
79;122;-59.069
80;121;16.9136
80;122;-52.5979
81;121;87.8587
81;122;-48.8343
82;121;7.03752
82;122;-68.4386
83;121;99.9987
83;122;-59.1343
84;121;-68.9596
84;122;-94.6841
85;121;-55.4044
85;122;38.6621
86;121;0.969063
86;122;94.1219
87;121;56.0306
87;122;-67.2914
88;121;-44.8095
88;122;54.5186
89;121;-49.239
89;122;-34.6264
90;121;-79.4621
90;122;63.939
91;121;-46.676
91;122;-35.9777
92;121;-85.0643
92;122;-58.6768
93;121;-64.89
93;122;99.3621
94;121;26.131
94;122;-58.1324
95;121;41.7631
95;122;40.8514
96;121;23.9555
96;122;-77.4005
97;121;66.8423
97;122;-15.5204
98;121;-82.3925
98;122;49.5606
99;121;93.3922
99;122;-53.6289
100;121;28.6752
100;122;-7.12142
101;121;8.62337
101;122;30.8209
102;121;35.9577
102;122;96.7191
103;121;-74.1307
103;122;15.9114
104;121;-51.2945
104;122;44.4861
105;121;77.7897
105;122;82.0038
106;121;67.4835
106;122;-22.9437
107;121;-68.9763
107;122;-61.5916
108;121;-68.5628
108;122;48.0253
109;121;-34.2446
109;122;-33.948
110;121;-85.1678
110;122;90.7746
111;121;80.2579
111;122;-85.9124
112;121;21.6
112;122;-81.6271
113;121;-60.9044
113;122;-38.5622
114;121;-52.3527
114;122;-44.8504
115;121;-50.4629
115;122;-52.1181
116;121;42.7309
116;122;86.6955
117;121;5.23459
117;122;69.5369
118;121;26.8771
118;122;-79.2498
119;121;-31.0114
119;122;59.4673
120;121;36.9786
120;122;-60.5678
