
---- Results of cofig: ----
  keep=0.445
  threshold=2.263
  interSpeciesRate=0.001
  noCrossoverOff=0.201
  probabilityWeightMutated=0.76
  probabilityAddNodeSmall=0.027
  probabilityAddLink_small=0.023
  probabilityAddNodeLarge=0.13
  probabilityAddLink_Large=0.096
  largeSize=20
  c1=0.727
  c2=0.697
  c3=0.356
  numberGenomes=50
  numberInputs=120
  numberOutputs=2
  evolutions=50
  n_max=300
  learningRate=10
  inputWeights=110,150
  weightsRange=-100,100
  process_max=25
  function=
  folder=results/trial-12

--Results of run:0 --
Best Genome 
Genome id: 1334
Genome fitness: 0.82
   IN  OUT    Weight  Innov
    1  121   -31.453      1
    1  122   56.1521      2
    2  121   42.7157      3
    2  122    59.688      4
    3  121   49.8886      5
    3  122   5.65234      6
    4  121    4.0903      7
    4  122  -87.9066      8
    5  121   71.7732      9
    5  122   10.9605     10
    6  121   35.3958     11
    6  122   38.6013     12
    7  121   69.3593     13
    7  122   -88.846     14
    8  121  -83.4053     15
    8  122  -89.6698     16
    9  121   27.1423     17
    9  122  -95.0739     18
   10  121  -30.6308     19
   10  122  -71.6376     20
   11  121  -22.8948     21
   11  122  -95.8021     22
   12  121  -30.8998     23
   12  122   17.2273     24
   13  121  -68.6642     25
   13  122  -9.81112     26
   14  121   85.0994     27
   14  122  -78.2382     28
   15  121  -55.4541     29
   15  122  -56.3486     30
   16  121  -46.5503     31
   16  122   67.8224     32
   17  121    22.528     33
   17  122   71.8291     34
   18  121  -12.3516     35
   18  122  -93.1201     36
   19  121   -1.2834     37
   19  122    43.434     38
   20  121  -30.5607     39
   20  122   40.9513     40
   21  121  -8.55206     41
   21  122   67.0032     42
   22  121  -27.1118     43
   22  122  -24.1978     44
   23  121  -24.5632     45
   23  122  -8.75005     46
   24  121   86.7162     47
   24  122   83.8053     48
   25  121  -66.4679     49
   25  122   99.1241     50
   26  121  -85.6836     51
   26  122  -82.7888     52
   27  121     99.22     53
   27  122  -84.7818     54
   28  121   2.87034     55
   28  122  -45.8586     56
   29  121   92.8023     57
   29  122   34.9839     58
   30  121   -81.136     59
   30  122   4.97966     60
   31  121   56.5065     61
   31  122   32.8486     62
   32  121   69.3264     63
   32  122    60.715     64
   33  121   30.6559     65
   33  122   3.56271     66
   34  121  -24.9586     67
   34  122   43.2494     68
   35  121   85.5246     69
   35  122    65.526     70
   36  121   32.6099     71
   36  122   29.7453     72
   37  121   30.3735     73
   37  122  -87.4637     74
   38  121  -15.7117     75
   38  122   57.4937     76
   39  121  -43.1413     77
   39  122    -36.39     78
   40  121   47.2266     79
   40  122  -58.3445     80
   41  121   74.2876     81
   41  122  -84.0584     82
   42  121  -11.9791     83
   42  122    -72.75     84
   43  121   65.8402     85
   43  122  -23.2975     86
   44  121   48.4243     87
   44  122  -34.2164     88
   45  121   64.7318     89
   45  122  -9.10174     90
   46  121   79.5766     91
   46  122   18.9437     92
   47  121   14.6155     93
   47  122   -23.825     94
   48  121  -99.4755     95
   48  122   37.4588     96
   49  121   -83.416     97
   49  122   62.9534     98
   50  121  -19.2919     99
   50  122  -18.6205    100
   51  121  -3.50187    101
   51  122   47.1445    102
   52  121   20.3654    103
   52  122   67.1065    104
   53  121   74.3261    105
   53  122  -37.9435    106
   54  121  -7.14993    107
   54  122   73.0114    108
   55  121    -23.57    109
   55  122   68.6358    110
   56  121  -4.96722    111
   56  122    99.705    112
   57  121 -0.846565    113
   57  122  -54.2712    114
   58  121  -62.4934    115
   58  122  -93.1947    116
   59  121   39.7959    117
   59  122   41.6842    118
   60  121   73.3188    119
   60  122   84.2809    120
   61  121  -92.9893    121
   61  122   41.1275    122
   62  121   -72.228    123
   62  122  -43.6706    124
   63  121   96.9503    125
   63  122   84.7663    126
   64  121    36.889    127
   64  122  -29.2968    128
   65  121   17.7692    129
   65  122     72.77    130
   66  121  -20.1875    131
   66  122    70.213    132
   67  121   44.3251    133
   67  122   68.3963    134
   68  121  -54.4096    135
   68  122  -66.2445    136
   69  121  -40.4216    137
   69  122  -70.2923    138
   70  121   9.24969    139
   70  122   49.0143    140
   71  121    69.202    141
   71  122   59.3586    142
   72  121   25.7783    143
   72  122   4.31268    144
   73  121  -64.7579    145
   73  122   85.0839    146
   74  121   59.5596    147
   74  122   37.1601    148
   75  121  -86.9419    149
   75  122   37.7152    150
   76  121   27.8917    151
   76  122   92.3191    152
   77  121  -86.6677    153
   77  122   4.95733    154
   78  121   58.2634    155
   78  122   -68.944    156
   79  121  -97.6639    157
   79  122   -59.069    158
   80  121   16.9136    159
   80  122  -52.5979    160
   81  121   87.8587    161
   81  122  -48.8343    162
   82  121   7.03752    163
   82  122  -68.4386    164
   83  121   99.9987    165
   83  122  -59.1343    166
   84  121  -68.9596    167
   84  122  -94.6841    168
   85  121  -55.4044    169
   85  122   38.6621    170
   86  121  0.969063    171
   86  122   94.1219    172
   87  121   56.0306    173
   87  122  -67.2914    174
   88  121  -44.8095    175
   88  122   54.5186    176
   89  121   -49.239    177
   89  122  -34.6264    178
   90  121  -79.4621    179
   90  122    63.939    180
   91  121   -46.676    181
   91  122  -35.9777    182
   92  121  -85.0643    183
   92  122  -58.6768    184
   93  121    -64.89    185
   93  122   99.3621    186
   94  121    26.131    187
   94  122  -58.1324    188
   95  121   41.7631    189
   95  122   40.8514    190
   96  121   23.9555    191
   96  122  -77.4005    192
   97  121   66.8423    193
   97  122  -15.5204    194
   98  121  -82.3925    195
   98  122   49.5606    196
   99  121   93.3922    197
   99  122  -53.6289    198
  100  121   28.6752    199
  100  122  -7.12142    200
  101  121   8.62337    201
  101  122   30.8209    202
  102  121   35.9577    203
  102  122   96.7191    204
  103  121  -74.1307    205
  103  122   15.9114    206
  104  121  -51.2945    207
  104  122   44.4861    208
  105  121   77.7897    209
  105  122   82.0038    210
  106  121   67.4835    211
  106  122  -22.9437    212
  107  121  -68.9763    213
  107  122  -61.5916    214
  108  121  -68.5628    215
  108  122   48.0253    216
  109  121  -34.2446    217
  109  122   -33.948    218
  110  121  -85.1678    219
  110  122   90.7746    220
  111  121   80.2579    221
  111  122  -85.9124    222
  112  121      21.6    223
  112  122  -81.6271    224
  113  121  -60.9044    225
  113  122  -38.5622    226
  114  121  -52.3527    227
  114  122  -44.8504    228
  115  121  -50.4629    229
  115  122  -52.1181    230
  116  121   42.7309    231
  116  122   86.6955    232
  117  121   5.23459    233
  117  122   69.5369    234
  118  121   26.8771    235
  118  122  -79.2498    236
  119  121  -31.0114    237
  119  122   59.4673    238
  120  121   36.9786    239
  120  122  -60.5678    240

Summerized results: 
run: 0 bestFitness: 0
Max fitness: 0
Percentage: 100% (1 of 1)
--------------------------------------------------------------
