1;121;-8.16152
1;122;-1.89567
2;121;2.88366
2;122;1.62831
3;121;9.43599
3;122;4.37773
4;121;-8.86233
4;122;-6.44176
5;121;-5.41841
5;122;-1.99704
6;121;-4.40802
6;122;-7.69265
7;121;4.49751
7;122;2.18569
8;121;-3.88255
8;122;4.9264
9;121;6.7837
9;122;-8.41753
10;121;-9.58014
10;122;8.30188
11;121;9.73962
11;122;-9.69561
12;121;-3.62943
12;122;-9.98096
13;121;-8.31726
13;122;7.43873
14;121;7.546
14;122;-8.53065
15;121;-4.05256
15;122;-7.38322
16;121;-8.06791
16;122;-5.18634
17;121;0.721108
17;122;-9.01054
18;121;0.484874
18;122;-6.89493
19;121;7.55985
19;122;0.374804
20;121;-3.33832
20;122;3.77328
21;121;-3.6536
21;122;5.96314
22;121;-3.91936
22;122;-2.99474
23;121;7.28893
23;122;1.22241
24;121;-8.06835
24;122;-8.77533
25;121;-6.64679
25;122;8.89618
26;121;9.52656
26;122;-0.449327
27;121;8.91218
27;122;-6.65444
28;121;4.89461
28;122;-9.40508
29;121;-3.81887
29;122;8.73664
30;121;6.75491
30;122;4.48263
31;121;2.35697
31;122;-2.99839
32;121;6.6745
32;122;-1.92192
33;121;-7.88455
33;122;8.82408
34;121;-3.81685
34;122;9.6753
35;121;8.61715
35;122;8.87303
36;121;4.03908
36;122;-4.24852
37;121;8.58937
37;122;-6.08128
38;121;6.33857
38;122;-1.45389
39;121;6.96964
39;122;6.76797
40;121;0.767392
40;122;5.41296
41;121;-0.950476
41;122;2.41879
42;121;-4.34806
42;122;5.20282
43;121;9.7032
43;122;9.85824
44;121;7.90504
44;122;-0.976325
45;121;-3.20844
45;122;10.5578
46;121;0.51696
46;122;3.44701
47;121;4.49117
47;122;4.28524
48;121;-7.77339
48;122;1.60662
49;121;-4.33042
49;122;0.113193
50;121;7.62173
50;122;-0.0104809
51;121;-8.74379
51;122;8.62367
52;121;-4.58626
52;122;-3.64205
53;121;-9.66125
53;122;6.05424
54;121;5.8217
54;122;-3.36944
55;121;-9.71698
55;122;-3.33194
56;121;-5.41087
56;122;2.56981
57;121;3.10923
57;122;3.84441
58;121;0.53151
58;122;9.80455
59;121;-1.45336
59;122;1.43512
60;121;-5.62945
60;122;6.78381
61;121;6.81657
61;122;-9.35279
62;121;7.62156
62;122;8.13917
63;121;4.18004
63;122;-6.61271
64;121;5.74377
64;122;4.43843
65;121;8.76083
65;122;-2.55093
66;121;-6.9557
66;122;-3.6207
67;121;-8.24381
67;122;8.78166
68;121;4.26419
68;122;-6.31889
69;121;6.88413
69;122;-6.36209
70;121;9.70114
70;122;-4.93665
71;121;0.305969
71;122;-8.12938
72;121;6.24128
72;122;2.9644
73;121;3.36589
73;122;-3.33357
74;121;2.07253
74;122;2.78527
75;121;2.49183
75;122;-9.09924
76;121;4.25434
76;122;-0.9787
77;121;-1.7647
77;122;-7.34955
78;121;3.56717
78;122;-1.83813
79;121;-1.54919
79;122;-8.9365
80;121;-7.73503
80;122;8.5739
81;121;-6.41617
81;122;3.47583
82;121;-2.47978
82;122;-4.78772
83;121;7.11488
83;122;-1.24931
84;121;1.52401
84;122;3.01722
85;121;7.07627
85;122;6.83568
86;121;-2.54505
86;122;6.63432
87;121;9.81645
87;122;-5.03052
88;121;7.34792
88;122;3.89162
89;121;-9.11661
89;122;6.01075
90;121;1.81477
90;122;-8.32166
91;121;-4.27168
91;122;-4.10291
92;121;-3.1394
92;122;0.110886
93;121;-5.91692
93;122;7.09407
94;121;8.10193
94;122;-9.66459
95;121;9.21483
95;122;4.79119
96;121;2.39555
96;122;3.36127
97;121;-6.13565
97;122;-3.93901
98;121;2.03336
98;122;-1.11088
99;121;5.30083
99;122;3.30421
100;121;1.98694
100;122;-12.3751
101;121;3.74344
101;122;-2.70843
102;121;1.71411
102;122;-1.05526
103;121;-9.68199
103;122;-1.95941
104;121;4.28264
104;122;-7.62103
105;121;-7.17629
105;122;7.22194
106;121;5.32698
106;122;-3.67734
107;121;-0.432456
107;122;1.77337
108;121;8.57771
108;122;3.65062
109;121;3.83571
109;122;1.10394
110;121;-9.61133
110;122;-1.72068
111;121;8.02579
111;122;-3.86276
112;121;4.79571
112;122;7.01326
113;121;4.24918
113;122;-1.31899
114;121;-0.223127
114;122;-0.876935
115;121;-9.63266
115;122;-7.79817
116;121;3.67977
116;122;-0.179224
117;121;-2.79161
117;122;3.89862
118;121;7.93649
118;122;1.40742
119;121;9.4778
119;122;-9.93644
120;121;9.94957
120;122;-3.89374
