1;53;-9.0205
1;54;8.12072
1;55;-5.65253
2;53;-9.76509
2;54;8.50153
2;55;2.43849
3;53;5.04242
3;54;-6.49007
3;55;6.19725
4;53;9.22177
4;54;-6.30364
4;55;-0.380516
5;53;-6.13565
5;54;8.16659
5;55;-8.02285
6;53;-3.72824
6;54;-3.92342
6;55;-0.411467
7;53;-6.20574
7;54;6.99824
7;55;7.73984
8;53;-7.71602
8;54;7.79397
8;55;7.04055
9;53;-3.84474
9;54;5.71954
9;55;-4.65834
10;53;-0.226076
10;54;4.08238
10;55;-0.117552
11;53;-2.2775
11;54;-9.41979
11;55;8.61333
12;53;-7.44162
12;54;-6.72686
12;55;-7.27786
13;53;0.316702
13;54;-0.893855
13;55;-13.0263
14;53;2.19457
14;54;-0.10745
14;55;0.327276
15;53;-8.36834
15;54;0.177225
15;55;5.6344
16;53;5.4554
16;54;14.9888
16;55;8.11882
17;53;-4.57749
17;54;5.31147
17;55;0.0716105
18;53;5.07104
18;54;-9.19519
18;55;-2.84885
19;53;-0.273086
19;54;-2.92163
19;55;6.42257
20;53;5.18701
20;54;5.41194
20;55;5.76555
21;53;-5.00946
21;54;-3.04726
21;55;1.16037
22;53;-2.33804
22;54;13.0679
22;55;0.859446
23;53;4.61353
23;54;-5.90557
23;55;-4.39906
24;53;-8.72207
24;54;3.7385
24;55;1.69044
25;53;-5.63808
25;54;4.28689
26;53;0.152342
26;54;8.82317
26;55;-6.81391
27;53;-1.71368
27;54;-0.754326
27;55;6.47631
28;53;9.47503
28;54;-0.845911
28;55;-8.51807
29;53;9.74384
29;54;1.65895
29;55;2.96334
30;53;2.73771
30;54;-9.99554
30;55;2.96809
31;53;1.59931
31;54;-7.82734
31;55;2.17553
32;53;8.9925
32;54;-4.8293
32;55;9.01922
33;53;-8.26657
33;54;-1.06248
33;55;9.29726
34;53;1.49935
34;54;2.21926
34;55;-8.10283
35;53;3.3596
35;54;6.58118
35;55;0.721782
36;53;6.48245
36;54;-6.92165
36;55;-9.99839
37;53;5.73952
37;54;5.92502
37;55;-9.44977
38;53;7.24851
38;54;-4.35165
38;55;-2.1817
39;53;8.92786
39;54;-4.10447
39;55;4.14122
40;53;0.31286
40;54;8.91587
40;55;0.264437
41;53;-7.95388
41;54;-0.883274
41;55;2.52159
42;53;7.71118
42;54;2.68833
42;55;-2.64632
43;53;3.73321
43;54;-0.351482
43;55;-9.08022
44;53;5.83451
44;54;9.31003
44;55;8.64642
45;53;-8.91674
45;54;-5.38912
45;55;9.57943
46;53;-7.1372
46;54;2.18838
46;55;-7.34222
47;53;-2.68059
47;54;2.68841
47;55;-9.10018
48;53;-1.23296
48;54;9.86404
48;55;-4.44293
49;53;-13.4467
49;54;6.71394
49;55;0.1707
50;53;9.53776
50;54;9.19049
50;55;5.58247
51;53;7.42249
51;54;-4.75564
51;55;-5.53276
52;53;7.2393
52;54;-13.265
52;55;-4.10969
5;56;4.48673
56;55;-1.49857
2;57;13.4232
57;53;4.53692
9;62;-3.18455
62;55;0.75676
