1;121;5.55506
1;122;-1.80361
2;121;6.99712
2;122;1.33455
3;121;7.97756
3;122;-8.59498
4;121;9.02534
4;122;-4.55544
5;121;3.30989
5;122;0.971595
6;121;5.41194
6;122;-2.69265
7;121;3.34681
7;122;-9.8106
8;121;-0.108017
8;122;-3.73541
9;121;-1.41563
9;122;8.85792
10;121;-3.06308
10;122;-1.46193
11;121;6.57915
11;122;-9.39105
12;121;-5.65019
12;122;-8.42053
13;121;1.12847
13;122;3.63252
14;121;8.02059
14;122;-7.03529
15;121;5.65262
15;122;3.93201
16;121;-1.91683
16;122;4.40501
17;121;-4.27889
17;122;-9.01054
18;121;7.88217
18;122;9.61482
19;121;7.55985
19;122;5.99291
20;121;-0.332394
20;122;4.69616
21;121;-4.27255
21;122;-8.70825
22;121;6.85717
22;122;-4.34533
23;121;0.997777
23;122;-7.79146
24;121;2.75542
24;122;-3.77533
25;121;-6.83969
25;122;8.89618
26;121;3.60359
26;122;2.74392
27;121;9.22028
27;122;-7.47968
28;121;1.39944
28;122;7.30171
29;121;-3.81887
29;122;3.28829
30;121;7.00123
30;122;0.574107
31;121;2.35697
31;122;-2.08797
32;121;0.771131
32;122;-6.92192
33;121;-7.88455
33;122;-6.87415
34;121;4.64326
34;122;14.276
35;121;2.90906
35;122;7.84645
36;121;8.40959
36;122;2.17196
37;121;3.97964
37;122;-2.98863
38;121;8.6292
38;122;6.32019
39;121;-12.0965
39;122;6.76797
40;121;0.0141306
40;122;5.41296
41;121;9.04952
41;122;8.9925
42;121;-1.47154
42;122;-9.05868
43;121;-3.86195
43;122;2.79596
44;121;-2.33987
44;122;8.33816
45;121;3.30674
45;122;-1.08414
46;122;-1.55299
47;121;4.49117
47;122;1.9456
48;121;-1.52454
48;122;-2.57935
49;121;1.37237
49;122;1.28968
50;121;6.28192
50;122;-1.10636
51;121;-8.74379
51;122;8.32738
52;121;-7.51527
52;122;-3.64205
53;121;0.577842
53;122;-2.82105
54;121;0.997887
54;122;-3.58396
55;121;4.67946
55;122;1.89559
56;121;0.0188217
56;122;7.56981
57;121;7.68636
57;122;1.49527
58;121;-0.772603
58;122;9.80455
59;121;2.24312
59;122;1.45526
60;121;-1.17177
60;122;6.78381
61;121;9.43314
61;122;4.34453
62;121;-4.76917
62;122;9.13715
63;121;4.18004
63;122;-3.68638
64;121;11.3958
64;122;14.8496
65;121;-4.87691
65;122;-7.20722
66;121;-0.891783
66;122;-5.35363
67;121;-8.24381
67;122;5.00674
68;121;2.73724
68;122;3.35119
69;121;9.49657
69;122;4.88299
70;121;14.7011
70;122;4.17604
71;121;-3.22143
71;122;8.35634
72;121;1.3769
72;122;2.26797
73;121;3.36589
73;122;5.6043
74;121;-6.27899
74;122;6.50406
75;121;-2.06196
75;122;-3.34588
76;121;7.25074
76;122;3.79441
77;121;-7.00817
77;122;-1.53244
78;121;-3.62301
78;122;-7.58466
79;121;-1.54919
79;122;-12.8792
80;121;-9.04618
80;122;3.5739
81;121;-7.11832
81;122;8.96507
82;121;7.64454
82;122;-0.0144482
83;121;8.48258
83;122;4.57224
84;121;-0.483888
84;122;1.61471
85;121;-8.67165
85;122;7.65857
86;121;6.08002
86;122;7.46389
87;121;4.37333
87;122;-7.62235
88;121;-6.31868
88;122;6.19554
89;121;-9.11661
89;122;9.35137
90;121;5.09487
90;122;0.528452
91;121;1.77405
91;122;-5.70094
92;121;0.717087
92;122;0.110886
93;121;-11.7835
93;122;7.09407
94;121;5.04242
94;122;-6.37823
95;122;4.79119
96;121;-5.65364
96;122;3.36127
97;121;-7.46842
97;122;-3.93901
98;121;-3.86331
98;122;6.01415
99;121;-5.11863
99;122;-1.41723
100;121;-7.11186
100;122;-6.18582
101;121;1.93624
101;122;-9.42999
102;121;-7.95131
102;122;-7.48944
103;121;7.47208
103;122;9.9594
104;121;-3.85267
104;122;-0.0369482
105;121;-5.98106
105;122;5.58998
106;121;9.02985
106;122;-3.44768
107;121;7.78687
107;122;-0.433364
108;121;14.6991
108;122;0.0380726
109;121;1.84101
109;122;2.91976
110;121;-3.81549
110;122;8.56172
111;121;14.6408
111;122;1.61743
112;121;9.41711
112;122;1.93215
113;121;-7.24252
113;122;2.82837
114;121;-3.4415
114;122;-9.55124
115;121;14.8635
115;122;-5.55337
116;121;-5.11703
116;122;-7.27659
117;121;-3.26804
117;122;-3.83895
118;121;7.93649
118;122;-1.07892
119;121;3.79017
119;122;5.18701
120;121;-5.619
120;122;5.76555
9;139;-1.17613
139;122;8.85792
95;150;4.26508
150;121;-6.95173
79;23;-8.01062
