1;121;-17.844
1;122;-23.2453
2;121;42.7157
2;122;61.8877
3;121;-57.3021
3;122;59.7684
4;121;-32.9555
4;122;-78.746
5;121;-26.309
5;122;25.4493
6;121;-4.52058
6;122;82.0917
7;121;67.4013
7;122;60.202
8;121;48.9198
8;122;61.7234
9;121;60.8566
9;122;19.2035
10;121;-84.3146
10;122;-4.53834
11;121;-42.7359
11;122;77.5921
12;121;61.4134
12;122;-81.937
13;121;11.2847
13;122;-32.0518
14;121;7.22292
14;122;11.8014
15;121;42.4601
15;122;-73.7058
16;121;14.0514
16;122;16.6202
17;121;23.7286
17;122;-3.98604
18;121;-96.8147
18;122;-69.0579
19;121;34.7296
19;122;-60.9327
20;121;20.4629
20;122;-32.0784
21;121;-42.7255
21;122;94.3567
22;121;43.4183
22;122;-50.3485
23;121;19.8334
23;122;-8.75005
24;121;79.4105
24;122;-89.1869
25;121;38.6741
25;122;71.795
26;121;36.0359
26;122;-80.6081
27;121;95.0513
27;122;-20.1352
28;121;-0.154778
28;122;27.3906
29;121;-23.4388
29;122;97.3853
30;121;69.5298
30;122;-49.8752
31;121;-24.7745
31;122;53.7662
32;121;-72.2891
32;122;-98.6888
33;121;-52.355
33;122;13.4722
34;121;62.9589
34;122;32.659
35;121;62.7346
35;122;-72.1025
36;121;-82.3003
36;122;24.2944
37;121;-88.4277
37;122;-87.4637
38;121;79.3366
38;122;63.0394
39;121;3.78619
39;122;-36.39
40;121;-2.68801
40;122;37.3183
41;121;-92.1935
41;122;40.5389
42;121;-71.8856
42;122;-99.2262
43;121;65.8588
43;122;-36.4905
44;121;-37.1472
44;122;4.42931
45;121;-72.256
45;122;37.334
46;121;-45.6338
46;122;-27.2643
47;121;-78.1042
47;122;75.8469
48;121;91.8117
48;122;-57.5844
49;121;14.9157
49;122;12.8968
50;121;-25.7719
50;122;82.1944
51;121;-19.8928
51;122;-43.3111
52;121;-75.1527
52;122;67.1065
53;121;-70.468
53;122;8.06399
54;121;77.3809
54;122;-6.48103
55;121;-85.7356
55;122;12.6982
56;121;45.2373
56;122;77.0114
57;121;-9.37847
57;122;86.1709
58;121;66.2593
58;122;-79.3513
59;121;39.7959
59;122;-43.1587
60;121;-56.2945
60;122;84.2809
61;121;-20.944
61;122;-82.069
62;121;53.523
62;122;3.1425
63;121;96.9503
63;122;25.6892
64;121;28.0745
64;122;12.9261
65;121;-81.7499
65;122;13.7499
66;121;25.2202
66;122;-73.3791
67;121;16.8977
67;122;20.2881
68;121;-78.745
68;122;71.5486
69;121;-78.1431
69;122;-26.894
70;121;-93.9305
70;122;32.1931
71;121;-80.2234
71;122;49.2367
72;121;35.4139
72;122;-77.0812
73;121;57.4146
73;122;-52.7817
74;121;86.6283
74;122;-38.4821
75;121;-29.733
75;122;60.2161
76;121;-77.9996
76;122;69.8893
77;121;-81.3039
77;122;24.6688
78;121;78.4124
78;122;10.9778
79;121;-58.5566
79;122;-9.35142
80;121;20.6931
80;122;-67.0606
81;121;-70.354
81;122;89.6507
82;121;99.2905
82;122;12.1228
83;121;82.6515
83;122;-45.3699
84;121;61.629
84;122;-73.1777
85;121;99.5598
85;122;-77.4178
86;121;71.5145
86;122;99.0132
87;121;45.9461
87;122;-80.7685
88;121;51.4171
88;122;61.9554
89;121;-22.6661
89;122;91.2222
90;121;-33.2311
90;122;-62.4614
91;121;32.0605
91;122;-11.2307
92;121;-42.2087
92;122;78.3143
93;121;63.5071
93;122;76.502
94;121;6.1616
94;122;-49.2345
95;121;10.3671
95;122;-59.4425
96;121;-16.2951
96;122;-3.32877
97;121;65.2818
97;122;58.7773
98;121;-85.2193
98;122;40.1244
99;121;-74.0525
99;122;35.064
100;121;85.365
100;122;-88.1937
101;121;8.62337
101;122;79.6955
102;121;80.6733
102;122;-108.041
103;121;33.3761
103;122;-31.8704
104;121;-34.9221
104;122;-24.8125
105;121;-27.6013
105;122;21.7714
106;121;56.1974
106;122;21.5925
107;121;19.6063
107;122;11.8551
108;121;-1.8217
108;122;-71.0108
109;121;99.8134
109;122;-14.8348
110;121;-28.1459
110;122;-62.6643
111;121;-77.6583
111;122;83.7145
112;121;11.6
112;122;-64.9488
113;121;96.8872
113;122;11.9763
114;121;27.7479
114;122;-22.5041
115;121;34.4587
115;122;-7.3116
116;121;36.7977
116;122;50.7104
117;121;-71.9302
117;122;-16.0752
118;121;-29.6875
118;122;-44.3991
119;121;36.7851
119;122;-25.488
120;121;-94.1721
120;122;17.3073
120;102;76.5866
