1;17;5.50843
1;18;0.296976
1;19;-4.74431
2;17;-3.90089
2;18;-0.758255
2;19;-1.34888
3;17;5.90981
3;18;-2.20667
3;19;-1.72033
4;17;-4.42999
4;18;2.73313
4;19;4.8035
5;17;-3.05768
5;18;2.91203
5;19;7.18212
6;17;-7.03316
6;18;9.61459
6;19;11.0533
7;17;1.52959
7;18;-4.63699
7;19;5.74394
8;17;0.300982
8;18;13.4821
8;19;-4.85469
9;17;5.68284
9;18;-14.03
9;19;0.209939
10;17;-9.33704
10;18;6.9755
10;19;4.04245
11;17;-2.77449
11;18;4.50708
11;19;0.454577
12;17;-1.86467
12;18;-9.65087
12;19;-4.22444
13;17;5.51799
13;18;-2.79634
13;19;1.13815
14;17;-6.20498
14;18;-0.452772
14;19;-6.12872
15;17;-8.82553
15;18;8.20523
15;19;-6.23598
16;17;2.31789
16;18;-10.7643
16;19;8.37861
15;23;5.25367
23;17;6.54782
