1;17;4.04139
1;18;5.1918
1;19;-8.52724
2;17;-3.32336
2;19;-6.34888
3;17;-11.4337
3;18;1.71065
3;19;-6.72033
4;17;-6.08033
4;18;8.47873
4;19;2.7528
5;17;-6.63063
5;18;3.73507
5;19;-0.496722
6;17;-7.45684
6;18;4.61459
6;19;13.325
7;17;6.59931
7;18;-5.95574
7;19;18.3896
8;17;3.69513
8;18;-1.93739
8;19;6.4575
9;17;7.18958
9;18;-8.2069
9;19;-0.593505
10;17;7.54768
10;18;3.7225
11;17;-6.99802
11;18;5.68589
11;19;-0.321124
12;17;6.86423
12;18;-12.6375
12;19;11.9591
13;17;10.5153
13;18;-4.07119
13;19;-8.40716
14;17;-6.20498
14;18;6.05475
14;19;-14.9284
15;17;6.54782
15;18;6.54111
15;19;-7.97109
16;17;-6.27006
16;18;-3.66694
16;19;18.3786
18;15;7.26909
16;25;-3.58343
25;18;-3.66694
10;46;4.08928
46;19;-14.9055
8;5;-9.13475
