
---- Results of cofig: ----
  keep=0.469
  threshold=2.016
  interSpeciesRate=0.001
  noCrossoverOff=0.172
  probabilityWeightMutated=0.884
  probabilityAddNodeSmall=0.033
  probabilityAddLink_small=0.014
  probabilityAddNodeLarge=0.042
  probabilityAddLink_Large=0.164
  largeSize=20
  c1=0.736
  c2=0.661
  c3=0.402
  numberGenomes=50
  numberInputs=120
  numberOutputs=2
  evolutions=50
  n_max=300
  learningRate=10
  inputWeights=110,150
  weightsRange=-100,100
  process_max=25
  function=
  folder=results/trial-30

--Results of run:0 --
Best Genome 
Genome id: 1299
Genome fitness: 0.89
   IN  OUT    Weight  Innov
    1  121   55.5506      1
    1  122  -18.9567      2
    2  121   95.4534      3
    2  122   16.2831      4
    3  121   23.8396      5
    3  122   43.7773      6
    4  121   88.8993      7
    4  122  -64.4176      8
    5  121   62.1343      9
    5  122   9.71595     10
    6  121  -26.7969     11
    6  122  -26.9265     12
    7  121   94.4689     13
    7  122   21.8569     14
    8  121   1.41781     15
    8  122    7.5604     16
    9  121   31.8478     17
    9  122   88.5792     18
   10  121   68.5215     19
   10  122   83.0188     20
   11  121   97.3962     21
   11  122   75.8423     22
   12  121   40.2205     23
   12  122  -84.2053     24
   13  121  -83.1726     25
   13  122   90.9992     26
   14  121   83.4075     27
   14  122   64.0631     28
   15  121  -98.2443     29
   15  122   6.31647     30
   16  121  -80.6791     31
   16  122   3.52427     32
   17  121   7.21109     33
   17  122  -68.1787     34
   18  121   -56.703     35
   18  122  -68.9493     36
   19  121   75.5986     37
   19  122   3.74805     38
   20  121  -33.3669     39
   20  122   37.7328     40
   21  121   -86.536     41
   21  122   55.5061     42
   22  121  -89.1936     43
   22  122  -50.3485     44
   23  121  -55.5902     45
   23  122   22.2242     46
   24  121  -45.7059     47
   24  122  -1.23531     48
   25  121  -5.08036     49
   25  122  -77.1845     50
   26  121   95.2656     51
   26  122   54.3925     52
   27  121   89.1218     53
   27  122    25.486     54
   28  121   13.9944     55
   28  122  -94.0508     56
   29  121  -38.1887     57
   29  122  -41.7777     58
   30  121   70.0123     59
   30  122  -38.0722     60
   31  121   23.5697     61
   31  122   89.3332     62
   32  121   -16.608     63
   32  122  -59.2192     64
   33  121   70.3027     65
   33  122   88.2408     66
   34  121   70.5653     67
   34  122    96.753     68
   35  121   -8.0112     69
   35  122   28.4646     70
   36  121   34.4858     71
   36  122   29.6851     72
   37  121  -101.626     73
   37  122   55.2922     74
   38  121   13.3857     75
   38  122  -4.57281     76
   39  121  -42.4836     77
   39  122   67.6797     78
   40  121   7.67392     79
   40  122   58.3197     80
   41  121   90.4953     81
   41  122   59.7883     82
   42  121  -49.9249     83
   42  122    79.617     84
   43  121  -81.5745     85
   43  122   70.5137     86
   44  121  -93.0808     87
   44  122  -9.76325     88
   45  121  -32.0844     89
   45  122   -70.983     90
   46  121   85.0631     91
   46  122   91.4853     92
   47  121  -72.5094     93
   47  122  -31.5449     94
   48  121  -77.7339     95
   48  122   66.0662     96
   49  121  -43.3042     97
   49  122  -15.9025     98
   50  121   62.8192     99
   50  122  -27.8047    100
   51  121  -87.4379    101
   51  122  -87.9094    102
   52  121  -45.8626    103
   52  122  -36.4205    104
   53  121   49.4458    105
   53  122   81.2171    106
   54  121   59.0067    107
   54  122  0.113609    108
   55  121   35.2028    109
   55  122  -48.5632    110
   56  121  -54.1087    111
   56  122  -17.9468    112
   57  121   69.6201    113
   57  122   14.9527    114
   58  121  -40.0779    115
   58  122   98.0456    116
   59  121   34.7413    117
   59  122  -9.11871    118
   60  121  -21.7177    119
   60  122   53.3821    120
   61  121  -53.5402    121
   61  122  -26.6546    122
   62  121   44.8674    123
   62  122   101.371    124
   63  121   41.8004    125
   63  122   67.1334    126
   64  121   57.4377    127
   64  122   98.4963    128
   65  121  -38.7691    129
   65  122   91.6003    130
   66  121   94.3512    131
   66  122   -36.207    132
   67  121  -82.4381    133
   67  122  -88.6817    134
   68  121   27.3724    135
   68  122  -39.8408    136
   69  121   68.8414    137
   69  122  -3.62089    138
   70  121   60.2728    139
   70  122   4.04417    140
   71  121   53.0597    141
   71  122  -81.2939    142
   72  121   87.2676    143
   72  122   22.6797    144
   73  121   33.6589    145
   73  122   35.0573    146
   74  121   20.7253    147
   74  122  -80.8747    148
   75  121  -74.0614    149
   75  122  -90.9924    150
   76  121   72.5074    151
   76  122   69.8893    152
   77  121   -17.647    153
   77  122   4.95733    154
   78  121  -36.2301    155
   78  122  -12.9688    156
   79  121  -5.49188    157
   79  122  -78.7925    158
   80  121  -80.8129    159
   80  122    35.739    160
   81  121   41.4644    161
   81  122   69.8305    162
   82  121   71.0354    163
   82  122   59.0263    164
   83  121     99.77    165
   83  122   71.2437    166
   84  121  -80.8145    167
   84  122   39.9902    168
   85  121  -86.7165    169
   85  122   79.4583    170
   86  121  -55.9657    171
   86  122   66.3432    172
   87  121   98.1645    173
   87  122  -50.2993    174
   88  121   -10.977    175
   88  122  -59.4065    176
   89  121  -23.1096    177
   89  122  -80.2517    178
   90  121   50.9487    179
   90  122  -65.2275    180
   91  121  -81.2441    181
   91  122   23.4561    182
   92  121   30.8106    183
   92  122   1.10886    184
   93  121  -79.1692    185
   93  122   70.9407    186
   94  121   25.2623    187
   94  122   5.69164    188
   95  121   92.1483    189
   95  122   57.9119    190
   96  121  -48.9221    191
   96  122   33.6127    192
   97  121   17.7424    193
   97  122  -39.3901    194
   98  121   84.0819    195
   98  122  -11.1088    196
   99  121   87.5143    197
   99  122   11.8246    198
  100  121  -71.1186    199
  100  122  -99.2021    200
  101  121  -8.71712    201
  101  122   47.6202    202
  102  121   67.1411    203
  102  122  -10.5526    204
  103  121   46.6922    205
  103  122  -43.8359    206
  104  121  -78.7293    207
  104  122   55.5261    208
  105  121  -34.0876    209
  105  122   72.2194    210
  106  121   90.2986    211
  106  122    72.541    212
  107  121  -4.32455    213
  107  122  -2.53059    214
  108  121   70.9828    215
  108  122   36.5062    216
  109  121    69.992    217
  109  122  -43.5442    218
  110  121  -38.1549    219
  110  122  -39.4416    220
  111  121    51.116    221
  111  122    22.923    222
  112  121   94.1711    223
  112  122   76.6937    224
  113  121  -67.0916    225
  113  122   66.9136    226
  114  121   -34.415    227
  114  122   71.0472    228
  115  121   98.6347    229
  115  122  -5.53367    230
  116  121   71.8451    231
  116  122  -10.0825    232
  117  121    67.382    233
  117  122   38.9862    234
  118  121   79.3649    235
  118  122   14.0742    236
  119  121   95.1503    237
  119  122  -45.6904    238
  120  121  -30.3997    239
  120  122  -98.9782    240

Summerized results: 
run: 0 bestFitness: 0
Max fitness: 0
Percentage: 100% (1 of 1)
--------------------------------------------------------------
