
---- Results of cofig: ----
  keep=0.445
  threshold=2.263
  interSpeciesRate=0.001
  noCrossoverOff=0.201
  probabilityWeightMutated=0.76
  probabilityAddNodeSmall=0.027
  probabilityAddLink_small=0.023
  probabilityAddNodeLarge=0.13
  probabilityAddLink_Large=0.096
  largeSize=20
  c1=0.727
  c2=0.697
  c3=0.356
  numberGenomes=50
  numberInputs=120
  numberOutputs=2
  evolutions=50
  n_max=300
  learningRate=10
  inputWeights=110,150
  weightsRange=-100,100
  process_max=25
  function=
  folder=results/trial-18

--Results of run:0 --
Best Genome 
Genome id: 1334
Genome fitness: 0.8
   IN  OUT    Weight  Innov
    1  121   1.76853      1
    1  122    84.981      2
    2  121   69.9712      3
    2  122   96.8181      4
    3  121   17.6125      5
    3  122   21.4853      6
    4  121  -91.4848      7
    4  122  -70.0073      8
    5  121   -15.134      9
    5  122   37.4302     10
    6  121  -26.7969     11
    6  122  -7.02779     12
    7  121   64.0506     13
    7  122   -98.106     14
    8  121  -32.4421     15
    8  122  -89.6698     16
    9  121   34.0776     17
    9  122   46.3901     18
   10  121  -30.6308     19
   10  122  -14.6193     20
   11  121    70.412     21
   11  122  -86.4608     22
   12  121   55.5612     23
   12  122  -10.7216     24
   13  121   95.8261     25
   13  122   66.1514     26
   14  121   55.5139     27
   14  122  -28.7962     28
   15  121   73.5636     29
   15  122   -79.448     30
   16  121   67.1774     31
   16  122   87.5487     32
   17  121   23.7286     33
   17  122   21.7021     34
   18  121   -56.703     35
   18  122   30.0626     36
   19  121   34.7296     37
   19  122   31.9435     38
   20  121  -41.4966     39
   20  122  -51.0319     40
   21  121   5.34899     41
   21  122   38.0736     42
   22  121  -19.9543     43
   22  122   88.7548     44
   23  121   19.8851     45
   23  122  -7.87364     46
   24  121   57.2119     47
   24  122   18.7733     48
   25  121  -92.3996     49
   25  122   82.2066     50
   26  121  -85.6836     51
   26  122   30.6173     52
   27  121    -25.18     53
   27  122  -30.1352     54
   28  121   42.7777     55
   28  122   48.1467     56
   29  121  -91.8803     57
   29  122   17.4609     58
   30  121   69.5298     59
   30  122  -38.0722     60
   31  121   46.3877     61
   31  122  -69.1932     62
   32  121   10.2569     63
   32  122   -70.987     64
   33  121  -32.7137     65
   33  122  -91.2509     66
   34  121   81.9922     67
   34  122   59.2757     68
   35  121   46.9332     69
   35  122   -78.243     70
   36  121   15.3834     71
   36  122  -78.8526     72
   37  121    61.455     73
   37  122  -87.4637     74
   38  121  -41.1595     75
   38  122   75.2912     76
   39  121  -14.3936     77
   39  122  -37.6354     78
   40  121   47.2266     79
   40  122   26.2846     80
   41  121  -82.7897     81
   41  122  -12.2477     82
   42  121  -60.9555     83
   42  122    -72.75     84
   43  121   6.82043     85
   43  122  -61.2251     86
   44  121  -2.18225     87
   44  122   4.42931     88
   45  121   -62.256     89
   45  122  -9.10174     90
   46  121   51.0611     91
   46  122   -38.464     92
   47  121  -86.8299     93
   47  122   16.5131     94
   48  121   70.2818     95
   48  122   9.28016     96
   49  121   -83.416     97
   49  122   12.8968     98
   50  121  -8.91737     99
   50  122  -94.8717    100
   51  121  -18.2044    101
   51  122   33.2738    102
   52  121   43.3412    103
   52  122   69.3284    104
   53  121   12.6653    105
   53  122  -95.0263    106
   54  121  -46.9453    107
   54  122   77.8958    108
   55  121   3.53743    109
   55  122   18.9559    110
   56  121   10.3297    111
   56  122  -17.9468    112
   57  121  -88.7749    113
   57  122   94.1419    114
   58  121  -41.7465    115
   58  122   60.4161    116
   59  121   41.4898    117
   59  122  -31.2094    118
   60  121   65.5035    119
   60  122  -93.3105    120
   61  121  -77.4175    121
   61  122  -17.4256    122
   62  121  -49.4333    123
   62  122  -30.1274    124
   63  121  -41.5788    125
   63  122  -12.5014    126
   64  121   28.0745    127
   64  122  -3.82076    128
   65  121   18.8978    129
   65  122   13.7499    130
   66  121  -55.7744    131
   66  122   98.1186    132
   67  121  -96.3092    133
   67  122   -61.295    134
   68  121   95.8188    135
   68  122   63.6082    136
   69  121  -7.97504    137
   69  122   58.6941    138
   70  121   20.1654    139
   70  122    5.2144    140
   71  121    69.202    141
   71  122   42.2177    142
   72  121   25.7783    143
   72  122   4.31268    144
   73  121   7.64376    145
   73  122   70.9094    146
   74  121   -13.678    147
   74  122  -45.4776    148
   75  121   59.7367    149
   75  122   52.7064    150
   76  121  -77.9996    151
   76  122   11.9343    152
   77  121    60.085    153
   77  122  -98.6092    154
   78  121  -70.9244    155
   78  122   14.7701    156
   79  121  -97.6639    157
   79  122   -68.291    158
   80  121   -65.049    159
   80  122  -46.3346    160
   81  121  -94.2831    161
   81  122   98.2914    162
   82  121  -89.6122    163
   82  122   58.3026    164
   83  121   62.5643    165
   83  122  -93.6075    166
   84  121   41.7868    167
   84  122  -100.093    168
   85  121   99.5598    169
   85  122   66.9053    170
   86  121   99.1178    171
   86  122  -62.4622    172
   87  121   48.2334    173
   87  122  -57.2914    174
   88  121  -3.28632    175
   88  122  -63.9255    176
   89  121  -33.1096    177
   89  122   91.2222    178
   90  121  -79.4621    179
   90  122    5.5306    180
   91  121  -50.5664    181
   91  122   58.0249    182
   92  121   -31.394    183
   92  122  -56.9574    184
   93  121   63.5071    185
   93  122   62.1582    186
   94  121  -33.7068    187
   94  122   -1.2443    188
   95  121   -74.071    189
   95  122   26.4428    190
   96  121   53.1291    191
   96  122   26.1202    192
   97  121   55.2011    193
   97  122   11.4005    194
   98  121  -42.8709    195
   98  122   60.1416    196
   99  121   66.6477    197
   99  122   70.0297    198
  100  121    85.365    199
  100  122   66.2075    200
  101  121   73.0439    201
  101  122   -8.0974    202
  102  121   80.6733    203
  102  122  -35.0547    204
  103  121   97.3209    205
  103  122   65.6893    206
  104  121   7.52866    207
  104  122  -95.0849    208
  105  121   68.0819    209
  105  122  -34.9473    210
  106  121   69.8024    211
  106  122  -76.7612    212
  107  121    11.438    213
  107  122   65.9432    214
  108  121  -12.1101    215
  108  122  -50.7558    216
  109  121  -11.6429    217
  109  122   16.5984    218
  110  121   4.74908    219
  110  122   90.7746    220
  111  121  -77.6583    221
  111  122   8.34861    222
  112  121   -2.5751    223
  112  122  -64.9488    224
  113  121   13.9862    225
  113  122  -3.28646    226
  114  121   5.21239    227
  114  122   -46.204    228
  115  121    -19.39    229
  115  122   -7.3116    230
  116  121   3.03696    231
  116  122   53.1855    232
  117  121  -77.9161    233
  117  122   84.7817    234
  118  121  -90.4907    235
  118  122    37.035    236
  119  121    44.105    237
  119  122   64.8245    238
  120  121  -58.3779    239
  120  122  -73.6371    240

Summerized results: 
run: 0 bestFitness: 0
Max fitness: 0
Percentage: 100% (1 of 1)
--------------------------------------------------------------
