
---- Results of cofig: ----
  keep=0.519
  threshold=2.587
  interSpeciesRate=0.001
  noCrossoverOff=0.217
  probabilityWeightMutated=0.864
  probabilityAddNodeSmall=0.026
  probabilityAddLink_small=0.014
  probabilityAddNodeLarge=0.084
  probabilityAddLink_Large=0.188
  largeSize=20
  c1=0.776
  c2=0.984
  c3=0.405
  numberGenomes=50
  numberInputs=120
  numberOutputs=2
  evolutions=50
  n_max=400
  learningRate=5
  inputWeights=110,150
  weightsRange=-10,10
  process_max=25
  function=
  folder=results/trial-11

--Results of run:0 --
Best Genome 
Genome id: 1135
Genome fitness: 0.97
   IN  OUT    Weight  Innov
    1  121   5.55506      1
    1  122   4.65093      2
    2  121   9.02858      3
    2  122   1.71069      4
    3  121   7.97756      5
    3  122  -8.59498      6
    4  121   9.02534      7
    4  122  -6.53585      8
    5  121  -8.99105      9
    5  122   8.45752     10
    6  121  0.883659     11
    6  122  -2.69265     12
    7  121 -0.531377     13
    7  122   2.11105     14
    8  121   4.89198     15
    8  122   4.52959     16
    9  121  -9.12045     17
    9  122  -9.04824     18
   10  121   6.90694     19
   10  122 -0.453835     20
   11  121   9.65574     21
   11  122  -3.56171     22
   12  121  -3.62943     23
   12  122  -4.65606     24
   13  121   -3.8319     25
   13  122   6.17982     26
   14  121   8.55389     27
   14  122  -3.87869     28
   15  121   4.85127     29
   16  121  -8.98037     31
   16  122   1.66202     32
   17  121  0.721108     33
   17  122  -9.95179     34
   18  121  -1.23516     35
   18  122   9.61482     36
   19  121   7.55985     37
   19  122   9.46494     38
   20  121  -6.87314     39
   21  121  -8.90005     41
   21  122   8.88673     42
   22  121  -8.91936     43
   22  122   7.37552     44
   23  121  0.997777     45
   23  122  -5.39325     46
   24  121   1.90511     47
   24  122   2.11285     48
   25  121   2.50947     49
   25  122   13.8962     50
   26  121   8.46372     51
   26  122  0.731449     52
   27  121   9.50513     53
   27  122  -7.20593     54
   28  121  -3.60056     55
   28  122  -3.34989     56
   29  121  -8.56721     57
   29  122    3.4485     58
   30  121   9.78269     59
   30  122   1.69044     60
   31  121  -9.85973     61
   31  122-0.0725393     62
   32  121    1.6745     63
   32  122   14.5702     64
   33  121   7.82274     65
   33  122   7.06874     66
   34  121 -0.356737     67
   34  122    9.6753     68
   35  121   8.61715     69
   35  122   14.7026     70
   36  121   3.26099     71
   36  122  -10.6554     72
   37  121   8.58937     73
   37  122  -2.98863     74
   38  121   8.71412     75
   38  122  0.749373     76
   39  121  -4.24836     77
   39  122  -13.1018     78
   40  121   8.46111     79
   40  122   5.83197     80
   41  121   2.24826     81
   41  122  -2.11202     82
   42  121   7.74198     83
   42  122  -5.94429     84
   43  121  -9.72962     85
   43  122  -2.43619     86
   44  121  -2.33987     87
   44  122  -8.94046     88
   45  121   3.30674     89
   45  122  -5.58496     90
   46  121  -2.97712     91
   46  122   3.44701     92
   47  121  -7.81042     93
   47  122  -4.53364     94
   48  121  0.222374     95
   48  122  -9.98767     96
   49  121  -5.24308     97
   49  122  -3.45549     98
   50  121    9.2883     99
   50  122   4.86846    100
   51  121   -3.4344    101
   51  122 -0.269494    102
   52  121  -3.46458    103
   52  122   -7.5962    104
   53  121  0.577842    105
   53  122   6.75231    106
   54  121    5.8217    107
   54  122  -9.02937    108
   55  121   4.67946    109
   55  122   2.46237    110
   56  121  -5.35981    111
   56  122   2.80538    112
   57  121   5.35034    113
   57  122  -8.64169    114
   58  121 -0.772603    115
   58  122  -3.96761    116
   59  121   9.27547    117
   59  122   6.88753    118
   60  121   3.87174    119
   60  122   6.96792    120
   61  121   2.07206    121
   61  122  -2.66546    122
   62  121   4.15169    123
   62  122   6.18067    124
   63  121  -2.25367    125
   63  122   6.71334    126
   64  121  -2.93297    127
   64  122   6.61314    128
   65  121  0.943798    129
   65  122   5.26754    130
   66  121  -13.3728    131
   66  122   4.29959    132
   67  121  -7.22665    133
   67  122   2.48413    134
   68  121  -3.94289    135
   68  122  -3.98408    136
   69  121  -5.20258    137
   69  122    9.1094    138
   70  121   9.70114    139
   70  122  -1.66964    140
   71  121   4.89453    141
   71  122 -0.719858    142
   72  121    -4.563    143
   72  122   -5.1323    144
   73  121   2.29604    145
   73  122   1.59934    146
   74  121   2.28127    147
   74  122  -8.64285    148
   75  121   2.49183    149
   75  122  -9.09441    150
   76  121   7.25074    151
   76  122   -1.6625    152
   77  121   -1.7647    153
   77  122  -4.20965    154
   78  121   7.28657    155
   78  122  -2.97503    156
   79  121  -1.54919    157
   79  122  -9.20895    158
   80  121  -2.08935    159
   80  122   2.42226    160
   81  121  -6.41617    161
   81  122   8.96507    162
   82  121   2.69886    163
   82  122   -10.427    164
   83  121   7.48425    165
   83  122  -6.29835    166
   84  121  -6.66326    167
   84  122   3.99901    168
   85  121  -3.95104    169
   85  122   5.86404    170
   86  121   6.08002    171
   86  122  0.274001    172
   87  121   9.74525    173
   87  122  -12.5431    174
   88  121   5.14171    175
   88  122  -7.69119    176
   89  121  -9.11661    177
   89  122   6.67746    178
   90  121   6.80902    179
   90  122  0.528452    180
   91  121  -13.6876    181
   91  122  -6.11617    182
   92  121  -5.65253    183
   92  122  -6.47987    184
   93  121  -7.43323    185
   93  122   9.93621    186
   94  121   5.04242    187
   94  122  -2.47613    188
   95  121  -6.95173    189
   95  122 -0.100727    190
   96  121  -2.60445    191
   96  122   9.15541    192
   97  121  -3.75932    193
   97  122  -2.31249    194
   98  121   2.34506    195
   98  122  -3.72824    196
   99  121   5.30083    197
   99  122   -8.1242    198
  100  121  -1.82426    199
  100  122  -1.97914    200
  101  121   6.92085    201
  101  122  -5.74423    202
  102  121   3.59577    203
  102  122   4.01816    204
  103  121    1.7127    205
  103  122  -1.93729    206
  104  121  -3.85267    207
  104  122  -5.22608    208
  105  121 -0.917617    209
  105  122 -0.196466    210
  106  121   5.32698    211
  106  122  -5.17139    212
  107  121   3.68736    213
  107  122   1.77337    214
  108  121   1.17484    215
  108  122   4.80253    216
  109  121   -5.3642    217
  109  122    9.5388    218
  110  121  -12.6158    219
  110  122   6.86716    220
  111  121   9.64077    221
  111  122   7.73155    222
  112  121   -2.0894    223
  112  122  -6.49488    224
  113  121  -3.82426    225
  113  122   7.84954    226
  114  121  -3.69482    227
  114  122  -2.32389    228
  115  121    7.3312    229
  115  122  -7.79634    230
  116  121   3.37193    231
  116  122  -4.19917    232
  117  121  -7.79161    233
  117  122  -2.63838    234
  118  121   2.89625    235
  118  122   2.37623    236
  119  121  -8.31683    237
  119  122  -7.84227    238
  120  121   3.69501    239
  120  122   0.59836    240

Summerized results: 
run: 0 bestFitness: 0
Max fitness: 0
Percentage: 100% (1 of 1)
--------------------------------------------------------------
