1;121;5.55506
1;122;4.52338
2;121;-7.65918
2;122;1.62831
3;121;2.38396
3;122;-6.14887
4;121;14.0253
4;122;-6.53585
5;121;-8.99105
5;122;-1.05755
6;121;-4.40802
6;122;-2.69265
7;121;9.44689
7;122;2.11105
8;121;0.14178
8;122;9.28497
9;121;-1.41563
9;122;8.85792
10;121;-2.64158
10;122;0.771061
11;121;4.73962
11;122;9.96823
12;121;-5.11816
12;122;1.72273
13;121;-8.31726
13;122;3.63252
14;121;8.34075
14;122;-7.03529
15;121;5.65262
15;122;-8.10283
16;121;-8.06791
16;122;3.85657
17;121;1.19733
17;122;-9.01054
18;121;-4.97205
18;122;-6.89493
19;121;1.17339
19;122;-6.09327
20;121;-1.17007
20;122;-2.91014
21;121;-8.6536
21;122;9.43567
22;121;2.97228
22;122;-4.34533
23;121;1.98851
23;122;-8.15021
24;121;-4.57059
24;122;-9.93448
25;121;-6.43453
25;122;4.91241
26;121;9.52656
26;122;-5.18004
27;121;8.91218
27;122;2.5486
28;121;-1.97436
28;122;-9.40508
29;121;-14.3691
29;122;1.74609
30;121;9.78269
30;122;-0.517368
31;121;-5.51427
31;122;3.56136
32;121;7.04079
32;122;14.5702
33;121;-7.71567
33;122;13.8241
34;121;3.39776
34;122;-3.20754
35;121;2.90906
35;122;-7.8243
36;121;3.44858
36;122;9.25274
37;121;-6.53254
37;122;4.52922
38;121;-5.30578
38;122;-4.23155
39;121;-4.24836
39;122;-3.76354
40;121;0.0141306
40;122;5.83197
41;121;-9.21935
41;122;6.92483
42;121;7.74198
42;122;-5.94429
43;121;-7.15745
43;122;4.06832
44;121;3.5542
44;122;-0.976325
45;121;6.47318
45;122;5.55785
46;121;2.02288
46;122;-4.17624
47;121;-8.68299
47;122;-0.936326
48;121;-7.77339
48;122;6.60662
49;121;-4.33042
49;122;1.28968
50;121;-6.016
50;122;4.86846
51;121;8.46539
51;122;-2.82469
52;121;9.44794
52;122;-3.64205
53;121;-11.6097
53;122;6.75231
54;121;5.90067
54;122;0.0113602
55;121;8.53294
55;122;6.86358
56;121;4.52373
56;122;2.56981
57;121;5.51331
57;122;-6.9478
58;121;0.53151
58;122;-8.34865
59;121;-2.95213
59;122;-0.911871
60;121;13.8539
60;122;5.33821
61;121;9.87
61;122;-9.35279
62;121;1.31983
62;122;-4.34102
63;121;4.18004
63;122;-6.39754
64;122;5.84329
65;121;7.63848
65;122;2.02569
66;121;-0.891783
66;122;6.06869
67;121;-8.24381
67;122;-9.86817
68;121;0.0889225
68;122;1.01592
69;121;6.88413
69;122;4.88299
70;121;0.924969
70;122;0.404416
71;121;4.89453
71;122;3.81462
72;121;-7.02578
72;122;2.26797
73;121;-1.01959
73;122;9.66994
74;121;-6.27899
74;122;-8.08747
75;121;-1.5325
75;122;-4.09924
76;121;2.25074
76;122;-2.76016
77;121;6.0085
77;122;-7.34955
78;121;3.99647
78;122;6.09778
79;121;13.18
79;122;9.65789
80;121;-4.04618
80;122;-5.25979
81;121;-7.7878
81;122;3.47583
82;121;-7.47978
82;122;-0.970813
83;121;7.11488
83;122;2.69044
84;121;-8.08145
84;122;-8.30574
85;121;-8.67165
85;122;-4.42079
86;121;-1.11242
86;122;6.63432
87;121;9.72922
87;122;-7.2561
88;121;5.52748
88;122;3.40187
89;121;2.83474
89;122;6.67746
90;121;-9.87413
90;122;-4.34331
91;121;0.456605
91;122;-7.94634
92;121;0.717087
92;122;-2.99585
93;121;-1.45247
93;122;2.86242
94;121;8.10193
94;122;-2.80432
95;121;9.21483
95;122;4.79119
96;121;0.985221
96;122;0.256965
97;121;-3.75932
97;122;-3.93901
98;121;-0.969144
98;122;6.01415
99;121;8.75143
99;122;-3.09357
100;121;1.68242
100;122;-9.92021
101;121;-0.871712
101;122;4.2728
102;121;7.89888
102;122;-6.89422
103;121;9.06963
103;122;-0.876751
104;121;-3.85267
104;122;-0.0369482
105;121;-3.40876
105;122;7.22194
106;121;9.02985
106;122;-1.53317
107;121;5.11866
107;122;-8.60112
108;121;-0.182171
108;122;-8.98822
109;121;-3.15899
109;122;0.485355
110;121;-3.81549
110;122;8.56172
111;121;1.9755
111;122;2.2923
112;121;9.41711
112;122;-6.49488
113;121;8.35329
113;122;-1.31899
114;121;8.38118
114;122;7.10472
115;121;-6.79042
115;122;0.863297
116;121;-7.352
116;122;-6.26038
117;121;6.7382
117;122;-0.262251
118;121;12.9365
118;122;-1.07892
119;121;3.79017
119;122;4.75175
120;121;4.7552
120;122;-0.825797
112;110;-9.44495
16;45;9.41238
44;74;2.21357
