1;121;55.5506
1;122;-77.0725
2;121;95.4534
2;122;16.2831
3;121;22.9937
3;122;43.7773
4;121;90.2534
4;122;-81.7195
5;121;-96.1565
5;122;18.8547
6;121;-44.0802
7;121;-33.1004
7;122;51.9871
8;121;24.3388
8;122;92.8497
9;121;-64.1563
9;122;-68.4881
10;121;-84.3146
10;122;83.0188
11;121;8.15062
11;122;65.0115
12;121;-73.5391
12;122;-94.2053
13;121;-32.3061
13;122;61.3926
14;121;83.4075
14;122;-79.1225
15;121;56.5262
15;122;-73.8322
16;121;-80.6791
16;122;42.3812
17;121;-73.8571
17;122;21.7021
18;121;70.9064
18;122;72.0435
19;121;75.5986
19;122;-60.9327
20;121;-16.7471
20;122;40.9513
21;121;-8.55206
21;122;-87.0825
22;121;-27.1118
22;122;-92.0671
23;121;56.0375
23;122;55.3871
24;121;101.604
24;122;-87.7533
25;121;66.852
25;122;82.2066
26;121;95.2656
26;122;12.7599
27;121;-19.5472
27;122;-74.7968
28;121;-93.5904
28;122;68.1797
29;121;-91.8803
29;122;17.4609
30;121;97.8269
30;122;-64.1816
31;121;23.5697
31;122;98.4736
32;121;-58.7906
32;122;-19.5693
33;121;70.3027
33;122;88.2408
34;121;62.9589
34;122;96.753
35;121;35.3162
35;122;-94.0037
36;121;32.6099
36;122;-91.5139
37;121;45.962
37;122;-18.7161
38;121;20.0811
38;122;-50.5139
39;121;-42.4836
39;122;36.5486
40;121;89.853
40;122;35.531
41;121;100.495
41;122;-89.9648
42;121;31.8905
42;122;-90.5868
43;121;-38.6195
43;122;70.5137
44;121;85.3967
44;122;-9.76325
45;121;-72.256
45;122;-70.983
46;121;85.0631
46;122;56.7615
47;121;-92.0566
47;122;-31.5449
48;121;70.2818
48;122;97.7934
49;121;-43.3042
49;122;40.8471
50;121;62.8192
50;122;73.332
51;121;-9.3673
51;122;-2.69494
52;121;-45.8626
52;122;-36.4205
53;121;49.4458
53;122;-46.6801
54;121;-85.1663
54;122;0.113609
55;121;-94.3411
55;122;18.9559
56;121;-54.1087
56;122;27.5466
57;121;55.1331
57;122;79.5795
58;121;-63.8511
58;122;98.0456
59;121;92.7547
59;122;-9.11871
60;121;88.5395
60;122;-21.8868
61;121;-67.605
61;122;43.4454
62;121;73.9059
62;122;88.3603
63;121;-17.6514
63;122;13.1362
64;121;63.9576
64;122;22.1559
65;121;-94.0413
65;122;-10.3743
66;121;47.1809
66;122;98.1186
67;121;-72.2665
67;122;93.637
68;121;89.5667
68;122;33.5119
69;121;35.9045
69;122;93.8034
70;121;3.34536
70;122;32.1931
71;121;2.57161
71;122;-58.8603
72;121;-40.2603
72;122;-77.0812
73;121;28.9775
73;122;45.0573
74;121;-60.5677
74;122;29.1143
75;121;-31.7489
75;122;-90.2431
76;121;-93.475
76;122;-98.7756
77;121;-59.3126
77;122;17.3747
78;121;-81.2425
78;122;10.9778
79;121;-97.6639
79;122;10.8194
80;121;-4.20261
80;122;14.4285
81;121;87.8587
81;122;56.6971
82;121;34.4356
82;122;89.6717
83;121;22.4092
83;122;26.9044
84;121;80.9688
84;122;-82.2924
85;121;-86.7165
85;122;4.49256
86;121;-22.7258
86;122;-6.30453
87;121;98.1645
87;122;-26.2235
88;121;87.809
88;122;-59.4065
89;121;45.3149
89;122;93.5137
90;121;-79.4621
90;122;-7.23748
91;121;-59.0849
91;122;23.4561
92;121;-42.2087
92;122;-29.9585
93;121;-64.89
93;122;-48.5347
94;121;-10.4749
94;122;25.3389
95;121;92.1483
95;122;-5.3399
96;121;26.8688
96;122;2.60473
97;121;-74.6842
97;122;-39.3901
98;121;-97.5397
98;122;60.1416
99;121;25.0627
99;122;35.064
100;121;28.6752
101;121;-87.5867
101;122;-94.2999
102;121;77.8737
102;122;-29.0458
103;121;97.3209
103;122;74.5682
104;121;69.9802
104;122;-25.7887
105;121;-35.7633
105;122;72.2194
106;121;13.7655
106;122;-81.8632
107;121;-33.6127
107;122;-2.53059
108;121;-97.3677
108;122;89.4408
109;121;-31.5899
109;122;-43.5442
110;121;-41.5692
110;122;-39.4416
111;121;80.2579
111;122;47.1903
112;121;9.23436
112;122;55.0708
113;121;-72.4252
113;122;-13.1899
114;121;5.21239
114;122;-51.138
115;121;47.5223
115;122;-5.53367
116;121;71.8451
116;122;-10.0825
117;121;67.382
117;122;-31.9884
118;121;35.226
118;122;-69.9355
119;121;17.761
119;122;-46.4751
120;121;-18.3172
120;122;3.96569
100;127;36.4794
127;122;67.0537
6;128;-82.6361
128;122;50.479
