1;17;12.8942
1;18;-4.8082
1;19;7.26091
2;17;1.09911
3;17;-8.20782
3;18;-5.58643
3;19;0.555494
4;17;-9.42999
4;18;-2.13552
4;19;0.429357
5;17;5.43156
5;19;-0.586519
6;17;-0.0369482
6;18;2.67044
6;19;5.29105
7;17;4.80877
7;18;-2.86062
7;19;3.59807
8;17;2.51209
8;18;3.06261
8;19;-6.37185
9;17;12.6147
9;18;-8.24713
9;19;-0.593505
10;17;-9.33704
10;18;16.6445
10;19;-0.293859
11;17;-8.3122
11;18;4.50708
11;19;-1.79978
12;17;2.02107
12;18;-17.6375
12;19;7.87819
13;17;4.75223
13;18;-4.07119
13;19;-8.11845
14;17;-6.20498
14;18;14.6873
14;19;-9.92843
15;17;-6.26099
15;18;9.87548
15;19;-6.23598
16;17;-1.24667
16;18;-6.52447
16;19;9.92083
1;35;-4.59121
35;18;1.14005
49;35;-4.59121
5;51;6.87122
51;18;9.73287
1;59;-6.05667
59;49;-5.56204
