1;53;-8.04963
1;54;1.62676
1;55;-5.0375
2;53;-5.69574
2;54;8.50153
2;55;-1.04897
3;53;7.57308
3;54;9.23191
3;55;6.47705
4;53;4.22177
4;54;0.942372
4;55;-2.50029
5;53;-6.13565
5;54;8.32755
5;55;-4.28709
6;53;-0.151424
6;54;-14.1904
6;55;3.44744
7;53;-6.20574
7;54;6.99824
7;55;2.10311
8;53;-4.50667
8;54;-7.25537
8;55;1.87733
9;53;-0.889612
9;54;-5.27021
9;55;2.03336
10;53;-8.92898
10;54;14.5051
10;55;-0.117552
11;53;0.258648
11;55;3.68736
12;53;-1.74706
12;54;4.19134
12;55;-4.16863
13;53;-6.486
13;54;0.863297
13;55;-7.96375
14;53;2.36693
14;54;1.59284
14;55;-5.03052
15;53;-0.257511
15;54;-8.03381
15;55;-4.33371
16;53;13.6644
16;54;5.31291
16;55;3.84164
17;53;-7.32169
17;54;7.95262
17;55;-9.61133
18;53;-2.80033
18;54;-9.19519
18;55;-1.78038
19;53;8.99152
19;54;-8.57657
19;55;9.38616
20;53;-7.11202
20;54;9.23024
20;55;-8.73808
21;53;-5.2344
21;54;2.30721
21;55;2.88826
22;53;-2.91014
22;54;7.95421
22;55;4.07335
23;53;-2.49586
23;54;4.92223
23;55;-6.82051
24;53;-2.87057
24;54;-6.08337
24;55;-4.75829
25;53;-9.95455
25;54;-8.07009
25;55;13.6162
26;53;-13.236
26;54;9.47083
26;55;-3.08674
27;53;4.33412
27;54;-8.58926
27;55;2.16652
28;53;-0.264318
28;54;-8.06796
28;55;-5.25327
29;53;3.11761
29;54;-6.90165
29;55;-5.42064
30;53;7.86745
30;54;-5.73812
30;55;-8.69921
31;53;9.12936
31;54;0.391747
31;55;7.17553
32;53;-2.31603
32;54;-1.2088
32;55;6.78381
33;53;2.7381
33;54;3.59286
33;55;3.68437
34;53;8.18708
34;54;-0.350187
34;55;-5.6835
35;53;7.71446
35;54;-2.84564
35;55;0.829643
36;53;7.62124
36;54;4.10822
36;55;-0.271645
37;53;-2.60807
37;54;9.86127
37;55;-6.09729
38;53;7.24851
38;54;-1.05933
38;55;-6.65466
39;53;-6.24934
39;54;0.340513
39;55;7.12538
40;53;5.31286
40;54;-1.68156
40;55;7.12984
41;53;-7.93658
41;54;-6.92295
41;55;8.18657
42;53;5.2095
42;54;2.49183
42;55;5.27064
43;53;-0.175725
43;54;3.19276
43;55;-5.81743
44;53;6.08814
44;54;-6.85915
44;55;9.24683
45;53;-7.41703
45;54;-5.11175
45;55;7.04629
46;53;-7.86063
46;54;-1.6243
46;55;9.41419
47;53;5.03105
47;54;1.42865
47;55;-1.65368
48;53;4.00208
48;54;-1.32284
48;55;-5.72483
49;53;-1.47579
49;54;3.28946
49;55;-6.77035
50;53;-2.51793
50;54;5.84493
50;55;8.01791
51;53;7.42249
51;54;7.62846
51;55;3.40858
52;53;-14.0419
52;54;-0.874311
52;55;-4.10969
30;39;-5.2614
32;26;-0.11941
