
---- Results of cofig: ----
  keep=0.424
  threshold=3.907
  interSpeciesRate=0.001
  noCrossoverOff=0.242
  probabilityWeightMutated=0.723
  probabilityAddNodeSmall=0.03
  probabilityAddLink_small=0.016
  probabilityAddNodeLarge=0.293
  probabilityAddLink_Large=0.106
  largeSize=20
  c1=0.873
  c2=0.982
  c3=0.382
  numberGenomes=50
  numberInputs=120
  numberOutputs=2
  evolutions=50
  n_max=400
  learningRate=5
  inputWeights=110,150
  weightsRange=-10,10
  process_max=25
  function=
  folder=results/trial-21

--Results of run:0 --
Best Genome 
Genome id: 1348
Genome fitness: 0.97
   IN  OUT    Weight  Innov
    1  121   4.30566      1
    2  121  -8.74997      3
    2  122   1.62831      4
    3  121   2.38396      5
    3  122   -13.595      6
    4  121   9.88993      7
    4  122  -6.44176      8
    5  121   6.21342      9
    5  122  0.971595     10
    6  121   5.41194     11
    6  122 -0.732437     12
    7  121   3.75944     13
    7  122  -3.97133     14
    8  121   0.14178     15
    8  122   14.5296     16
    9  121  0.403723     17
    9  122   8.85792     18
   10  121  -8.00893     19
   10  122   8.30188     20
   11  121    7.0412     21
   11  122  -9.39105     22
   12  121   7.57273     23
   12  122  -8.42053     24
   13  121   1.12847     25
   13  122   2.40117     26
   14  121   6.45763     27
   14  122  -3.87869     28
   15  121   12.3564     29
   15  122  -3.30823     30
   16  121  -8.06791     31
   16  122   1.66202     32
   17  121  0.721108     33
   17  122  -9.95179     34
   18  121  0.484874     35
   18  122  -2.99916     36
   19  121   1.91506     37
   19  122  -7.73007     38
   20  121  -3.33669     39
   20  122  -5.57971     40
   21  122   8.88673     42
   22  121  -8.91936     43
   22  122  -9.20671     44
   23  121  -5.55902     45
   23  122  -7.79146     46
   24  121  -2.39274     47
   24  122   8.75429     48
   25  121 0.0803385     49
   25  122   7.86636     50
   26  121   8.46372     51
   26  122 -0.180037     52
   27  121   9.22028     53
   27  122  -2.20593     54
   28  121   2.29562     55
   28  122  -9.40508     56
   29  121  -9.36908     57
   29  122  -2.15299     58
   30  121   9.78269     59
   30  122  -4.98752     60
   31  121   2.35697     61
   31  122   8.93332     62
   32  121   4.37273     63
   32  122  -6.92192     64
   33  121  -7.88455     65
   33  122 -0.997668     66
   34  121   4.64326     67
   34  122  0.340187     68
   35  121 -0.801121     69
   35  122   2.84645     70
   36  121   3.44858     71
   36  122   0.54528     72
   37  121   3.97964     73
   37  122   4.52922     74
   38  121 0.0993681     75
   38  122 -0.457282     76
   39  121  0.392794     77
   39  122   8.62522     78
   40  121  0.767392     79
   40  122   8.82147     80
   41  121  -9.21935     81
   41  122  0.293947     82
   42  121  -1.47154     83
   42  122 -0.571712     84
   43  121  0.682043     85
   43  122   7.05137     86
   44  121   8.55662     87
   44  122 -0.976325     88
   45  121  -2.86603     89
   45  122   3.91586     90
   46  121   2.02288     91
   46  122   9.14853     92
   47  121  -8.68299     93
   47  122  -4.97486     94
   48  121  -7.77339     95
   48  122   6.60662     96
   49  121  -7.17482     97
   49  122   5.15837     98
   50  121  -2.55932     99
   50  122    7.3332    100
   51  121  -7.17864    101
   52  121   9.44794    103
   52  122   3.86035    104
   53  121  -9.66125    105
   53  122   6.75231    106
   54  121   5.90067    107
   54  122 0.0113602    108
   55  121   8.53294    109
   55  122   9.85686    110
   56  121    8.6552    111
   56  122   2.56981    112
   57  121 -0.200572    113
   57  122   1.49527    114
   58  121   0.53151    115
   58  122  -8.34865    116
   59  121  -6.52293    117
   59  122  -3.12094    118
   60  121  -5.62945    119
   60  122   6.78381    120
   61  121   1.95031    121
   61  122  -7.66546    122
   62  121   6.31983    123
   62  122  -6.50784    124
   63  121 0.0991201    125
   63  122  -5.07569    126
   64  121  -1.24717    127
   64  122  -2.92968    128
   65  121   7.63848    129
   65  122  -9.62024    130
   66  121   5.96397    131
   66  122  -4.27847    132
   67  121   6.12016    133
   67  122   7.83214    134
   68  121   3.00153    135
   68  122    6.4589    136
   69  121   9.49657    137
   69  122   7.06334    138
   70  121   6.02728    139
   70  122  -4.93665    140
   71  121  -3.22143    141
   71  122   8.35634    142
   72  121   2.57783    143
   72  122   2.26797    144
   73  121  0.764376    145
   73  122 -0.479393    146
   74  121  -6.27899    147
   74  122  -8.08747    148
   75  121  -12.4061    149
   75  122  -9.09924    150
   76  121  -9.48775    151
   76  122  -7.99312    152
   77  121   -1.7647    153
   77  122  -4.43109    154
   78  121  -3.62301    155
   78  122  -7.58466    156
   79  121   9.78118    157
   79  122  -9.20895    158
   80  121  -4.04618    159
   80  122    3.5739    160
   81  121 -0.345913    161
   81  122   8.96507    162
   82  121   7.64454    163
   82  122   5.90263    164
   83  121   7.11488    165
   83  122  -4.53699    166
   84  121  -3.08145    167
   84  122   0.67295    168
   85  121  -3.66231    169
   85  122   7.94583    170
   86  121  -5.59657    171
   86  122   9.44656    172
   87  121   9.72922    173
   87  122  -7.54307    174
   88  121   -1.0977    175
   88  122   3.18233    176
   89  121  -9.11661    177
   89  122   9.35137    178
   90  121-0.0940695    179
   90  122  -6.52275    180
   91  121  -5.08061    181
   91  122  -6.11617    182
   92  121  0.717087    183
   92  122  0.110886    184
   93  121   6.35071    185
   93  122   8.24981    186
   94  121   5.04242    187
   94  122   2.53389    188
   95  121   9.21483    189
   95  122   2.64428    190
   96  121  -3.89221    191
   96  122   2.56179    192
   97  121   1.77424    193
   97  122  -3.93901    194
   98  121 -0.736098    195
   98  122  -3.92822    196
   99  121   5.69051    197
   99  122   1.18246    198
  100  121    8.5365    199
  100  122  -1.06757    200
  101  121  -8.50323    201
  101  122 -0.809741    202
  102  121   7.66342    203
  102  122   3.94474    204
  103  121  -12.4131    205
  103  122  -1.95941    206
  104  121   9.76701    207
  104  122  -2.59593    208
  105  121  -6.63308    209
  105  122   7.22194    210
  106  121   5.32698    211
  106  122  -7.18632    212
  107  121  -3.36127    213
  107  122 -0.253059    214
  108  121   9.69908    215
  108  122   -6.3338    216
  109  121  -3.15899    217
  109  122    4.7415    218
  110  121  -4.80146    219
  110  122   6.86716    220
  111  121   8.02579    221
  111  122    2.2923    222
  112  121   9.41711    223
  112  122  -7.86587    224
  113  121   8.35329    225
  113  122  -1.31899    226
  114  121  0.521239    227
  114  122  -4.28822    228
  115  121    7.3312    229
  115  122 -0.553368    230
  116  121   7.18451    231
  116  122   5.07104    232
  117  121   2.05822    233
  117  122   4.88859    234
  118  121  -2.96875    235
  118  122  -4.60609    236
  119  121   3.79657    237
  119  122  -4.93644    238
  120  121  -3.03997    239
  120  122  -3.89374    240
  120   26   2.51184    300

Summerized results: 
run: 0 bestFitness: 0
Max fitness: 0
Percentage: 100% (1 of 1)
--------------------------------------------------------------
