
---- Results of cofig: ----
  keep=0.489
  threshold=3.148
  interSpeciesRate=0.001
  noCrossoverOff=0.233
  probabilityWeightMutated=0.728
  probabilityAddNodeSmall=0.031
  probabilityAddLink_small=0.048
  probabilityAddNodeLarge=0.274
  probabilityAddLink_Large=0.142
  largeSize=20
  c1=0.7
  c2=0.637
  c3=0.409
  numberGenomes=50
  numberInputs=120
  numberOutputs=2
  evolutions=50
  n_max=300
  learningRate=5
  inputWeights=110,150
  weightsRange=-10,10
  process_max=25
  function=
  folder=results/trial-29

--Results of run:0 --
Best Genome 
Genome id: 1196
Genome fitness: 0.97
   IN  OUT    Weight  Innov
    1  121  -6.24767      1
    1  122   4.52338      2
    2  121  -7.65918      3
    2  122   1.35662      4
    3  121   2.38396      5
    3  122  -4.88582      6
    4  121   9.02534      7
    4  122  -9.76859      8
    5  121   -2.6309      9
    5  122   8.51716     10
    6  121   5.41194     11
    6  122 -0.732437     12
    7  121  -1.75207     13
    7  122   -9.8106     14
    8  121   4.77486     15
    8  122   -7.5491     16
    9  121  0.403723     17
    9  122   4.87144     18
   10  121 -0.123251     19
   10  122  -9.53396     20
   11  121   7.35842     21
   11  122  -9.39105     22
   12  121    3.0834     23
   12  122  -8.42053     24
   13  121   -3.8319     25
   13  122   9.86205     26
   14  121   8.55389     27
   14  122  -4.35409     28
   15  121   2.70175     29
   15  122   1.85587     30
   16  121  -8.06791     31
   16  122   5.60956     32
   17  121  -5.32112     33
   17  122   2.83194     34
   18  121  -9.97205     35
   18  122  -3.02403     36
   19  121   7.55985     37
   19  122  -6.09327     38
   20  121  -1.17007     39
   20  122  -2.81766     40
   21  121   3.14402     41
   21  122   9.71359     42
   22  121   2.97228     43
   22  122    5.8581     44
   23  121  0.997777     45
   23  122  -5.28122     46
   24  121   9.16045     47
   24  122   8.75429     48
   25  121   3.37303     49
   25  122    7.1795     50
   26  121   8.46372     51
   26  122  0.731449     52
   27  121   14.2203     53
   27  122  -6.66091     54
   28  121   5.90981     55
   28  122  -5.32352     56
   29  121  -3.81887     57
   29  122   3.28829     58
   30  121   11.7549     59
   30  122  -5.51737     60
   31  121  -9.85973     61
   31  122   6.99782     62
   32  121  0.065733     63
   32  122   6.15301     64
   33  121   5.61908     65
   33  122 -0.997668     66
   34  121   3.39776     67
   34  122   9.27597     68
   35  121 -0.801121     69
   35  122  -8.09644     70
   36  121   13.9748     71
   36  122  -5.18125     72
   37  121   3.47951     73
   37  122  -2.98863     74
   38  121 0.0993681     75
   38  122  -7.51703     76
   39  121   3.63751     77
   39  122  -8.10184     78
   40  121   8.46111     79
   40  122    3.5531     80
   41  121  -5.05935     81
   41  122   6.92483     82
   42  121  0.293033     83
   42  122    7.9617     84
   43  121   1.47442     85
   43  122   11.2589     86
   44  121   6.65364     87
   44  122 -0.153535     88
   45  121   5.68005     89
   45  122  -6.99816     90
   46  121   1.63364     91
   46  122   6.11083     92
   47  121  -7.81042     93
   47  122  -9.97486     94
   48  121  0.222374     95
   48  122  -3.91849     96
   49  121   2.60486     97
   49  122   1.28968     98
   50  121    -6.016     99
   50  122-0.0571613    100
   51  121   3.46539    101
   51  122 0.0329256    102
   52  121  -3.46458    103
   52  122  -8.58926    104
   53  121  -9.66125    105
   53  122   6.75231    106
   54  121   5.90067    107
   54  122 -0.268458    108
   55  121   8.53294    109
   55  122   9.85686    110
   56  121   4.52373    111
   56  122   2.75465    112
   57  121     1.962    113
   57  122   4.48406    114
   58  121  -3.83766    115
   58  122  -1.17144    116
   59  121  -1.00197    117
   59  122  -5.12341    118
   60  121  -2.88233    119
   60  122 -0.139855    120
   61  121      9.87    121
   61  122  -9.35279    122
   62  121   3.38009    123
   62  122   0.31425    124
   63  121  -5.28912    125
   63  122   8.70629    126
   64  121   5.74377    127
   64  122   4.85604    128
   65  121   8.76083    129
   65  122   0.26754    130
   66  121  -2.47798    131
   66  122   8.33045    132
   67  121  -7.55715    133
   67  122  -6.55766    134
   68  121 0.0889225    135
   68  122   3.35119    136
   69  121  -5.20258    137
   69  122   7.05499    138
   70  121   6.02728    139
   70  122  -6.66964    140
   71  121   4.51736    141
   71  122   8.02768    142
   72  121   1.86233    143
   72  122  -7.70812    144
   73  121   3.36589    145
   73  122  -10.1475    146
   74  121   2.07253    147
   74  122  -4.54776    148
   75  121   2.49183    149
   75  122  -9.09441    150
   76  121   7.25074    151
   76  122   -1.6625    152
   77  121  -5.93126    153
   77  122   2.46688    154
   78  121  0.436688    155
   78  122   2.88548    156
   79  121  -6.45547    157
   79  122   -8.9365    158
   80  121  -4.04618    159
   80  122   2.99817    160
   81  121 -0.853559    161
   81  122   6.98305    162
   82  121   7.64454    163
   82  122   8.77389    164
   83  121   8.26515    165
   83  122  -4.93874    166
   84  121  -8.08145    167
   84  122  -8.09601    168
   85  121  -8.67165    169
   85  122   7.65857    170
   86  121   6.08002    171
   86  122   1.63432    172
   87  121   9.81645    173
   87  122  -7.54307    174
   88  121   5.78572    175
   88  122   5.08429    176
   89  121  -9.11661    177
   89  122   9.35137    178
   90  121   6.62672    179
   90  122  -5.06446    180
   91  121   7.58305    181
   91  122    2.3456    182
   92  121  0.717087    183
   92  122  -9.72268    184
   93  121  -1.45247    185
   93  122   9.97369    186
   94  121   5.04242    187
   94  122   2.53389    188
   95  121   9.21483    189
   95  122   7.50649    190
   96  121   8.76473    191
   96  122  0.256965    192
   97  121  -7.46842    193
   97  122   8.16659    194
   98  121   -1.2683    195
   98  122  -1.11088    196
   99  121   8.75143    197
   99  122   -8.1242    198
  100  121   1.68242    199
  100  122  -8.65022    200
  101  121   1.92085    201
  101  122  -5.14361    202
  102  121  -7.95131    203
  102  122   5.12188    204
  103  121  -12.4131    205
  103  122  -3.31054    206
  104  121  -3.51005    207
  104  122  -7.62103    208
  105  121  -2.76013    209
  105  122 -0.196466    210
  106  121   9.02985    211
  106  122  -9.05002    212
  107  121   5.11866    213
  108  121  -9.91417    215
  108  122   -6.3338    216
  109  121  -7.32169    217
  109  122  -9.26954    218
  110  121   3.97426    219
  110  122   3.63843    220
  111  121   8.08374    221
  111  122   1.05546    222
  112  121  -1.18131    223
  112  122   4.50708    224
  113  121  -7.24252    225
  113  122   1.19763    226
  114  121   1.82221    227
  114  122   -3.9053    228
  115  121  -5.80882    229
  115  122   7.95262    230
  116  121  -5.11703    231
  116  122   5.07104    232
  117  121  -7.22633    233
  117  122   3.89862    234
  118  121   8.62259    235
  118  122   2.37623    236
  119  121   6.42721    237
  119  122   5.18701    238
  120  121   9.94957    239
  120  122   9.79413    240
   42  115  -8.28733    258
   94   12  0.370278    315
   26  146   1.84695    338
  146  121   8.46372    339

Summerized results: 
run: 0 bestFitness: 0
Max fitness: 0
Percentage: 100% (1 of 1)
--------------------------------------------------------------
