1;121;55.5506
1;122;45.2338
2;121;-87.4997
2;122;13.3456
3;121;22.9937
3;122;21.4853
4;121;98.8993
4;122;-64.4176
5;121;-26.309
5;122;9.71595
6;121;54.1194
6;122;-7.32436
7;121;-30.3421
7;122;21.8569
8;121;1.41781
8;122;92.8497
9;121;-64.1563
9;122;-90.4824
10;121;87.0592
10;122;83.0188
11;121;97.3962
11;122;-86.4608
12;121;30.2205
12;122;-84.2053
13;121;75.9769
13;122;36.3252
14;121;64.5764
14;122;64.0631
15;121;-66.9849
15;122;-73.8322
16;121;-60.0765
16;122;88.5657
17;121;-53.2112
17;122;-68.1787
18;121;-51.1861
18;122;-68.9493
19;121;31.38
19;122;3.74805
20;121;-41.2018
20;122;37.7328
21;121;-86.536
21;122;22.5529
22;121;-2.25337
22;122;98.7548
23;121;-85.1885
23;122;12.2242
24;121;91.6045
24;122;-77.7533
25;121;-68.3969
25;122;-77.1845
26;121;95.2656
26;122;-1.80036
27;121;89.1218
27;122;25.486
28;121;13.9944
28;122;68.1797
29;121;-38.1887
29;122;-55.1673
30;121;97.8269
30;122;-5.17368
31;121;46.3877
31;122;-62.2497
32;121;-58.7906
32;122;-69.2192
33;121;-52.355
33;122;98.2408
34;121;62.9589
34;122;96.753
35;121;-8.0112
35;122;28.4646
36;121;34.4858
36;122;-4.5472
37;121;-48.9826
37;122;-18.1575
38;121;13.3857
38;122;-50.5139
39;121;3.92793
39;122;-61.4533
40;121;0.141312
40;122;35.531
41;121;-92.7897
41;122;-63.8228
42;121;-14.7154
42;122;-90.5868
43;121;-38.6195
43;122;65.541
44;121;77.5929
44;122;-9.76325
45;121;-32.0844
45;122;55.5785
46;121;85.0631
46;122;91.4853
47;121;-86.8299
47;122;57.5459
48;121;-77.7339
48;122;66.0662
49;121;-43.3042
49;122;12.8968
50;121;62.8192
50;122;48.6846
51;121;34.6539
51;122;-2.69494
52;121;-75.1527
52;122;-36.4205
53;121;-57.4027
53;122;-28.2105
54;121;-81.1855
54;122;-90.2937
55;121;35.2028
55;122;18.9559
56;121;-41.5667
56;122;27.5466
57;121;69.6201
57;122;-69.478
58;121;36.9597
58;122;98.0456
59;121;-14.5336
59;122;-9.11871
60;121;-11.7177
60;122;-93.5632
61;121;-43.5402
61;122;-26.6546
62;121;63.1983
62;122;91.3715
63;121;41.8004
63;122;13.1362
64;121;57.4377
64;122;98.4963
65;121;-73.967
65;122;-96.2024
66;121;47.1809
66;122;-26.207
67;121;-72.2665
67;122;60.0674
68;121;27.3724
68;122;33.5119
69;121;68.8414
69;122;-13.6209
70;121;43.2182
70;122;4.04417
71;121;-32.2143
71;122;-21.5444
72;121;-70.2578
72;122;-77.0812
73;121;8.97755
73;122;96.6994
74;121;-60.5677
74;122;15.0406
75;121;11.252
75;122;-33.4588
76;121;72.5074
76;122;-98.7756
77;122;-15.3244
78;121;4.36689
78;122;-75.8466
79;121;97.8118
79;122;-68.7925
80;121;-77.3503
80;122;45.739
81;121;-27.878
81;122;69.8305
82;121;99.532
82;122;49.0263
83;121;71.1488
83;122;14.547
84;121;-80.8145
84;122;39.9902
85;121;-46.6231
85;122;76.5856
86;121;-11.1242
86;122;66.3432
87;121;98.1645
87;122;48.6155
88;121;54.0813
88;122;84.0188
89;121;-91.1661
89;122;93.5137
90;121;-0.940689
90;122;-33.4331
91;121;-81.2441
91;122;-79.4634
92;121;7.17087
92;122;11.1089
93;121;5.21223
93;122;80.9407
94;121;25.2623
94;122;25.3389
95;121;102.148
95;122;47.9119
96;121;-48.9221
96;122;2.60473
97;121;-74.6842
97;122;-39.3901
98;121;-97.5397
98;122;60.1416
99;121;-74.0525
99;122;-64.1723
100;121;16.8242
100;122;-99.2021
101;121;-8.71712
101;122;-27.0843
102;121;67.1411
102;122;-22.5455
103;121;54.3156
103;122;-43.8359
104;121;-78.7293
104;122;-0.369476
105;121;68.0819
105;122;60.5326
106;121;90.2986
106;122;-71.8632
107;121;81.0692
107;122;-86.0112
108;122;36.5062
109;121;86.147
109;122;11.0394
110;121;-38.1549
110;122;-83.3704
111;121;19.755
111;122;22.923
112;121;94.1711
112;122;76.6937
113;121;83.5329
113;122;11.6946
114;121;5.21239
114;122;71.0472
115;121;47.5223
115;122;-5.53367
116;121;71.8451
116;122;59.9356
117;121;-72.2633
117;122;63.3335
118;121;79.3649
118;122;14.0742
119;121;37.9017
119;122;-1.13657
120;121;-30.3997
120;122;-48.9374
108;129;-49.7219
129;121;85.7771
77;147;-68.4806
147;121;-17.647
