1;53;-9.0205
1;54;5.7653
1;55;-0.164112
2;53;-5.30628
2;54;8.23295
2;55;-6.9478
3;53;-3.29555
3;54;-14.1664
3;55;6.47705
4;53;2.4146
4;54;-11.3036
4;55;-1.52077
5;53;-1.00276
5;54;11.0151
5;55;-2.58174
6;53;0.31425
6;54;8.78587
6;55;4.34594
7;53;-8.24722
7;54;1.19343
7;55;2.10311
8;53;1.29903
8;54;-7.47798
8;55;7.04055
9;53;-3.20059
9;54;3.59822
9;55;-8.5765
10;53;-5.25979
10;54;9.97849
10;55;-9.50739
11;53;0.0959167
11;54;-2.8538
11;55;-4.9239
12;53;5.5264
12;54;0.36603
12;55;-7.70812
13;53;-9.46488
13;54;-0.893855
13;55;3.26503
14;53;4.51615
14;54;6.52074
14;55;-3.34588
15;53;-8.36834
15;54;5.74005
15;55;-1.52592
16;53;-14.4763
16;54;7.09064
16;55;8.38053
17;53;0.422508
17;54;-1.24353
17;55;-8.27988
18;53;-0.41285
18;54;-9.87023
18;55;5.38243
19;53;9.82478
19;54;0.431653
19;55;-0.823687
20;53;-9.51633
20;54;9.23024
20;55;-8.58383
21;53;-3.66231
21;54;2.11618
21;55;9.04059
22;53;-2.33804
22;54;2.53145
22;55;4.07335
23;53;4.9098
23;54;5.20497
23;55;-6.89763
24;53;-3.95421
24;54;6.00062
24;55;-6.94166
25;53;-7.40251
25;54;-6.88128
25;55;5.96232
26;53;-12.6944
26;54;0.327893
26;55;-6.14887
27;53;2.79958
27;54;-2.91903
27;55;-6.05808
28;53;6.05424
28;54;-1.19791
28;55;-3.3954
29;53;-2.30411
29;54;-3.39326
29;55;0.992548
30;53;4.11077
30;54;0.523458
30;55;-9.77721
31;53;4.79571
31;54;-4.72482
32;53;-8.88641
32;54;5.55612
32;55;1.23803
33;53;2.11191
33;54;3.93752
33;55;5.97894
34;53;2.71691
34;54;-6.27975
34;55;-6.20868
35;53;9.00505
35;54;-5.23764
35;55;-9.87149
36;53;-7.99879
36;54;-3.87981
36;55;-5.35363
37;53;0.631662
37;54;8.10532
37;55;-3.94289
38;53;4.57358
38;54;1.9755
38;55;-2.1817
39;53;-9.48666
39;54;0.340513
39;55;13.1732
40;53;-1.66997
40;54;-9.94369
40;55;5.35223
41;53;7.19373
41;54;-9.95582
41;55;0.900091
42;53;1.76801
42;54;1.33807
42;55;-0.377518
43;54;-1.80724
43;55;-9.18803
44;53;-2.16806
44;54;-4.11679
44;55;-2.28589
45;53;0.536539
45;54;-0.111745
45;55;9.57943
46;53;-5.95347
46;54;2.18838
46;55;5.86941
47;53;5.52201
47;54;4.70399
47;55;-9.2369
48;53;7.47623
48;54;0.470118
48;55;-5.44004
49;53;-9.24336
49;54;8.28946
49;55;6.08002
50;53;-7.51793
50;54;-2.9732
50;55;9.3481
51;53;4.25035
51;54;-1.33362
51;55;-9.26968
52;53;2.34773
52;54;7.12283
52;55;-2.77287
