1;121;-92.6608
1;122;-26.564
2;121;-65.8286
2;122;-69.2154
3;121;22.9937
3;122;-26.4444
4;121;92.5035
4;122;22.2559
5;121;97.7292
5;122;-19.9704
6;121;54.1194
6;122;-7.02779
7;121;62.5803
7;122;78.5443
8;121;19.2961
8;122;-31.1689
9;121;79.7234
9;122;49.7101
10;121;-63.7274
10;122;-14.6193
11;121;-72.887
11;122;-46.624
12;121;-0.832703
12;122;-10.7216
13;121;-14.3383
13;122;4.09637
14;121;92.1737
14;122;-70.3529
15;121;-82.374
15;122;-23.6689
16;121;-70.3537
16;122;-8.56588
17;121;-32.5497
17;122;-90.1054
18;121;19.0203
18;122;-67.1276
19;121;20.4061
19;122;-89.6397
20;121;-40.9381
20;122;-22.0784
21;121;-98.2246
21;122;70.7552
22;121;4.65425
22;122;98.7548
23;121;92.1335
23;122;-76.0497
24;121;17.0148
24;122;85.5412
25;121;-23.866
25;122;99.1241
26;121;36.0359
26;122;73.1853
27;121;50.1847
27;122;-4.16603
28;121;-36.4793
28;122;4.22708
29;121;-90.2523
29;122;96.6078
30;121;25.1046
30;122;-82.4436
31;121;46.3877
31;122;-62.2497
32;121;-69.2115
32;122;-77.2939
33;121;-31.3073
33;122;-32.0536
34;121;62.9589
34;122;-93.1239
35;121;-28.8167
35;122;69.3223
36;121;-11.2806
36;122;92.5274
37;121;81.4619
37;122;-18.1575
38;121;-53.0578
38;122;63.2019
39;121;-39.4802
39;122;-29.4987
40;121;45.4524
40;122;35.531
41;121;-23.5087
41;122;16.8843
42;121;81.8915
42;122;-50.8941
43;121;49.3576
43;122;-28.9226
44;121;53.333
44;122;-89.4046
45;121;64.7318
45;122;79.0019
46;121;-53.6362
46;122;40.6241
47;121;87.6495
47;122;43.7861
48;121;49.9379
48;122;37.4588
49;121;-69.4964
49;122;12.8968
50;121;-36.7817
50;122;-0.571609
51;121;34.6539
51;122;-5.27518
52;121;-84.875
52;122;69.3284
53;121;45.3114
53;122;-28.2105
54;121;-81.1855
54;122;-90.2937
55;121;10.3362
55;122;30.1252
56;121;-43.9066
56;122;58.9526
57;121;-52.9905
57;122;51.6579
58;121;36.9597
58;122;-40.2723
59;121;-7.65884
59;122;-43.1368
60;121;-72.8911
60;122;-42.9271
61;121;-60.0124
61;122;2.58124
62;121;48.8085
62;122;-21.2103
63;121;0.991203
63;122;65.4536
64;121;16.4804
64;122;48.5604
65;121;84.3623
65;122;72.77
66;121;25.2202
66;122;60.6869
67;121;-39.2726
67;122;-19.7387
68;121;63.7432
68;122;33.5119
69;121;-7.77877
69;122;48.8298
70;121;9.24969
70;122;74.6825
71;121;52.4343
71;122;14.3279
72;121;33.6351
72;122;29.644
73;121;-76.4544
73;122;-71.555
74;121;96.6829
74;122;15.0406
75;121;11.252
75;122;-33.4588
76;121;21.4773
76;122;-35.8456
77;121;-90.0134
77;122;43.1804
78;121;-44.7619
78;122;-91.1276
79;121;-40.045
79;122;-31.6755
80;121;-33.9128
80;122;-55.6826
81;121;88.7201
81;122;4.51766
82;121;-70.6856
82;122;-96.496
83;121;34.8258
83;122;-16.6499
84;121;0.679588
84;122;-22.9998
85;121;-6.92213
85;122;38.6621
86;122;-67.0692
87;121;-34.9588
87;122;18.0024
88;121;-50.4498
88;122;84.0188
89;121;-86.2373
89;122;-53.7669
90;121;48.7576
90;122;-0.929077
91;121;85.3498
91;122;87.9757
92;121;-42.2087
92;122;-93.1025
93;121;5.21223
93;122;94.2201
94;121;81.0193
94;122;-1.2443
95;121;-69.5173
95;122;-59.4425
96;121;56.2646
96;122;26.3987
97;121;75.2777
97;122;13.5634
98;121;-51.1446
98;122;60.4576
99;121;7.90972
99;122;-78.9868
100;121;67.0691
100;122;-10.6757
101;121;76.3042
101;122;3.71914
102;121;41.9134
102;122;76.4037
103;121;54.3156
103;122;91.4637
104;121;-72.2921
104;122;-82.1678
105;121;20.0951
105;122;2.82066
106;121;-91.7448
106;122;5.4449
107;121;81.0692
107;122;77.7599
108;121;-1.8217
108;122;-23.0922
109;121;-73.2169
109;122;52.2057
110;121;89.3055
110;122;-93.3704
111;121;14.9853
111;122;-79.4846
112;121;54.1548
112;122;-82.8471
113;121;-53.4633
113;122;11.6946
114;121;41.4111
114;122;-46.4777
115;121;-13.5272
115;122;-22.5866
116;121;53.9724
116;122;59.9356
117;121;-3.83479
117;122;87.8908
118;121;-62.6099
118;122;0.234703
119;121;-58.3975
119;122;-26.0415
120;121;-18.3172
120;122;61.6976
86;126;-20.872
126;121;-48.3174
