1;53;-8.68756
1;54;6.62676
1;55;-2.10895
2;53;-5.69574
2;54;8.87581
2;55;7.97673
3;53;-5.33325
3;54;-2.45501
3;55;6.14818
4;53;-2.5854
4;54;-9.93072
4;55;2.57742
5;53;9.78964
5;54;-1.72212
5;55;-8.02285
6;53;6.701
6;54;2.71423
6;55;8.87725
7;53;4.90597
7;54;2.62614
7;55;7.73984
8;53;1.29903
8;54;1.28398
8;55;7.04055
9;53;-4.55899
9;54;5.71954
9;55;-3.60432
10;53;-5.22608
10;54;7.34224
10;55;-7.89868
11;53;4.70295
11;54;2.71929
11;55;2.29583
12;53;-2.44162
12;54;-5.23488
12;55;0.797361
13;53;-5.9036
13;54;2.68875
13;55;0.445792
14;53;7.01217
14;54;-2.82344
14;55;5.32728
15;53;-1.99543
15;54;-8.03381
15;55;11.6359
16;53;0.13309
16;54;1.03652
16;55;8.11882
17;53;-13.8481
17;54;5.31147
17;55;-3.33832
18;53;-5.00476
18;54;0.113889
18;55;3.64258
19;53;4.72691
19;54;-2.92163
19;55;-5.34633
20;53;3.63799
20;54;3.69501
20;55;13.6399
21;53;0.366121
21;54;8.22066
21;55;8.38351
22;53;-7.33804
22;54;8.06787
22;55;-9.15714
23;53;14.9098
23;54;2.94899
23;55;-13.0932
24;53;9.68403
24;54;-2.94158
24;55;-8.05045
25;53;1.18654
25;54;5.1918
25;55;9.84019
26;53;-6.68401
26;54;8.82317
26;55;5.1531
27;53;3.28632
27;54;2.38115
27;55;-6.05808
28;53;1.68865
28;54;10.3501
28;55;-3.3954
29;53;-9.39371
29;54;4.40407
29;55;-2.39422
30;53;5.39237
30;54;-5.37703
30;55;-3.86276
31;53;2.82002
31;54;3.54744
31;55;12.1599
32;53;1.20353
32;54;-1.2088
32;55;-5.47877
33;53;-3.23061
33;54;1.3747
33;55;5.97894
34;53;8.21944
34;54;-4.37711
34;55;-5.6835
35;53;-1.57218
35;54;2.79945
35;55;2.48139
36;53;-0.714761
36;54;8.4501
36;55;6.95906
37;53;5.67701
37;54;5.92502
37;55;-14.4498
38;53;2.32325
38;54;-6.82826
38;55;4.14445
39;53;0.860334
39;54;-5.33606
39;55;-2.9403
40;53;-5.44109
40;54;3.87174
40;55;-5.28696
41;53;-10.2922
41;54;-2.40427
41;55;2.64858
42;53;7.71118
42;54;2.91509
42;55;-2.64632
43;53;3.01849
43;54;-0.351482
43;55;-14.7219
44;53;6.08814
44;54;3.97146
44;55;1.01869
45;53;-6.74175
45;54;-5.18653
45;55;13.5805
46;53;4.64297
46;54;14.941
46;55;9.38034
47;53;5.52201
47;54;4.90143
47;55;-9.2369
48;53;9.78517
48;54;5.78434
48;55;8.50014
49;53;-13.4467
49;54;6.71394
49;55;2.26403
50;53;-9.20427
50;54;9.19049
50;55;9.3481
51;53;8.9853
51;54;-1.4722
51;55;14.366
52;53;5.24888
52;54;-4.72637
52;55;-1.93618
39;14;-9.61211
9;64;-3.29509
64;53;-4.55899
12;43;-2.79742
39;73;7.36311
73;53;-4.13967
