
---- Results of cofig: ----
  keep=0.411
  threshold=3.872
  interSpeciesRate=0.001
  noCrossoverOff=0.236
  probabilityWeightMutated=0.74
  probabilityAddNodeSmall=0.027
  probabilityAddLink_small=0.019
  probabilityAddNodeLarge=0.254
  probabilityAddLink_Large=0.107
  largeSize=20
  c1=1.174
  c2=0.502
  c3=0.479
  numberGenomes=50
  numberInputs=120
  numberOutputs=2
  evolutions=50
  n_max=300
  learningRate=10
  inputWeights=110,150
  weightsRange=-100,100
  process_max=25
  function=
  folder=results/trial-27

--Results of run:0 --
Best Genome 
Genome id: 1351
Genome fitness: 0.87
   IN  OUT    Weight  Innov
    1  121   55.5506      1
    1  122  -18.9567      2
    2  121  -97.4997      3
    2  122  -59.7023      4
    3  121   13.8396      5
    3  122  -60.4897      6
    4  121   98.8993      7
    4  122  -64.4176      8
    5  121   52.1343      9
    5  122    10.794     10
    6  121  -44.0802     11
    6  122  -38.2044     12
    7  121  -83.7471     13
    7  122   2.68018     14
    8  121   1.41781     15
    8  122   65.2308     16
    9  121   17.1423     17
    9  122  -41.6761     18
   10  121   68.5215     19
   10  122   83.0188     20
   11  121   18.1506     21
   11  122  -51.4226     22
   12  121   30.2205     23
   12  122  -94.2053     24
   13  121  -58.5487     25
   13  122   36.3252     26
   14  121   55.5139     27
   14  122   54.0631     28
   15  121  -66.9849     29
   15  122   1.55495     30
   16  121   -38.723     31
   16  122   88.5657     32
   17  121   88.2162     33
   17  122  -68.1787     34
   18  121   46.7272     35
   18  122  -69.0579     36
   19  121   75.5986     37
   19  122  -31.5224     38
   20  121  -33.3669     39
   20  122   37.7328     40
   21  121   -86.536     41
   21  122  -87.0825     42
   22  121  -79.1936     43
   22  122  -64.3557     44
   23  121   19.8334     45
   23  122  -29.5083     46
   24  121  -45.7059     47
   24  122  -87.7533     48
   25  121  0.803391     49
   25  122   95.0221     50
   26  121   95.2656     51
   26  122  -1.80036     52
   27  121   99.1218     53
   27  122   59.0282     54
   28  121   13.9944     55
   28  122  -104.051     56
   29  121  -38.1887     57
   29  122  -2.59811     58
   30  121   97.8269     59
   30  122  -5.17368     60
   31  121   64.5388     61
   31  122   89.3332     62
   32  121   -16.608     63
   32  122  -42.6025     64
   33  121  -78.8455     65
   33  122   88.2408     66
   34  121   62.9589     67
   34  122  -17.3355     68
   35  121   29.0906     69
   35  122   -78.243     70
   36  121   34.4858     71
   36  122    5.4528     72
   37  121  -48.9826     73
   37  122   24.4966     74
   38  121     1.159     75
   38  122  -4.12849     76
   39  121   3.92793     77
   39  122   67.6797     78
   40  121  -25.9441     79
   40  122    94.113     80
   41  121   90.4953     81
   41  122   2.93948     82
   42  121  -86.4951     83
   42  122    69.617     84
   43  121  -71.5745     85
   43  122   70.5137     86
   44  121  -93.0808     87
   44  122  -9.76325     88
   45  121  -22.0844     89
   45  122   55.5785     90
   46  121  -53.6362     91
   46  122   1.72131     92
   47  121   44.9117     93
   47  122  -31.5449     94
   48  121   91.8117     95
   48  122    94.794     96
   49  121  -52.4308     97
   49  122  -86.9684     98
   50  121   62.8192     99
   50  122   48.6846    100
   51  121  -87.4379    101
   51  122   58.2574    102
   52  121   75.9183    103
   52  122  -36.4205    104
   53  121  -57.4027    105
   53  122   76.2124    106
   54  121   9.97887    107
   54  122  -90.2937    108
   55  121   17.7656    109
   55  122  -33.3194    110
   56  121   10.3297    111
   56  122   25.6981    112
   57  121   69.6201    113
   57  122    7.1739    114
   58  121  -62.4934    115
   58  122   98.0456    116
   59  121  -14.5336    117
   59  122   14.3512    118
   60  121  -11.7177    119
   60  122   53.3821    120
   61  121  -79.3658    121
   61  122  -87.6699    122
   62  121   73.9059    123
   62  122   91.3715    124
   63  121   41.8004    125
   63  122   87.0008    126
   64  121   5.70115    127
   64  122  -3.82076    128
   65  121   35.0049    129
   65  122   13.7499    130
   66  121   57.1809    131
   66  122   -26.207    132
   67  121  -82.4381    133
   67  122  -98.6817    134
   68  121   7.37244    135
   68  122  -39.8408    136
   69  121   68.8414    137
   69  122  -13.6209    138
   70  121   60.2728    139
   70  122   4.04417    140
   71  121   -4.8264    141
   71  122  -71.2939    142
   72  121  -70.2578    143
   72  122   32.8051    144
   73  121  -64.7579    145
   73  122   35.0573    146
   74  121   59.5596    147
   74  122  -38.4821    148
   75  121  -23.2741    149
   75  122  -33.4588    150
   76  121  -88.3171    151
   76  122  -27.6016    152
   77  121   -17.647    153
   77  122  -73.0195    154
   78  121  -36.2301    155
   78  122  -75.8466    156
   79  121  -50.2793    157
   79  122   66.7206    158
   80  121   -7.7159    159
   80  122    35.739    160
   81  121   41.4644    161
   81  122   69.8305    162
   82  121    99.532    163
   82  122   90.1818    164
   83  121   71.1488    165
   83  122  -59.1343    166
   84  121  -80.8145    167
   84  122   39.9902    168
   85  121  -86.7165    169
   85  122   79.4583    170
   86  121  -33.6118    171
   86  122   66.3432    172
   87  121  -99.1677    173
   87  122  -90.0366    174
   88  121   -10.977    175
   88  122   31.8233    176
   89  121   -12.272    177
   89  122   -21.662    178
   90  121   82.6053    179
   90  122  -65.2275    180
   91  121  -39.9451    181
   91  122   23.4561    182
   92  121   7.17087    183
   92  122  -58.6768    184
   93  121  -59.1692    185
   93  122   42.2176    186
   94  121   25.2623    187
   94  122   51.4588    188
   95  121  -49.6665    189
   95  122   47.9119    190
   96  121  -38.9221    191
   96  122    39.656    192
   97  121   17.7424    193
   97  122  -39.3901    194
   98  121   39.8378    195
   98  122  -11.1088    196
   99  121   87.5143    197
   99  122   11.8246    198
  100  121   74.6543    199
  100  122  -99.2021    200
  101  121   8.62337    201
  101  122   48.7622    202
  102  121   67.1411    203
  102  122  -20.5526    204
  103  121   64.3156    205
  103  122  -43.8359    206
  104  121  -78.7293    207
  104  122   55.5261    208
  105  121  -34.0876    209
  105  122   72.2194    210
  106  121  -64.8674    211
  106  122  -60.3912    212
  107  121  -4.32455    213
  107  122  -2.53059    214
  108  121   85.7771    215
  108  122   36.5062    216
  109  121   21.6106    217
  109  122   11.0394    218
  110  121  -48.1549    219
  110  122  -17.2068    220
  111  121  -41.0487    221
  111  122    12.923    222
  112  121   94.1711    223
  112  122   76.6937    224
  113  121   48.0826    225
  113  122   11.6946    226
  114  121   -24.415    227
  114  122   71.0472    228
  115  121  -52.5376    229
  115  122  -5.53367    230
  116  121   71.8451    231
  116  122  -10.0825    232
  117  121   58.3886    233
  117  122   97.6874    234
  118  121   79.3649    235
  118  122   14.0742    236
  119  121  -10.3154    237
  119  122  -99.3644    238
  120  121  -30.3997    239
  120  122  -38.9374    240
   93   89  -68.0277    250
   69   19   45.5155    313
   29   94   0.36586    328

Summerized results: 
run: 0 bestFitness: 0
Max fitness: 0
Percentage: 100% (1 of 1)
--------------------------------------------------------------
