1;121;-6.24767
1;122;4.52338
2;121;9.02858
2;122;1.33455
3;121;8.53103
3;122;-8.59498
4;121;-2.07637
4;122;7.98053
5;121;-2.6309
5;122;-1.99704
6;121;0.411936
6;122;-2.69265
7;121;-2.03421
7;122;-9.8106
8;121;2.43388
8;122;11.9493
9;121;-5.48528
9;122;8.85792
10;121;6.85215
10;122;3.28669
11;121;3.58546
11;122;-8.64608
12;121;10.5561
12;122;-5.90962
13;121;-3.8319
13;122;5.46593
14;121;5.55139
14;122;-4.19154
15;121;4.77919
15;122;0.155496
16;121;-7.56589
16;122;3.54683
17;121;4.88817
17;122;-4.01054
18;121;6.33291
18;122;6.97824
19;121;-2.44324
19;122;-6.09327
20;121;-3.33669
20;122;3.77328
21;121;3.14402
21;122;9.906
22;121;-8.91936
22;122;9.87548
23;121;7.48619
23;122;-8.017
24;121;9.16045
24;122;-8.77533
25;121;-11.4345
25;122;7.86636
26;121;8.60359
26;122;1.27599
27;121;9.22028
27;122;-12.4797
28;121;1.39944
28;122;-4.58586
29;121;-8.95201
29;122;-6.88376
30;121;9.78269
30;122;-9.67444
31;121;2.35697
31;122;-0.0343056
32;121;-5.87906
32;122;5.68306
33;121;-5.2355
33;122;1.34722
34;121;-0.188382
34;122;4.84286
35;121;-2.76475
35;122;-7.8243
36;121;8.40959
36;122;-0.181253
37;121;3.97964
37;122;-13.0156
38;121;0.0993681
38;122;-5.05139
39;121;0.392794
39;122;-3.39733
40;121;0.0141306
40;122;-1.73844
41;121;-8.27897
41;122;-1.22477
42;121;7.74198
42;122;-7.275
43;121;-3.86195
43;122;-7.32975
44;121;0.35307
44;122;-1.06515
45;121;-3.96262
45;122;7.54198
46;121;2.02288
46;122;0.275177
47;121;-8.68299
47;122;-0.936326
48;121;-1.52454
48;122;-3.91849
49;121;2.60486
49;122;7.09096
50;121;6.28192
50;122;-9.48717
51;121;3.46539
51;122;-0.269494
52;121;-3.46458
52;122;9.55683
53;121;10.5778
53;122;11.6348
54;121;0.997887
54;122;12.3011
55;121;1.93467
55;122;5.65266
56;121;0.418034
56;122;2.56981
57;121;1.72607
57;122;-6.38117
58;121;3.69597
58;122;-0.83922
59;121;-1.45336
59;122;1.45526
60;121;-7.28911
60;122;-9.35632
61;121;9.87
61;122;-9.35279
62;121;7.62156
62;122;0.31425
63;121;-0.289121
63;122;-6.39754
64;121;6.39576
64;122;-7.91064
65;121;-2.3967
65;122;-7.20722
66;121;2.52202
66;122;-3.6207
67;121;9.5077
67;122;5.00674
68;121;0.0889225
68;122;-1.76572
69;121;9.49657
69;122;5.86941
70;121;4.32182
70;122;3.21931
71;121;-8.22143
71;122;8.35634
72;121;-8.82279
72;122;7.26797
73;121;0.764376
73;122;0.983455
74;121;-6.05677
74;122;1.50406
75;121;-6.03001
75;122;-9.09441
76;121;2.14773
76;122;-1.4722
77;121;-9.00134
77;122;2.34773
78;121;-7.09244
78;122;0.738157
79;121;9.78118
79;122;-5.78159
80;121;-7.73503
80;122;1.44285
81;121;-0.478509
81;122;4.5113
82;121;8.45317
82;122;-0.0144482
83;121;8.48258
83;122;4.95275
84;121;-6.66326
84;122;-9.00934
85;121;1.04896
85;122;7.65857
86;121;-7.87218
86;122;3.11625
87;121;8.33441
87;122;-1.68587
88;121;-5.60381
88;122;8.40187
89;121;-6.65669
89;122;6.64873
90;121;-0.0940695
90;122;-4.34331
91;121;-1.04873
91;122;-4.10291
92;121;8.86595
92;122;0.110886
93;121;-5.91692
93;122;7.09407
94;121;8.10193
94;122;2.53389
95;121;9.21483
95;122;1.36595
96;121;8.85085
96;122;-8.58886
97;121;-7.46842
97;122;17.3072
98;121;-4.28709
98;122;6.01415
99;121;8.75143
99;122;-6.41723
100;121;-2.11186
100;122;-1.06757
101;121;1.92085
101;122;4.87622
102;121;-7.70673
102;122;-2.25455
103;121;5.43156
103;122;7.45682
104;121;-3.85267
104;122;1.03994
105;121;-0.947106
105;122;6.05326
106;121;6.98024
106;122;-17.6761
107;121;8.10692
107;122;-5.41726
108;121;-1.21101
108;122;-5.07558
109;121;-3.15899
109;122;2.91976
110;121;1.18451
110;122;5.03757
111;121;8.02579
111;122;-2.3315
112;121;-1.18131
112;122;4.50708
113;121;6.25058
113;122;1.16946
114;121;-0.223127
114;122;-4.64777
115;121;0.389086
115;122;-6.8545
116;121;2.10121
116;122;-6.26038
117;121;4.63387
117;122;4.88859
118;121;8.62259
118;122;8.20523
119;121;8.19501
119;122;-9.93644
120;121;9.74344
120;122;-8.40527
24;29;-5.91796
