1;53;-8.68756
1;54;2.33911
1;55;-5.65253
2;53;-2.11345
2;54;8.50153
2;55;-0.19486
3;53;-9.3475
3;54;-9.16644
3;55;5.00721
4;53;0.79035
4;54;-7.28911
4;55;-3.99108
5;53;-2.57936
5;54;8.32755
5;55;-5.65951
6;53;1.04746
6;54;2.57679
6;55;-4.88343
7;53;-1.82426
7;54;0.663304
7;55;6.57976
8;53;-8.24166
8;54;0.666781
8;55;7.04055
9;53;3.56542
9;54;5.71954
9;55;2.03336
10;53;-5.22608
10;54;5.60306
10;55;-11.7291
11;53;-2.2775
11;54;-7.69119
11;55;-7.76827
12;53;1.19542
12;54;4.19134
12;55;5.74493
13;53;-9.46488
13;54;-0.893855
13;55;6.63092
14;53;7.01217
14;54;-1.23032
14;55;-8.33466
15;53;-8.36834
15;54;9.27597
15;55;-6.52592
16;53;2.40713
16;54;9.98884
16;55;-4.02584
17;53;-5.56973
17;54;5.31147
17;55;-9.61133
18;53;-2.80033
18;54;-9.19519
18;55;0.00815582
19;53;-2.72971
19;54;-9.66459
19;55;-8.31683
20;53;-9.51633
20;54;9.23024
20;55;8.93729
21;53;-4.63388
21;54;-3.04726
21;55;9.04059
22;53;-7.33804
22;54;8.62047
22;55;4.86155
23;53;-0.188382
23;54;0.0462437
23;55;-4.64329
24;53;-4.90977
24;54;4.35901
24;55;-13.0504
25;53;-7.82344
25;54;-7.94634
25;55;9.84019
26;53;-9.38749
26;54;8.82317
26;55;-5.06435
27;53;8.73133
27;54;-7.14926
27;55;-6.05808
28;53;6.07341
28;54;1.33863
28;55;1.62391
29;53;3.11761
29;54;7.84406
29;55;2.60578
30;53;5.4415
30;54;-1.90272
30;55;-8.41753
31;53;7.81874
31;54;-2.49125
31;55;0.32278
32;53;-7.69952
32;54;6.83314
32;55;9.01922
33;53;-3.1453
33;54;3.59286
33;55;1.20393
34;53;-1.34064
34;54;-1.27975
34;55;-3.75611
35;53;5.35947
35;54;3.65484
35;55;1.19733
36;53;1.76293
36;54;8.4501
36;55;1.30456
37;53;0.699319
37;54;5.92502
37;55;-9.44977
38;53;6.4589
38;54;-4.35165
38;55;-6.65466
39;53;0.186448
39;54;3.44434
39;55;4.14122
40;53;3.46612
40;54;-11.6816
40;55;-4.64777
41;53;7.19373
41;54;3.88476
41;55;18.1866
42;53;7.71118
42;54;1.33807
42;55;0.532347
43;53;7.60041
43;54;13.1928
44;53;-0.113657
44;55;8.64642
45;53;-7.66797
45;54;-11.212
45;55;3.3412
46;53;-5.95347
46;54;2.18838
46;55;-8.10535
47;53;-3.25585
47;54;-7.17996
47;55;1.14963
48;53;6.3491
48;54;5.78434
48;55;-11.2536
49;53;-6.8695
49;54;4.388
49;55;0.1707
50;53;-4.11828
50;54;-2.9732
50;55;5.58247
51;53;7.92557
51;54;2.56245
51;55;3.20198
52;53;-9.38298
52;54;-11.0956
52;55;-4.10969
6;52;0.64058
44;67;-2.38095
67;54;6.82757
11;6;-11.6483
43;31;2.69183
