1;53;5.19543
1;54;14.0737
1;55;-8.22273
2;53;2.84118
2;54;8.23295
2;55;-7.96218
3;53;2.73566
3;54;-7.13931
3;55;6.19725
4;53;9.75094
4;54;-7.68423
4;55;2.57742
5;53;7.3695
5;54;4.65093
5;55;-4.28709
6;53;-7.31437
6;54;8.78587
6;55;-0.411467
7;53;3.44356
7;54;-5.0493
7;55;1.48427
8;53;1.29903
8;54;-0.654435
8;55;-12.839
9;53;-6.86642
9;54;5.71954
9;55;-7.40419
10;53;-9.25187
10;54;-4.61521
10;55;-9.50739
11;53;0.419857
11;54;-7.69119
11;55;7.2528
12;53;3.9595
12;54;-16.7269
12;55;0.485744
13;53;5.99732
13;54;-3.91106
13;55;1.23207
14;53;0.652932
14;54;-1.29568
14;55;-9.01653
15;53;-0.858953
15;54;7.89064
15;55;-2.25993
16;53;7.02635
16;54;6.15449
16;55;-8.28902
17;53;-8.84813
17;54;8.98654
17;55;1.66168
18;53;-2.08766
18;54;0.142449
18;55;3.26454
19;53;11.8572
19;54;-2.92163
19;55;4.65136
20;53;3.63799
20;54;3.71776
20;55;8.63985
21;53;1.22283
21;54;5.36754
21;55;6.35915
22;53;6.6419
22;54;7.78525
22;55;0.293529
23;53;3.15043
23;54;-5.97866
23;55;-4.64329
24;53;6.37993
24;54;6.289
24;55;0.497966
25;53;-9.58249
25;54;-3.83251
25;55;14.0846
26;53;-6.95693
26;54;4.98914
26;55;3.73976
27;53;8.73133
27;54;9.16586
27;55;-7.97049
28;54;7.54691
28;55;7.6015
29;53;-2.30411
29;54;9.85537
29;55;-2.55865
30;53;-1.0065
30;54;-1.95794
30;55;-7.05186
31;53;7.36593
31;54;1.7728
31;55;9.0792
32;53;-1.01312
32;54;6.84451
32;55;6.4575
33;53;-3.1453
33;54;0.382637
33;55;14.2973
34;53;8.21944
34;54;2.08076
34;55;-5.6835
35;53;-1.81021
35;54;8.40257
35;55;-7.62531
36;53;1.43509
36;54;-1.92165
36;55;-2.57935
37;53;-9.38594
37;54;6.57442
37;55;0.271394
38;53;2.32325
38;54;-1.05933
38;55;-0.807291
39;53;1.67279
39;54;-4.47531
39;55;-0.951923
40;53;-14.0331
40;54;-2.04506
40;55;0.264437
41;53;-6.08494
41;54;-10.1902
41;55;8.18657
42;53;-6.92155
42;54;-1.89077
42;55;2.35368
43;53;9.53596
43;54;8.19276
43;55;0.625077
44;53;-7.62673
44;54;4.31003
44;55;6.31356
45;53;-8.01485
45;54;-2.50017
45;55;9.57943
46;53;-3.19496
46;54;3.41975
46;55;-7.34222
47;53;7.96943
47;54;8.81767
47;55;-9.2369
48;53;14.0021
48;54;8.75723
48;55;-4.44293
49;53;-6.8695
49;54;11.4428
49;55;2.26403
50;53;4.53776
50;54;4.49124
50;55;4.3481
51;53;14.2504
51;54;-12.8178
51;55;-5.1219
52;53;-1.2522
52;54;-8.43731
52;55;-7.71891
6;17;6.43144
48;62;-7.12383
62;53;9.00208
