1;121;2.11191
1;122;-1.80361
2;121;-13.75
2;122;1.62831
3;121;9.12457
3;122;-2.64444
4;121;-7.44516
4;122;0.44456
5;121;-8.99105
5;122;8.45752
6;121;0.883659
6;122;-2.69265
7;121;4.49751
7;122;-1.62403
8;121;-5.35626
8;122;-7.5491
9;121;-9.12045
9;122;4.86755
10;121;6.85215
10;122;0.771061
11;121;7.35842
11;122;2.21842
12;121;-3.62943
12;122;-5.90962
13;121;-3.31726
13;122;9.86205
14;121;8.55389
14;122;-7.98718
15;121;7.35636
15;122;-7.38322
16;121;-8.06791
16;122;-5.18634
17;121;0.687184
17;122;-9.95179
18;121;4.67272
18;122;1.25994
19;121;7.55985
19;122;-2.73007
20;121;-4.94062
20;122;4.76311
21;121;-4.27255
21;122;2.25529
22;121;-8.91936
22;122;7.37552
23;121;3.0321
23;122;-4.64576
24;121;-4.57059
24;122;-2.30734
25;121;-1.74892
25;122;8.89618
26;121;8.46372
26;122;-8.10886
27;121;4.48418
27;122;-11.6544
28;121;-5.07111
28;122;-8.34989
29;121;-9.87725
29;122;4.3839
30;121;5.86288
30;122;-8.54671
31;121;-0.592022
31;122;7.77454
32;121;2.9975
32;122;5.02844
33;121;-7.2837
33;122;7.06874
34;121;-3.81685
34;122;9.6753
35;121;-2.75397
35;122;9.70264
36;121;4.03908
36;122;2.78876
37;121;3.47951
37;122;-1.08128
38;121;0.0993681
38;122;-0.41285
39;121;3.63751
39;122;-8.15919
40;121;-8.53552
40;122;5.83197
41;121;9.04952
41;122;6.92483
42;121;-1.96853
42;122;7.02653
43;121;-7.15745
43;122;2.56381
44;121;6.01222
44;122;8.33816
45;121;3.30674
45;122;-5.58496
46;121;2.02288
46;122;9.14853
47;121;-7.81042
47;122;-3.15449
48;121;-7.77339
48;122;0.891487
49;121;1.37237
49;122;-6.88128
50;121;11.2819
50;122;-0.0104809
51;121;-8.74379
51;122;-2.82469
52;121;0.841429
52;122;-7.5962
53;121;-5.74027
53;122;6.05424
54;121;0.997887
54;122;-5.98116
55;121;4.67946
55;122;-4.37377
56;121;2.18137
56;122;2.56981
57;121;5.35034
57;122;-6.38117
58;121;-0.772603
58;122;-3.96761
59;121;-1.52293
59;122;8.39292
60;121;6.55035
60;122;2.13147
61;121;-8.69742
61;122;-7.2315
62;121;0.230828
62;122;-3.77468
63;121;-3.59934
63;122;6.71334
64;121;5.74377
64;122;5.84329
65;121;-8.17499
65;122;5.26754
66;121;-0.891783
66;122;5.44046
67;121;-7.55715
67;122;-1.83736
68;121;0.0889225
68;122;1.4589
69;121;9.49657
69;122;-6.73883
70;121;-4.28978
70;122;-6.66964
71;121;5.30597
71;122;-4.06227
72;121;-4.563
72;122;-5.1323
73;121;9.49457
73;122;9.88099
74;121;5.90009
74;122;-8.64285
75;121;-2.32741
75;122;-9.09441
76;121;2.50496
76;122;-1.6625
77;121;13.7901
77;122;7.46688
78;121;7.28657
78;122;-4.26184
79;121;1.17317
79;122;8.07225
80;121;-0.143145
80;122;-1.65223
81;121;-6.41617
81;122;4.4392
82;121;9.9532
82;122;-1.81035
83;121;-1.01826
83;122;2.69044
84;121;-1.7754
84;122;-4.68304
85;121;-3.95104
85;122;7.94583
86;121;-4.97538
86;122;0.274001
87;121;3.85514
87;122;-3.27732
88;121;-1.0977
88;122;0.0842857
89;121;-9.11661
89;122;1.67746
90;121;6.80902
90;122;0.55306
91;121;-1.04873
91;122;-0.686025
92;121;-3.4739
92;122;0.110886
93;121;-5.91692
93;122;9.93621
94;121;7.52623
94;122;0.479094
95;121;3.92593
95;122;4.79119
96;121;-14.478
96;122;-4.9094
97;121;-6.13565
97;122;8.16659
98;121;-0.969144
98;122;-1.11088
99;121;5.30083
99;122;1.18246
100;121;-1.82426
100;122;3.02086
101;121;7.73984
101;122;4.62907
102;121;2.89888
102;122;1.96021
103;121;-3.2873
103;122;-4.38359
104;121;6.99802
104;122;-6.18759
105;121;-9.40567
105;122;-0.196466
106;121;9.02985
106;122;-1.53317
107;121;-1.1472
107;122;4.67445
108;121;-0.47769
108;122;-7.83029
109;121;-6.4386
110;121;-6.66601
110;122;3.56172
111;121;9.64077
111;122;-7.94846
112;121;4.79571
112;122;-4.7706
113;121;7.27198
113;122;6.38644
114;121;4.14112
114;122;-4.48504
115;121;-0.808821
115;122;-3.87195
116;121;-2.55552
116;122;5.07104
117;121;5.83886
117;122;-3.19884
118;121;8.62259
118;122;-2.52769
119;121;6.19725
119;122;-9.93644
120;121;-3.03997
120;122;9.79413
101;120;4.31473
16;100;3.9141
