1;53;-9.0205
1;54;1.62676
1;55;4.4308
2;53;-6.31889
2;54;8.23295
2;55;0.401787
3;53;8.10904
3;54;-9.16644
3;55;10.0072
4;53;8.91309
4;54;-0.452059
4;55;-5.38052
5;53;9.78964
5;54;4.65093
5;55;-8.02285
6;53;-3.72824
6;54;-3.92342
6;55;4.34594
7;53;3.17574
7;54;-5.0493
7;55;7.73984
8;53;-5.14226
8;54;-5.65444
8;55;7.63987
9;53;-3.84474
9;54;3.01889
9;55;-7.40419
10;53;4.71047
10;54;7.34224
10;55;-10.6349
11;53;1.98694
11;54;2.71929
11;55;3.68736
12;53;3.9595
12;54;-3.71914
12;55;-7.27786
13;53;-6.486
13;54;-5.07566
13;55;-10.8621
14;53;12.2975
14;54;6.52074
14;55;-2.86112
15;53;-1.99543
15;54;-6.10105
15;55;5.6344
16;53;-0.769135
16;54;6.15449
16;55;7.44547
17;53;-5.56973
17;54;8.84342
17;55;3.67665
18;53;-4.47315
18;54;-6.15572
18;55;2.15115
19;53;4.6373
19;54;-9.66459
19;55;-5.34633
20;53;-1.76898
20;54;9.23024
20;55;-8.73808
21;53;7.17789
21;54;-9.66727
21;55;8.04416
22;53;-7.38099
22;54;-1.30356
22;55;-3.19884
23;53;9.9098
23;54;5.00493
23;55;-8.20211
24;53;-2.12144
24;54;-6.39807
24;55;-7.09254
25;53;-2.40251
25;54;-0.699839
25;55;9.08464
26;53;4.41905
26;54;9.47083
26;55;-8.63779
27;53;-8.04405
27;54;-1.09889
27;55;3.75723
28;53;-13.7598
28;54;7.54691
28;55;9.13151
29;53;-1.88239
29;54;2.96036
29;55;-7.38418
30;53;6.94932
30;54;3.36449
30;55;0.22279
31;53;-2.36664
31;54;5.39175
31;55;8.14608
32;53;-5.08698
32;54;8.01076
32;55;7.87821
33;53;0.479872
33;54;5.46593
33;55;-2.10987
34;53;-0.851599
34;54;4.27979
34;55;-7.23734
35;53;-1.81021
35;54;7.15436
35;55;-3.75635
36;53;2.62124
36;54;7.19369
36;55;-9.99839
37;53;-9.38594
37;54;5.65266
37;55;-6.09729
38;53;2.83253
38;54;-10.206
38;55;6.90322
39;53;9.32031
39;54;-4.47531
39;55;9.14122
40;53;0.31286
40;54;-6.60786
40;55;6.50323
41;53;-1.43453
41;54;-6.97701
41;55;9.50761
42;53;1.27599
42;54;-1.66823
42;55;-14.5142
43;53;4.10891
43;54;4.81467
43;55;2.59331
44;53;-4.50299
44;54;-11.8592
44;55;0.738157
45;53;-7.66797
45;54;-2.50017
45;55;1.02569
46;53;-13.195
46;54;-7.4905
46;55;-2.5787
47;53;2.11016
47;54;-7.17996
47;55;-1.65368
48;53;11.3491
48;54;-1.6483
48;55;-4.44293
49;53;-13.4467
49;54;8.09077
49;55;0.1707
50;53;-4.11828
50;54;9.19049
50;55;9.94768
51;53;8.9853
51;54;-2.43755
51;55;2.54341
52;53;0.447156
52;54;-1.09934
52;55;11.7974
8;64;4.08654
64;55;7.63987
10;14;-1.25461
2;17;-6.39995
