1;121;11.8654
1;122;-18.9567
2;121;56.6199
2;122;-47.8338
3;121;82.3295
3;122;-61.4887
4;121;-32.9555
4;122;-64.4176
5;121;97.7292
5;122;10.794
6;121;-92.3237
6;122;35.7742
7;121;-27.0431
7;122;-50.9985
8;121;90.446
8;122;83.239
9;121;27.1423
9;122;-84.1753
10;121;-23.013
10;122;-67.2581
11;121;97.3962
11;122;-51.4226
12;121;31.5595
12;122;-84.2053
13;121;-68.6642
13;122;79.1802
14;121;83.4075
14;122;-78.2382
15;121;-66.9849
15;122;-73.8322
16;121;14.0514
16;122;7.00127
17;121;12.528
17;122;67.6293
18;121;-31.5782
18;122;-68.9493
19;121;-48.0445
19;122;57.2218
20;121;44.9061
20;122;54.2715
21;121;-86.536
21;122;52.5824
22;121;-19.9543
22;122;-62.3069
23;121;-38.0323
23;122;-99.2607
24;121;61.5449
24;122;98.7469
25;121;-76.4679
25;122;82.2066
26;121;81.9371
26;122;-9.20386
27;121;95.0513
27;122;0.946777
28;121;78.0465
28;122;-30.2214
29;121;-94.3833
29;122;-95.9954
30;121;67.5491
30;122;-85.4671
31;121;-5.92022
31;122;-49.9839
32;121;-39.0455
32;122;56.8306
33;121;33.1508
33;122;88.2408
34;121;-25.8705
34;122;-68.1875
35;121;-43.5679
35;122;-94.0037
36;121;-33.5636
36;122;-29.962
37;121;71.618
37;122;-29.8863
38;121;-82.7988
38;122;44.1905
39;121;-43.1413
39;122;-36.39
40;121;7.67392
40;122;26.2846
41;121;37.5723
41;122;-12.2477
42;121;-30.5577
42;122;-50.8941
43;121;-74.8653
43;122;-33.9326
44;121;-23.3987
44;122;-1.53535
45;121;64.7318
45;122;-93.6306
46;121;-0.0238724
46;122;47.9136
47;121;44.9117
47;122;-46.3954
48;121;-89.1396
48;122;84.794
49;121;13.7237
49;122;-68.8128
50;121;62.8192
50;122;82.1944
51;121;-3.50187
51;122;86.2367
52;121;90.0505
52;122;87.4214
53;121;-70.468
53;122;53.4879
54;121;50.6234
54;122;0.113609
55;121;35.2028
55;122;-33.3194
56;121;-52.311
56;122;77.0114
57;121;-29.1415
57;122;-3.92234
58;121;-62.4934
58;122;-32.9612
59;121;41.4898
59;122;-9.11871
60;121;-76.0786
60;122;53.3821
61;121;23.5171
61;122;-21.4989
62;121;44.8674
62;122;56.7056
63;121;-67.7128
63;122;42.8571
64;121;-60.4782
64;122;-34.7165
65;121;76.3848
65;122;-16.2673
66;121;64.7119
66;122;-36.207
67;121;-31.2672
67;122;-65.5766
68;121;32.6197
68;122;6.74467
69;121;35.9045
69;122;70.5499
70;121;-42.9574
70;122;4.04417
71;121;55.4532
71;122;-81.2939
72;121;-70.2578
72;122;-9.36489
73;121;-76.4544
73;122;73.3403
74;121;20.7253
74;122;-53.5874
75;121;-44.5509
75;122;62.1864
76;121;-46.8979
76;122;59.203
77;121;-17.647
77;122;-63.0195
78;121;-36.2301
78;122;-75.8466
79;121;-64.5547
79;122;16.604
80;121;8.40378
80;122;35.739
81;121;41.4644
81;122;51.1162
82;121;76.4454
82;122;59.0263
83;121;71.1488
83;122;89.9615
84;121;-33.2814
84;122;39.9902
85;121;-92.4336
85;122;69.4583
86;121;-55.9657
86;122;66.3432
87;121;-99.1677
87;122;19.1603
88;121;18.7784
88;122;11.1026
89;121;56.1978
89;122;60.1075
90;121;82.6053
90;122;5.35023
91;121;-91.5805
91;122;52.0775
92;121;98.8027
92;122;31.6082
93;121;63.5071
93;122;70.9407
94;121;77.2393
94;122;-23.4466
95;121;41.7631
95;122;76.9863
96;121;-69.8585
96;122;26.3987
97;121;33.3094
97;122;35.9822
98;121;28.8826
98;122;60.4576
99;121;53.1317
99;122;-78.9868
100;121;-71.1186
100;122;66.2075
101;121;-8.71712
101;122;48.7622
102;121;-5.34959
102;122;96.7191
103;121;-67.9021
103;122;101.464
104;121;83.4641
104;122;19.6427
105;121;-27.1302
105;122;72.2194
106;121;90.2986
106;122;-53.8838
107;121;-11.472
107;122;-54.1726
108;121;40.124
108;122;36.5062
109;121;-11.6429
109;122;-92.6954
110;121;-71.4991
110;122;-29.4416
111;121;98.6292
111;122;-41.3575
112;121;46.373
112;122;80.9536
113;121;-53.4633
113;122;-13.1899
114;121;27.7479
114;122;-42.8822
115;121;-0.121056
115;122;-38.7195
116;121;71.8451
116;122;-77.3057
117;121;75.7753
117;122;69.5369
118;121;-29.6875
118;122;-10.7892
119;121;-40.5248
119;122;65.2193
120;121;8.65616
120;122;-53.2217
120;79;-36.1343
