1;121;1.18654
1;122;9.52338
2;121;4.32882
2;122;1.62831
3;121;13.531
3;122;-9.00066
4;121;1.93954
4;122;-6.53585
5;121;-2.6309
5;122;0.971595
6;121;-4.40802
6;122;-0.732437
7;121;9.44689
7;122;7.57535
8;121;0.14178
8;122;-5.36388
9;121;-6.41563
9;122;-1.34575
10;121;-2.64158
10;122;8.30188
11;121;9.73962
11;122;-8.64608
12;121;3.02205
12;122;-8.42053
13;121;-3.23061
13;122;0.465927
14;121;8.34075
14;122;-4.6367
15;121;5.65262
15;122;-10.6349
16;121;6.71774
16;122;3.54683
17;121;0.721108
17;122;-6.81787
18;121;0.484874
18;122;6.97824
19;121;7.55985
19;122;0.374804
20;121;-6.39431
20;122;2.18234
21;121;-8.6536
21;122;2.25529
22;121;-8.83705
22;122;-9.20671
23;121;7.28893
23;122;-8.017
24;121;9.16045
24;122;-3.77533
25;121;-6.43453
25;122;-1.36174
26;121;8.46372
26;122;1.27599
27;121;8.91218
27;122;-7.99374
28;121;-8.80935
28;122;0.422708
29;121;-3.81887
29;122;8.73664
30;121;-2.46842
30;122;-0.517368
31;121;4.63877
31;122;-6.22497
32;121;-3.90455
32;122;-9.86888
33;121;-5.2355
33;122;7.06874
34;121;6.29589
34;122;9.68484
35;121;0.641086
35;122;-7.8243
36;121;8.9748
36;122;-9.24852
37;121;-4.89826
37;122;-7.06708
38;121;3.93653
38;122;-0.457282
39;121;0.392794
39;122;-13.1592
40;121;-2.85757
40;122;-1.5981
41;121;0.479069
41;122;-6.38228
42;121;-4.70697
42;122;7.9617
43;121;1.13805
43;122;7.05137
44;121;8.55662
44;122;-8.94046
45;121;-3.20844
45;122;-7.32657
46;121;1.63364
46;122;9.14853
47;121;-8.68299
47;122;5.75459
48;122;6.60662
49;121;-5.24308
49;122;3.40975
50;121;6.28192
50;122;4.86846
51;121;-1.07571
51;122;7.3463
52;121;9.78855
52;122;9.55683
53;121;-5.74027
53;122;6.63478
54;121;5.90067
54;122;-0.981156
55;121;3.52028
55;122;-4.37377
56;121;4.52373
56;122;2.56981
57;121;5.51331
57;122;4.32248
58;121;3.69597
58;122;-1.17144
59;121;-1.45336
59;122;6.86816
60;121;-7.28911
60;122;-9.35632
61;121;-5.55507
61;122;-9.5772
62;121;4.48673
62;122;-3.01274
63;121;-0.819956
63;122;6.71334
64;121;8.38624
64;122;-2.91064
65;121;13.7608
65;122;2.02569
66;121;-5.57744
66;122;5.44046
67;121;-8.69112
67;122;5.00674
68;121;3.00153
68;122;-1.76572
69;121;6.88413
69;122;2.43849
70;121;6.02728
70;122;-8.86284
71;121;-8.22143
71;122;6.44189
72;121;-7.02578
72;122;-7.70812
73;121;1.89775
73;122;-1.49427
74;121;-6.05677
74;122;-8.08747
75;121;1.1252
75;122;-9.09924
76;121;5.63413
76;122;-9.87756
77;121;-3.57626
77;122;-6.53244
78;121;-8.62301
78;122;-7.58466
79;121;8.18
79;122;-7.87925
80;121;0.777704
80;122;5.81847
81;121;3.1684
81;122;6.98305
82;121;-6.21177
82;122;-3.13549
83;121;7.11488
83;122;-7.21222
84;121;-6.66326
84;122;-7.49063
85;121;9.95598
85;122;7.65857
86;121;-1.11242
86;122;6.63432
87;121;9.81645
87;122;-5.03052
88;121;-5.60381
88;122;-1.96326
89;121;-9.11661
89;122;9.35137
90;121;-2.90885
90;122;-6.52275
91;121;-2.81809
91;122;0.151978
92;121;-4.28291
92;122;0.110886
93;121;-5.91692
93;122;7.86242
94;121;8.10193
94;122;2.53389
95;121;-8.57144
95;122;4.79119
96;121;-3.89221
96;122;3.36127
97;121;-0.0438147
97;122;1.06099
98;121;-6.2683
98;122;-0.555882
99;121;-2.38578
99;122;2.24271
100;121;-2.93756
100;122;-8.65022
101;121;-1.96384
101;122;-0.809741
102;121;7.78737
102;122;-1.05526
103;121;4.66922
103;122;-6.48975
104;121;-7.87293
104;122;-6.18759
105;121;-7.97212
105;122;6.05326
106;121;5.61974
106;122;0.304025
107;121;8.10692
107;122;1.77337
108;121;8.57771
108;122;3.65062
109;121;7.6147
109;122;7.71141
110;121;-3.81549
110;122;-0.182236
111;121;1.13555
111;122;2.2923
112;121;9.41711
112;122;4.50708
113;121;-7.24252
113;122;1.16946
114;121;2.77479
114;122;-3.9053
115;121;2.90315
115;122;-2.79634
116;121;7.31851
116;122;5.99356
117;121;6.7382
117;122;9.95197
118;121;8.62259
118;122;1.40742
119;121;9.4778
119;122;-9.93644
120;121;1.28472
120;122;0.59836
112;142;9.19491
142;121;9.41711
