
---- Results of cofig: ----
  keep=0.424
  threshold=3.907
  interSpeciesRate=0.001
  noCrossoverOff=0.242
  probabilityWeightMutated=0.723
  probabilityAddNodeSmall=0.03
  probabilityAddLink_small=0.016
  probabilityAddNodeLarge=0.293
  probabilityAddLink_Large=0.106
  largeSize=20
  c1=0.873
  c2=0.982
  c3=0.382
  numberGenomes=50
  numberInputs=120
  numberOutputs=2
  evolutions=50
  n_max=400
  learningRate=5
  inputWeights=110,150
  weightsRange=-10,10
  process_max=25
  function=
  folder=results/trial-4

--Results of run:0 --
Best Genome 
Genome id: 1421
Genome fitness: 0.97
   IN  OUT    Weight  Innov
    1  121   1.18654      1
    1  122   9.52338      2
    2  121   4.32882      3
    2  122   1.62831      4
    3  121    13.531      5
    3  122  -9.00066      6
    4  121   1.93954      7
    4  122  -6.53585      8
    5  121   -2.6309      9
    5  122  0.971595     10
    6  121  -4.40802     11
    6  122 -0.732437     12
    7  121   9.44689     13
    7  122   7.57535     14
    8  121   0.14178     15
    8  122  -5.36388     16
    9  121  -6.41563     17
    9  122  -1.34575     18
   10  121  -2.64158     19
   10  122   8.30188     20
   11  121   9.73962     21
   11  122  -8.64608     22
   12  121   3.02205     23
   12  122  -8.42053     24
   13  121  -3.23061     25
   13  122  0.465927     26
   14  121   8.34075     27
   14  122   -4.6367     28
   15  121   5.65262     29
   15  122  -10.6349     30
   16  121   6.71774     31
   16  122   3.54683     32
   17  121  0.721108     33
   17  122  -6.81787     34
   18  121  0.484874     35
   18  122   6.97824     36
   19  121   7.55985     37
   19  122  0.374804     38
   20  121  -6.39431     39
   20  122   2.18234     40
   21  121   -8.6536     41
   21  122   2.25529     42
   22  121  -8.83705     43
   22  122  -9.20671     44
   23  121   7.28893     45
   23  122    -8.017     46
   24  121   9.16045     47
   24  122  -3.77533     48
   25  121  -6.43453     49
   25  122  -1.36174     50
   26  121   8.46372     51
   26  122   1.27599     52
   27  121   8.91218     53
   27  122  -7.99374     54
   28  121  -8.80935     55
   28  122  0.422708     56
   29  121  -3.81887     57
   29  122   8.73664     58
   30  121  -2.46842     59
   30  122 -0.517368     60
   31  121   4.63877     61
   31  122  -6.22497     62
   32  121  -3.90455     63
   32  122  -9.86888     64
   33  121   -5.2355     65
   33  122   7.06874     66
   34  121   6.29589     67
   34  122   9.68484     68
   35  121  0.641086     69
   35  122   -7.8243     70
   36  121    8.9748     71
   36  122  -9.24852     72
   37  121  -4.89826     73
   37  122  -7.06708     74
   38  121   3.93653     75
   38  122 -0.457282     76
   39  121  0.392794     77
   39  122  -13.1592     78
   40  121  -2.85757     79
   40  122   -1.5981     80
   41  121  0.479069     81
   41  122  -6.38228     82
   42  121  -4.70697     83
   42  122    7.9617     84
   43  121   1.13805     85
   43  122   7.05137     86
   44  121   8.55662     87
   44  122  -8.94046     88
   45  121  -3.20844     89
   45  122  -7.32657     90
   46  121   1.63364     91
   46  122   9.14853     92
   47  121  -8.68299     93
   47  122   5.75459     94
   48  122   6.60662     96
   49  121  -5.24308     97
   49  122   3.40975     98
   50  121   6.28192     99
   50  122   4.86846    100
   51  121  -1.07571    101
   51  122    7.3463    102
   52  121   9.78855    103
   52  122   9.55683    104
   53  121  -5.74027    105
   53  122   6.63478    106
   54  121   5.90067    107
   54  122 -0.981156    108
   55  121   3.52028    109
   55  122  -4.37377    110
   56  121   4.52373    111
   56  122   2.56981    112
   57  121   5.51331    113
   57  122   4.32248    114
   58  121   3.69597    115
   58  122  -1.17144    116
   59  121  -1.45336    117
   59  122   6.86816    118
   60  121  -7.28911    119
   60  122  -9.35632    120
   61  121  -5.55507    121
   61  122   -9.5772    122
   62  121   4.48673    123
   62  122  -3.01274    124
   63  121 -0.819956    125
   63  122   6.71334    126
   64  121   8.38624    127
   64  122  -2.91064    128
   65  121   13.7608    129
   65  122   2.02569    130
   66  121  -5.57744    131
   66  122   5.44046    132
   67  121  -8.69112    133
   67  122   5.00674    134
   68  121   3.00153    135
   68  122  -1.76572    136
   69  121   6.88413    137
   69  122   2.43849    138
   70  121   6.02728    139
   70  122  -8.86284    140
   71  121  -8.22143    141
   71  122   6.44189    142
   72  121  -7.02578    143
   72  122  -7.70812    144
   73  121   1.89775    145
   73  122  -1.49427    146
   74  121  -6.05677    147
   74  122  -8.08747    148
   75  121    1.1252    149
   75  122  -9.09924    150
   76  121   5.63413    151
   76  122  -9.87756    152
   77  121  -3.57626    153
   77  122  -6.53244    154
   78  121  -8.62301    155
   78  122  -7.58466    156
   79  121      8.18    157
   79  122  -7.87925    158
   80  121  0.777704    159
   80  122   5.81847    160
   81  121    3.1684    161
   81  122   6.98305    162
   82  121  -6.21177    163
   82  122  -3.13549    164
   83  121   7.11488    165
   83  122  -7.21222    166
   84  121  -6.66326    167
   84  122  -7.49063    168
   85  121   9.95598    169
   85  122   7.65857    170
   86  121  -1.11242    171
   86  122   6.63432    172
   87  121   9.81645    173
   87  122  -5.03052    174
   88  121  -5.60381    175
   88  122  -1.96326    176
   89  121  -9.11661    177
   89  122   9.35137    178
   90  121  -2.90885    179
   90  122  -6.52275    180
   91  121  -2.81809    181
   91  122  0.151978    182
   92  121  -4.28291    183
   92  122  0.110886    184
   93  121  -5.91692    185
   93  122   7.86242    186
   94  121   8.10193    187
   94  122   2.53389    188
   95  121  -8.57144    189
   95  122   4.79119    190
   96  121  -3.89221    191
   96  122   3.36127    192
   97  121-0.0438147    193
   97  122   1.06099    194
   98  121   -6.2683    195
   98  122 -0.555882    196
   99  121  -2.38578    197
   99  122   2.24271    198
  100  121  -2.93756    199
  100  122  -8.65022    200
  101  121  -1.96384    201
  101  122 -0.809741    202
  102  121   7.78737    203
  102  122  -1.05526    204
  103  121   4.66922    205
  103  122  -6.48975    206
  104  121  -7.87293    207
  104  122  -6.18759    208
  105  121  -7.97212    209
  105  122   6.05326    210
  106  121   5.61974    211
  106  122  0.304025    212
  107  121   8.10692    213
  107  122   1.77337    214
  108  121   8.57771    215
  108  122   3.65062    216
  109  121    7.6147    217
  109  122   7.71141    218
  110  121  -3.81549    219
  110  122 -0.182236    220
  111  121   1.13555    221
  111  122    2.2923    222
  112  121   9.41711    223
  112  122   4.50708    224
  113  121  -7.24252    225
  113  122   1.16946    226
  114  121   2.77479    227
  114  122   -3.9053    228
  115  121   2.90315    229
  115  122  -2.79634    230
  116  121   7.31851    231
  116  122   5.99356    232
  117  121    6.7382    233
  117  122   9.95197    234
  118  121   8.62259    235
  118  122   1.40742    236
  119  121    9.4778    237
  119  122  -9.93644    238
  120  121   1.28472    239
  120  122   0.59836    240
  112  142   9.19491    295
  142  121   9.41711    296

Summerized results: 
run: 0 bestFitness: 0
Max fitness: 0
Percentage: 100% (1 of 1)
--------------------------------------------------------------
