1;121;-8.89613
1;122;-18.036
2;121;95.4534
2;122;78.5692
3;121;29.0927
3;122;21.4853
4;121;-15.1129
4;122;-10.9843
5;121;-13.8711
5;122;84.5752
6;121;54.1194
6;122;66.6363
7;121;11.5376
7;122;-98.106
8;121;24.3388
8;122;34.996
9;121;-91.2045
9;122;43.5016
10;121;97.0592
10;122;-36.0448
11;121;70.412
11;122;10.8137
12;121;-10.8327
12;122;-36.5606
13;121;75.9769
13;122;36.3252
14;121;64.5764
14;122;-44.8135
15;121;48.5127
15;122;-73.8322
16;121;-58.3302
16;122;33.3629
17;121;-43.2112
17;122;-94.1274
18;121;46.7272
18;122;-46.7398
19;121;31.38
19;122;-60.9327
20;121;86.228
20;122;-94.929
21;121;-86.536
21;122;78.8673
22;121;29.7228
22;122;-92.0671
23;121;-85.1885
23;122;-77.9146
24;121;-45.7059
24;122;-49.3448
25;121;-63.5973
25;122;78.6636
26;121;36.0359
26;122;5.63468
27;121;92.2028
27;122;-74.7968
28;121;88.6997
28;122;6.33604
29;121;-54.5136
29;122;88.9673
30;121;97.8269
30;122;-38.0722
31;121;-97.1299
31;122;50.1803
32;121;70.9317
32;122;103.176
33;121;78.2274
33;122;-84.252
34;121;-17.7268
34;122;32.659
35;121;29.0906
35;122;28.4646
36;121;84.0959
36;122;-51.8125
37;121;-91.6257
37;122;-38.1575
38;121;79.3366
38;122;29.3521
39;121;95.3542
39;122;67.6797
40;121;-66.7779
40;122;58.3197
41;121;-82.7897
41;122;1.76167
42;121;-50.3637
42;122;-11.852
43;121;-66.2342
43;122;65.541
44;121;-2.18225
44;122;63.5635
45;121;-3.00282
45;122;75.4198
46;121;16.3364
46;122;-38.464
47;121;-78.1042
47;122;-19.0922
48;121;65.019
48;122;-39.1849
49;121;-52.4308
49;122;-7.40376
50;121;92.883
50;122;-0.104805
51;121;-87.4379
51;122;-87.9094
52;121;-75.1527
52;122;55.6386
53;121;5.77842
53;122;-28.2105
54;121;77.3809
54;122;18.4302
55;121;35.2028
55;122;18.9559
56;121;45.2373
56;122;27.5466
57;121;45.1331
57;122;-69.478
58;121;26.9597
58;122;-83.4865
59;121;-33.5372
59;122;-43.1587
60;121;93.1004
60;122;53.3821
61;121;-10.0276
61;122;-47.7116
62;121;-57.7949
62;122;3.1425
63;121;0.991203
63;122;-36.4438
64;121;63.9576
64;122;22.1559
65;121;-73.967
65;122;-96.2024
66;121;25.2202
66;122;4.83623
67;121;29.4858
67;122;-65.5766
68;121;51.7302
68;122;-11.7059
69;121;-78.1431
69;122;38.8298
70;121;88.4638
70;122;32.1931
71;121;-32.2143
71;122;-9.05911
72;121;-40.2603
72;122;-77.0812
73;121;-54.7969
73;122;29.9234
74;121;-71.3947
74;122;-59.9227
75;121;51.0989
75;122;-33.4588
76;121;21.4773
76;122;21.9343
77;121;50.2142
77;122;-25.3244
78;121;4.36689
78;122;10.9778
79;121;-15.4919
79;122;-65.2277
80;121;-65.3402
80;122;29.9817
81;121;-27.878
81;122;84.7583
82;121;-26.3927
82;122;-0.14447
83;121;34.8258
83;122;-93.5301
84;121;-33.2814
84;122;-80.9601
85;121;-36.6231
85;122;76.5856
86;121;60.8003
86;122;31.1626
87;121;-34.9588
87;122;48.6155
88;121;51.4171
88;122;84.0188
89;121;45.3149
89;122;54.3219
90;121;-0.940689
90;122;5.5306
91;121;-81.2441
91;122;-79.4634
92;121;-42.2087
92;122;-29.9585
93;121;-91.1852
93;122;62.1582
94;121;91.0193
94;122;3.02402
95;121;-69.5173
95;122;29.9441
96;121;9.38515
96;122;2.60473
97;121;-74.6842
97;122;73.0722
98;121;-7.36098
98;122;60.1416
99;121;-69.1124
99;122;98.9811
100;121;16.8242
100;122;38.2433
101;121;19.3624
101;122;55.264
102;121;67.1411
102;122;68.4342
103;121;-99.5455
103;122;65.6893
104;121;-18.4424
104;122;49.2793
105;121;68.0819
105;122;60.5326
106;121;-99.4149
106;122;-86.818
107;121;-11.472
107;122;-86.0112
108;121;96.9908
108;122;-13.7185
109;121;-64.386
109;122;-43.5442
110;121;89.3055
110;122;77.3771
111;121;19.755
111;122;31.9055
112;121;94.1711
112;122;45.0708
113;121;-72.4252
113;122;-23.1603
114;121;47.2827
114;122;-46.4777
115;121;-13.3339
115;122;-5.53367
116;121;42.8466
116;122;81.8033
117;121;-82.2633
117;122;63.3335
118;121;-29.5152
118;122;-38.9159
119;121;36.7851
119;122;-1.13657
120;121;-18.6212
120;122;-30.1948
