1;121;96.3324
1;122;-18.9567
2;121;90.2858
2;122;-88.581
3;121;6.2289
3;122;-26.4444
4;121;-82.4722
4;122;-67.6933
5;121;33.0989
5;122;69.6289
6;121;-26.7969
6;122;100.778
7;121;-92.8946
7;122;-16.2403
8;121;-79.6375
8;122;-11.9897
9;121;73.4225
9;122;-26.3987
10;121;-29.4729
10;122;-87.8503
11;121;-72.887
11;122;90.1918
12;121;61.4134
12;122;-98.3063
13;121;-90.312
13;122;74.3873
14;121;12.3207
14;122;-79.8718
15;121;-86.8311
15;122;-33.0823
16;121;-30.4197
16;122;-60.3834
17;121;-13.7606
17;122;-99.5179
18;121;-82.5692
18;122;92.4683
19;121;-56.6423
19;122;-22.8983
20;121;-63.9431
20;122;-79.1487
21;121;-27.5469
21;122;52.5824
22;121;-32.5584
22;122;-38.5223
23;121;30.321
23;122;-99.2607
24;121;-60.8337
24;122;28.8914
25;121;-5.08036
25;122;29.8761
26;121;-85.765
26;122;-81.0886
27;121;89.1218
27;122;93.7099
28;121;-33.1168
28;122;-60.9497
29;121;-94.3833
29;122;-69.6094
30;121;67.5491
30;122;72.7505
31;121;-5.92022
31;122;47.2323
32;121;-16.608
32;122;-14.7008
33;121;33.1508
33;122;58.0589
34;121;-38.1685
34;122;-17.3355
35;121;-64.8393
35;122;28.4646
36;121;-65.209
36;122;-29.962
37;121;96.1912
37;122;37.3552
38;121;92.5033
38;122;15.9202
39;121;-64.8572
39;122;-32.369
40;121;-99.3436
40;122;-4.3174
41;121;-98.3762
41;122;96.6636
42;121;10.3652
42;122;67.8689
43;121;-11.6977
43;122;98.6127
44;121;48.4243
44;122;-98.4754
45;121;-6.76682
45;122;98.2549
46;121;-0.0238724
46;122;61.1083
47;121;-56.8114
47;122;40.9823
48;121;47.9567
48;122;66.3394
49;121;12.1663
49;122;31.0532
50;121;-4.23669
50;122;-30.0022
51;121;93.7153
51;122;27.7026
52;121;-98.1195
52;122;-97.9103
53;121;-57.4027
53;122;-93.1634
54;121;-28.4412
54;122;-52.8694
55;121;46.7946
55;122;-48.5632
56;121;86.552
56;122;-98.6474
57;121;24.3439
57;122;14.9527
58;121;-20.4185
58;122;12.3985
59;121;92.7547
59;122;33.9667
60;121;-56.2945
60;122;99.0447
61;121;-4.14169
61;122;-22.7881
62;121;2.30829
62;122;-53.8621
63;121;-77.7128
63;122;-7.73502
64;121;23.045
64;122;-56.5337
65;121;-7.72994
65;122;91.6003
66;121;-11.2445
66;122;-118.285
67;121;-39.2726
67;122;-53.1945
68;121;27.3724
68;122;65.881
69;121;86.1329
69;122;70.6334
70;121;60.2728
70;122;-42.8915
71;121;-46.1694
71;122;-39.9192
72;121;18.2624
72;122;16.7564
73;121;-66.4544
73;122;28.8477
74;121;9.00092
74;122;-76.7071
75;121;-86.9419
75;122;64.8217
76;121;73.5537
76;122;69.8893
77;121;-35.1519
77;122;-88.5578
78;121;72.8657
78;122;-37.0254
79;121;-23.4743
79;122;-68.291
80;121;81.5804
80;122;87.3712
81;121;-8.76971
81;122;89.6507
82;121;-86.008
82;122;58.4195
83;121;-96.4973
83;122;-62.9835
84;121;29.7557
84;122;79.5865
85;121;-92.4336
85;122;23.7612
86;121;-55.9657
86;122;2.01148
87;121;-58.5708
87;122;94.443
88;121;-33.5786
88;122;-76.4834
89;121;-23.1096
89;122;86.6443
90;121;-16.8018
90;122;36.1335
91;121;-42.7168
91;122;-95.2169
92;121;98.8027
92;122;85.0501
93;121;-64.89
93;122;34.4744
94;121;-73.997
94;122;-13.3362
95;121;-75.7491
95;122;-59.6605
96;121;-21.3915
96;122;-49.094
97;121;-61.3565
97;122;-51.9493
98;121;20.3336
98;122;-1.08818
99;121;-53.4464
99;122;-64.5623
100;121;-11.2735
100;122;-85.0759
101;121;91.1964
101;122;80.2779
102;121;33.6461
102;122;85.3413
103;121;-63.2866
103;122;-86.2542
104;121;69.9802
104;122;-26.3307
105;121;-94.0566
105;122;19.1326
106;121;97.4358
106;122;-36.7734
107;121;-68.9763
107;122;59.0978
108;121;70.9828
108;122;-44.6266
109;121;64.8456
109;122;77.1141
110;121;4.656
110;122;77.3771
111;121;11.3555
111;122;80.84
112;121;56.373
112;122;30.2182
113;121;42.0297
113;122;-23.1603
114;121;-37.292
114;122;-29.3106
115;121;-12.2802
115;122;-52.1181
116;121;73.1851
116;122;-1.2049
117;121;-71.9302
117;122;109.52
118;121;99.098
118;122;-25.2769
119;121;-40.5248
119;122;-99.3644
120;121;-42.406
120;122;-98.9782
40;15;-57.9779
