1;121;7.89422
1;122;-0.699839
2;121;-8.74997
2;122;-12.3144
3;121;1.91925
3;122;-0.411467
4;121;3.52618
4;122;-1.09843
5;121;6.21342
5;122;-8.75981
6;121;-4.40802
6;122;-2.0573
7;121;9.91538
7;122;-3.97133
8;121;0.14178
8;122;9.28497
9;121;3.01432
9;122;-9.04824
10;121;3.70592
10;122;0.340513
11;121;8.61333
11;122;-4.72767
12;121;3.02205
12;122;-8.42053
13;121;-6.4531
13;122;8.09077
14;121;8.34075
14;122;-7.03529
15;121;9.51359
15;122;-2.38322
16;121;-8.06791
16;122;5.43776
17;121;-5.3821
17;122;1.56334
18;121;0.484874
18;122;6.97824
19;121;-0.419701
19;122;-7.41721
20;121;-4.09381
20;122;3.77328
21;121;-6.43372
21;122;10.9631
22;121;-8.91936
22;122;0.417031
23;121;1.98851
23;122;1.22241
24;121;3.71776
24;122;1.87733
25;121;-7.03231
25;122;9.91241
26;121;9.52656
26;122;2.74392
27;121;13.9122
27;122;-4.65395
28;121;-3.64793
28;122;-9.40508
29;121;-9.02523
29;122;-0.259811
30;121;6.75491
30;122;-4.57064
31;121;2.68159
31;122;7.77454
32;121;-8.90455
32;122;-6.92192
33;121;3.06559
33;122;-0.997668
34;121;-4.97303
34;122;-3.20754
35;121;-0.801121
35;122;1.68865
36;121;3.44858
36;122;-5.18125
37;121;3.97964
37;122;-1.08128
38;121;1.33857
38;122;6.30394
39;121;-4.24836
39;122;-5.02016
40;121;-2.59441
40;122;3.5531
41;121;-2.89429
41;122;6.92483
42;121;-6.47154
42;122;-1.1852
43;121;-9.72962
43;122;9.85824
44;121;13.5566
44;122;9.79576
45;121;5.54186
45;122;-5.58496
46;121;8.50631
46;122;5.67615
47;121;4.49117
47;122;-3.15449
48;121;-1.3068
48;122;6.60662
49;121;-4.33042
49;122;7.09096
50;121;6.28192
50;122;9.50084
51;121;-5.20603
51;122;-0.269494
52;121;-4.58626
52;122;-7.5962
53;121;-7.77763
53;122;-2.82105
54;121;5.90067
54;122;-6.75776
55;121;4.37192
55;122;1.63336
56;121;-0.283009
56;122;-7.89337
57;121;5.51331
57;122;-5.42712
58;121;6.94277
58;122;-8.96761
59;121;-2.95213
59;122;-0.911871
60;121;-7.23836
60;122;4.81708
61;121;-1.00276
61;122;-2.14989
62;121;6.31983
62;122;5.0955
63;121;9.68937
63;122;1.71334
64;121;-2.93297
64;122;9.84962
65;121;3.50049
65;122;-7.20722
66;121;-5.32738
66;122;-3.6207
67;121;-8.24381
67;122;-9.86817
68;121;7.73724
68;122;6.36082
69;121;6.88413
69;122;7.05499
70;121;6.02728
70;122;0.404416
71;121;5.24343
71;122;5.00749
72;121;-6.22626
72;122;9.12111
73;121;6.30418
73;122;7.09093
74;121;-11.9582
74;122;1.50406
75;121;-3.8748
75;122;8.87698
76;121;-7.79996
76;122;-7.23676
77;121;3.47918
77;122;-1.67749
78;121;4.3046
78;122;-1.83813
79;121;9.78118
79;122;-3.16755
80;121;-12.735
80;122;5.81847
81;121;-6.41617
81;122;13.9651
82;121;-4.11887
82;122;9.70399
83;121;7.11488
83;122;1.4547
84;121;-7.05876
84;122;3.99901
85;121;7.07627
85;122;7.94583
86;121;3.0265
86;122;6.63432
87;121;9.81645
87;122;-2.62235
88;121;-1.0977
88;122;3.18233
89;121;-9.11661
89;122;6.64873
90;121;-11.2132
90;122;-6.52275
91;121;7.58305
91;122;-8.62185
92;121;5.71709
92;122;9.13585
93;121;-5.91692
93;122;3.99476
94;121;12.0734
94;122;-4.14764
95;121;9.21483
95;122;-8.63405
96;121;-3.89221
96;122;3.36127
97;121;-6.13565
97;122;-3.93901
98;121;-9.75397
98;122;6.86613
99;121;5.69051
99;122;-1.41723
100;121;1.68242
100;122;8.21687
101;121;4.87599
101;122;18.0278
102;121;6.71411
102;122;-6.89422
103;121;7.47208
103;122;-1.95941
104;121;-7.87293
104;122;-5.03695
105;121;-3.40876
105;122;-0.196466
106;121;-0.81922
106;122;-7.70892
107;121;-6.89763
107;122;-0.253059
108;121;-10.8459
108;122;-1.37185
109;121;3.609
109;122;-2.08024
110;121;-3.81549
110;122;-2.58049
111;121;9.64077
111;122;2.2923
112;121;9.41711
112;122;-8.16271
113;121;8.35329
113;122;2.82837
114;121;0.521239
114;122;-4.6204
115;121;7.3312
115;122;3.19653
116;121;-0.83149
116;122;-1.00825
117;121;4.63387
117;122;-0.262251
118;121;7.93649
118;122;-1.07892
119;121;8.19501
119;122;1.96677
120;121;14.7434
120;122;0.59836
34;130;-5.15197
130;122;8.51063
94;87;-2.22044
