
---- Results of cofig: ----
  keep=0.453
  threshold=3.584
  interSpeciesRate=0.001
  noCrossoverOff=0.344
  probabilityWeightMutated=0.774
  probabilityAddNodeSmall=0.035
  probabilityAddLink_small=0.047
  probabilityAddNodeLarge=0.343
  probabilityAddLink_Large=0.137
  largeSize=20
  c1=1.382
  c2=1.219
  c3=0.471
  numberGenomes=50
  numberInputs=120
  numberOutputs=2
  evolutions=50
  n_max=400
  learningRate=5
  inputWeights=110,150
  weightsRange=-10,10
  process_max=25
  function=
  folder=results/trial-24

--Results of run:0 --
Best Genome 
Genome id: 1348
Genome fitness: 0.97
   IN  OUT    Weight  Innov
    1  121   4.30566      1
    1  122 -0.476619      2
    2  121   9.02858      3
    2  122   5.21428      4
    3  121  -5.48509      5
    3  122   4.37773      6
    4  121   9.02534      7
    4  122  -6.53585      8
    5  121   3.30989      9
    5  122   8.45752     10
    6  121   3.53958     11
    6  122  -3.75836     12
    7  121  -1.75207     13
    7  122   2.11105     14
    8  121   1.11745     15
    8  122   9.52959     16
    9  121   3.63324     17
    9  122   1.61734     18
   10  121  -8.00893     19
   10  122   3.28669     20
   11  121   9.73962     21
   11  122  -4.39105     22
   12  121   6.65518     23
   12  122   3.05027     24
   13  121   1.12847     25
   13  122   9.86205     26
   14  121   7.37848     27
   14  122  -7.03529     28
   15  121   1.81551     29
   15  122 -0.227818     30
   16  121 -0.784635     31
   16  122   3.54683     32
   17  121  0.721108     33
   17  122   7.83194     34
   18  121 -0.327282     35
   18  122  -3.45779     36
   19  121   2.04061     37
   19  122  -3.15224     38
   20  121  -4.94062     39
   20  122  -4.59181     40
   21  121  -8.63941     41
   21  122  -8.70825     42
   22  121 -0.225338     43
   22  122  -2.58758     44
   23  121  0.997777     45
   23  122   1.22241     46
   24  121   9.16045     47
   24  122   9.87469     48
   25  121  -6.83969     49
   25  122   8.89618     50
   26  121   9.52656     51
   26  122 -0.449327     52
   27  121  -2.61044     53
   27  122  -6.65444     54
   28  121  -1.97436     55
   28  122  0.633603     56
   29  121  -9.36908     57
   29  122  -5.51673     58
   30  121   6.75491     59
   30  122  -8.54671     60
   31  121 -0.592022     61
   31  122  -4.52144     62
   32  121    6.6745     63
   32  122  -5.61019     64
   33  121   7.82274     65
   33  122   7.91192     66
   34  121  0.932023     67
   34  122    9.6753     68
   35  121   2.90906     69
   35  122   4.70264     70
   36  121  -5.59905     71
   36  122  -7.88526     72
   37  121   5.20698     73
   37  122  -2.98863     74
   38  121   6.28703     75
   38  122  -1.45389     76
   39  121  0.392794     77
   39  122   8.62522     78
   40  121   5.01413     79
   40  122   5.83197     80
   41  121 -0.107875     81
   41  122   6.92483     82
   42  121  -5.03637     83
   42  122    7.9617     84
   43  121  -5.96301     85
   43  122   9.85824     86
   44  121  -7.33987     87
   44  122 -0.976325     88
   45  121  -3.29715     89
   45  122   -15.585     90
   46  121  -6.64936     91
   46  122   5.67615     92
   47  121  -2.36145     93
   47  122  -9.97486     94
   48  121   4.99379     95
   48  122  -9.98767     96
   49  121   1.37237     97
   49  122  -1.59025     98
   50  121    9.2883     99
   50  122-0.0571613    100
   51  121   3.46539    101
   51  122  -7.60641    102
   52  121  0.841429    103
   52  122  -2.72441    104
   53  121  0.577842    105
   53  122   6.05424    106
   54  121  0.997887    107
   54  122  -6.75776    108
   55  121   1.03362    109
   55  122 -0.448976    110
   56  121   4.52373    111
   56  122  -7.89337    112
   57  121   5.51331    113
   57  122  -6.38117    114
   58  121   7.54437    115
   58  122  0.753521    116
   59  121  -3.35963    117
   59  122   11.8875    118
   60  121  -5.62945    119
   60  122   6.78381    120
   61  121  -1.00276    121
   61  122   9.34453    122
   62  121  0.230828    123
   62  122   10.4603    124
   63  121   5.09912    125
   63  122   3.70629    126
   64  121    2.3045    127
   64  122   4.85604    128
   65  121   7.63848    129
   65  122  -9.62024    130
   66  121  -2.47798    131
   66  122  -5.78669    132
   67  121   6.12016    133
   67  122  -9.86817    134
   68  121  -3.94289    135
   68  122  -3.98408    136
   69  121  -7.81431    137
   69  122  -1.70253    138
   70  121  -1.73157    139
   70  122  -2.40172    140
   71  121   3.53108    141
   71  122   8.35634    142
   72  121   -3.6231    143
   72  122  -2.73203    144
   73  121   3.36589    145
   73  122    5.6043    146
   74  121   2.07253    147
   74  122   11.5035    148
   75  121    1.1252    149
   75  122  -4.09924    150
   76  121   7.14773    151
   76  122  -2.76016    152
   77  121  -7.00817    153
   77  122   1.73747    154
   78  121  -3.62301    155
   78  122  0.738157    156
   79  121   1.17317    157
   79  122 -0.935143    158
   80  121  -4.04618    159
   80  122   7.99817    160
   81  121  -12.7878    161
   81  122   8.96507    162
   82  121   8.45317    163
   82  122   5.90263    164
   83  121   7.11488    165
   83  122    1.4547    166
   84  121    6.1629    167
   84  122  -8.09601    168
   85  121  -9.24336    169
   85  122   3.86621    170
   86  121  -1.11242    171
   86  122   9.90132    172
   87  121   14.8164    173
   87  122  -2.62235    174
   88  121   5.14171    175
   88  122   3.18233    176
   89  121  -9.11661    177
   89  122   9.35137    178
   90  121    2.5225    179
   90  122  0.940299    180
   91  121  -3.99451    181
   91  122  -7.94634    182
   92  121   9.88027    183
   92  122  0.110886    184
   93  121  0.521223    185
   93  122   1.21582    186
   94  121   5.04242    187
   94  122  -2.47613    188
   95  121-0.0918398    189
   95  122  -2.99793    190
   96  121  -5.65364    191
   96  122  0.260472    192
   97  121   4.28361    193
   97  122   8.16659    194
   98  121  -4.28709    195
   98  122  -3.72824    196
   99  121   8.75143    197
   99  122  -6.41723    198
  100  121   13.5365    199
  100  122  -1.06757    200
  101  121   7.73984    201
  101  122 -0.143605    202
  102  121   2.89888    203
  102  122  -6.89422    204
  103  121  -7.82785    205
  103  122  -3.18704    206
  104  121  -9.28667    207
  104  122  -3.96006    208
  105  121   4.08238    209
  105  122 -0.196466    210
  106  121   9.02985    211
  106  122  -7.67612    212
  107  121   3.68736    213
  107  122 -0.253059    214
  108  121 -0.182171    215
  108  122 0.0380726    216
  109  121  -1.16429    217
  109  122    9.5388    218
  110  121  -9.61133    219
  111  121    1.9755    221
  111  122  -3.74121    222
  112  121  0.923435    223
  112  122  -4.04134    224
  113  121  -3.82426    225
  113  122   1.16946    226
  114  121   8.38118    227
  114  122   8.11882    228
  115  121    7.3312    229
  115  122  -1.46582    230
  116  121   8.53582    231
  116  122   5.07104    232
  117  121  -7.22633    233
  117  122   3.64258    234
  118  121  -2.96875    235
  118  122  -1.07892    236
  119  121   3.79017    237
  119  122  -6.74855    238
  120  121 -0.618999    239
  120  122   0.59836    240
   25   85   -5.4918    245

Summerized results: 
run: 0 bestFitness: 0
Max fitness: 0
Percentage: 100% (1 of 1)
--------------------------------------------------------------
