1;122;-1.89567
2;121;-6.11419
2;122;1.33455
3;121;2.29937
3;122;-6.68236
4;121;9.02534
4;122;-6.53585
5;121;6.21342
5;122;8.45752
6;121;3.82735
6;122;-0.732437
7;121;-1.13279
7;122;2.18569
8;121;-7.08016
8;122;6.75651
9;121;-0.887179
9;122;3.85792
10;121;3.70592
10;122;0.771061
11;121;7.35842
11;122;8.80647
12;121;3.02205
12;122;-5.90962
13;121;-3.8319
13;122;3.63252
14;121;8.55389
14;122;-8.87869
15;121;5.65262
15;122;-2.60034
16;121;-13.0679
16;122;8.85657
17;121;-10.1219
17;122;0.843845
18;121;0.484874
18;122;1.22618
19;121;-3.42176
19;122;-7.41721
20;121;-4.94062
20;122;-9.4929
21;121;-8.90005
21;122;1.18989
22;121;-5.22534
22;122;-2.58758
23;121;-5.55902
23;122;1.22241
24;121;6.90511
24;122;8.75429
25;121;0.0803385
25;122;9.91241
26;121;9.52656
26;122;-0.180037
27;121;8.91218
27;122;2.5486
28;121;-1.97436
28;122;3.75091
29;121;-9.02523
29;122;-0.259811
30;121;4.07343
30;122;-2.77287
31;121;9.63877
31;122;-6.22497
32;121;-1.6608
32;122;-6.92192
33;121;5.61908
33;122;1.34722
34;121;6.29589
34;122;9.6753
35;121;4.17827
35;122;-3.36513
36;121;13.4486
36;122;0.54528
37;121;-4.89826
37;122;-2.98863
38;121;-5.30578
38;122;-0.457282
39;121;-4.24836
39;122;8.62522
40;121;5.01413
40;122;-2.98947
41;121;0.479069
41;122;-7.11202
42;121;-1.47154
42;122;-5.94429
43;121;-7.15745
43;122;7.05137
44;121;7.75929
44;122;-3.94046
45;121;1.79156
45;122;-5.58496
46;121;2.02288
46;122;4.79136
47;121;-3.68299
47;122;5.75459
48;121;0.222374
48;122;6.60662
49;121;-8.86759
49;122;1.28968
50;121;-6.016
50;122;-4.21606
51;121;3.46539
51;122;-7.60641
52;121;-4.58626
52;122;-3.64205
53;121;-5.39828
53;122;6.75231
54;121;5.90067
54;122;-0.268458
55;121;3.52028
55;122;9.85686
56;121;-4.15667
56;122;2.70114
57;121;6.962
57;122;-6.9478
58;121;-8.91795
58;122;-8.34865
59;121;-1.45336
59;122;-5.49206
60;121;-1.17177
60;122;-12.2721
61;121;9.87
61;122;-2.66546
62;121;4.48673
62;122;5.0955
63;121;-0.289121
63;122;6.71334
64;121;8.38624
64;122;4.85604
65;121;8.76083
65;122;7.277
66;121;2.52202
66;122;-2.31488
67;121;2.04388
67;122;5.00674
68;121;-8.72697
68;122;0.674467
69;121;6.88413
69;122;4.88299
70;121;6.02728
70;122;1.03266
71;121;-8.02234
71;122;-4.98949
72;121;2.57783
72;122;-6.54729
73;121;-8.02483
73;122;3.50573
74;121;2.07253
74;122;-8.08747
75;121;2.49183
75;122;-9.09441
76;121;2.14773
76;122;-1.6625
77;121;8.79011
77;122;-8.85578
78;121;2.28657
78;122;0.738157
79;121;1.17317
79;122;-8.20658
80;121;-2.89303
80;122;3.5739
81;121;4.14644
81;122;8.47583
82;121;9.9532
82;122;-9.6496
83;121;2.11488
83;122;-4.53699
84;121;-1.66326
84;122;-8.30574
85;121;-8.67165
85;122;7.94583
86;121;-1.11242
86;122;9.90132
87;121;9.81645
87;122;-7.54307
88;121;-1.0977
88;122;3.18233
89;121;-7.93905
89;122;6.64873
90;121;5.09487
90;122;0.528452
91;121;-8.12441
91;122;-6.11617
92;121;-5.65253
92;122;-2.99585
93;121;-5.91692
93;122;7.09407
94;121;0.399528
94;122;-5.81324
95;121;-7.57491
95;122;7.50649
96;121;-0.185816
96;122;0.256965
97;121;-7.46842
97;122;-3.93901
98;121;-7.1757
98;122;-2.13645
99;121;8.75143
99;122;1.18246
100;121;-1.82426
100;122;-9.92021
101;121;-8.50323
101;122;-9.07256
102;121;-7.70673
102;122;-1.05526
103;121;-8.2873
103;122;0.591142
104;121;-3.85267
104;122;-12.621
105;121;-3.40876
105;122;7.22194
106;121;9.02985
106;122;-1.53317
107;121;5.11866
107;122;-3.60112
108;121;-6.85628
108;122;-6.3338
109;121;-8.69151
109;122;0.485355
110;121;-3.81549
110;122;8.56172
111;121;-8.38598
111;122;-0.455099
112;121;9.41711
112;122;4.23253
113;121;8.35329
113;122;-1.31899
114;121;7.37005
114;122;-3.9053
115;121;9.86346
115;122;-7.79817
116;121;7.18451
116;122;5.07104
117;121;-6.19902
117;122;3.89862
118;121;8.62259
118;122;8.20523
119;121;8.79017
119;122;-9.93644
120;121;-3.03997
120;122;-4.86062
1;127;-5.26303
127;121;4.30566
87;111;-6.24035
5;154;3.64676
154;18;-5.23883
