1;121;-5.48754
1;122;0.334333
2;121;9.87536
2;122;5.21428
3;121;7.97756
3;122;-4.1409
4;121;-7.44516
4;122;-8.79066
5;121;-9.89985
5;122;13.5172
6;121;-0.654435
6;122;-9.80104
7;121;6.93592
8;121;4.77486
8;122;5.84338
9;121;-2.14359
9;122;9.87144
10;121;-0.123251
10;122;3.69649
11;121;8.61333
11;122;8.80647
12;121;-5.65019
12;122;5.74247
13;121;-5.50974
13;122;5.46593
14;121;8.34075
14;122;-12.9122
15;121;9.51359
15;122;5.03071
16;121;-4.65503
16;122;0.700127
17;121;1.79945
17;122;6.76293
18;121;-0.157243
18;122;-0.271645
19;121;0.095789
19;122;-12.4172
20;121;4.0324
20;122;3.77328
21;121;1.47365
21;122;6.00724
22;121;-8.35017
22;122;-0.652111
23;121;7.28893
23;122;0.538707
24;121;-9.28137
24;122;-4.16394
25;121;-6.64679
25;122;5.32874
26;121;8.38351
26;122;6.27599
27;121;2.735
27;122;-3.09206
28;121;7.55016
28;122;0.422708
29;121;-9.43833
29;122;3.49839
30;121;-2.46842
30;122;-9.67444
31;121;-5.51427
31;122;0.135528
32;121;8.09317
32;122;-6.92192
33;121;-7.88455
33;122;4.0409
34;121;9.16935
34;122;9.16586
35;121;9.65153
35;122;3.76592
36;121;3.26099
36;122;-9.15139
37;121;5.98827
37;122;-1.87161
38;121;0.0993681
38;122;0.768447
39;121;-3.94802
39;122;6.76797
40;121;6.19489
40;122;2.62846
41;121;-2.883
41;122;1.20353
42;121;5.35014
42;122;-7.275
43;121;-9.72962
43;122;-5.45459
44;121;7.53967
44;122;4.93324
45;121;-8.20844
45;122;-4.92875
46;121;5.2588
46;122;4.88405
47;121;0.206713
47;122;-0.936326
48;121;-6.3068
48;122;6.63394
49;121;-3.30788
49;122;0.617014
50;121;1.99562
50;122;8.38825
51;121;-3.81529
51;122;0.0329256
52;121;-8.13183
52;122;8.74214
53;122;0.44543
54;121;3.17225
54;122;0.653706
55;121;4.37192
55;122;9.85686
56;121;1.03296
56;122;-12.206
57;121;6.56096
57;122;4.48406
58;121;-0.660613
58;122;6.04161
59;121;-2.95213
59;122;1.86816
60;121;0.84913
60;122;11.9679
61;121;-5.45527
61;122;4.11275
62;121;3.38009
62;122;9.13715
63;121;3.13
63;122;-0.773502
64;121;-1.24717
64;122;-5.4162
65;121;7.63848
65;122;7.8611
66;121;-3.37277
66;122;6.79391
67;121;-8.24381
67;122;0.592527
68;121;0.0889225
68;122;0.674467
69;121;8.32951
69;122;12.0633
70;121;-6.0211
70;122;-8.86284
71;121;7.03765
71;122;7.2393
72;121;1.86233
72;122;-6.54729
73;121;0.764376
73;122;1.59934
74;121;-8.18872
74;122;8.37035
75;121;-3.17489
75;122;-9.09441
76;121;12.1464
76;122;-2.99312
77;121;17.5314
77;122;-3.42854
78;121;5.82634
78;122;1.26368
79;121;6.2978
79;122;1.6604
80;121;2.8258
80;122;4.92642
81;121;4.14644
81;122;6.98305
82;121;2.69886
82;122;-5.97081
83;121;12.1149
83;122;2.69044
84;121;-7.12365
84;122;3.99901
85;121;-3.72283
85;122;2.21809
86;121;-0.940711
86;122;3.79536
87;121;9.72922
87;122;-6.99221
88;121;-5.60381
88;122;0.0842857
89;121;-3.02969
89;122;6.64873
90;121;6.62672
90;122;0.940299
91;121;-4.15805
91;122;0.759996
92;121;-3.1394
92;122;9.13585
93;121;-3.38229
93;122;9.93621
94;121;0.399528
94;122;-5.28605
95;121;3.92593
95;122;0.754272
96;121;9.02454
96;122;0.950054
97;121;-4.35969
97;122;0.227494
98;121;0.0111542
98;122;-3.92822
99;121;4.31316
99;122;-7.89868
100;121;4.90462
100;122;-8.65022
101;121;1.92085
101;122;8.02779
102;121;1.71411
102;122;-9.74073
103;121;9.87854
103;122;-8.07009
104;121;2.59485
104;122;-7.63307
105;121;-3.40876
105;122;-0.778425
106;121;6.98024
106;122;-9.12769
107;121;-0.358672
107;122;1.77337
108;121;-9.91417
108;122;5.65441
109;121;3.609
109;122;-3.34016
110;121;-7.14991
110;122;-0.160525
111;121;8.02579
111;122;-0.269232
112;121;9.41711
112;122;-7.86587
113;121;1.39862
113;122;-1.31899
114;121;2.77479
114;122;-2.32389
115;121;-1.22802
115;122;-6.82816
116;121;3.37193
116;122;4.11077
117;121;8.55599
117;122;4.88859
118;121;7.71446
118;122;2.37623
119;121;8.19501
119;122;-6.93864
120;121;0.865616
120;122;0.0622797
70;132;-2.42547
132;121;-3.97614
