1;121;-9.26608
1;122;-1.89567
2;121;4.87536
2;122;1.62831
3;121;2.29937
3;122;-8.59498
4;121;4.38827
4;122;-4.76859
5;121;-9.6694
5;122;8.45752
6;121;6.56161
6;122;8.20917
7;121;9.91538
7;122;2.18569
8;121;6.78082
8;122;4.9264
9;121;-9.2837
9;122;-9.04824
10;121;-8.00893
10;122;-0.453835
11;121;6.57915
11;122;-8.64608
12;121;-3.62943
12;122;-6.17777
13;121;-5.59563
13;122;7.43873
14;121;9.99391
14;122;-3.87869
15;121;-7.9194
15;122;-7.38322
16;121;3.44257
16;122;3.65399
17;121;0.721108
17;122;-7.41297
18;121;7.09064
18;122;1.05137
19;121;0.095789
19;122;-6.09327
20;121;-8.06746
20;122;3.77328
21;122;3.88673
22;121;13.717
22;122;7.37552
23;121;6.98334
23;122;5.89213
24;121;-4.57059
24;122;4.42454
25;121;2.50947
25;122;9.50221
26;121;9.52656
26;122;-0.180037
27;121;8.91218
27;122;-2.20593
28;121;5.46606
28;122;0.633603
29;121;-2.34388
29;122;7.86518
30;121;1.75491
30;122;-0.517368
31;121;-8.22098
31;122;7.77454
32;121;6.6745
32;122;5.02844
33;121;-7.88455
33;122;-2.39448
34;121;4.01821
34;122;0.363013
35;121;8.61715
35;122;-1.63971
36;121;3.44858
36;122;-2.02547
37;121;8.58937
37;122;-1.50561
38;121;-5.57065
38;122;-0.41285
39;121;5.85378
39;122;6.76797
40;121;-8.53552
40;122;5.83197
41;121;-3.30291
41;122;3.37422
42;121;-9.65087
42;122;5.64914
43;121;3.67889
43;122;6.25894
44;121;9.29726
44;122;4.30981
45;121;3.30674
45;122;0.067872
46;121;13.5063
46;122;3.44701
47;121;2.81533
47;122;-3.15449
48;121;-12.7734
48;122;-5.60424
49;121;8.87059
49;122;1.25046
50;121;-5.40696
50;122;-0.0104809
51;121;6.58145
51;122;2.15115
52;121;9.05324
52;122;6.46806
53;121;5.41365
53;122;-2.82105
54;121;-6.01055
54;122;-3.58396
55;121;-5.61728
55;122;2.46237
56;121;8.6552
56;122;2.20086
57;121;6.56096
57;122;3.84441
58;121;-2.87042
58;122;-0.83922
59;121;-3.35963
59;122;-5.91187
60;121;-1.17177
60;122;6.78381
61;121;2.3517
61;122;-3.83251
62;121;-3.36308
62;122;-1.95243
63;121;0.0497761
63;122;8.70629
64;121;0.570115
64;122;2.17455
65;121;1.10487
65;122;-7.20722
66;121;4.43698
66;122;6.06869
67;121;6.12016
67;122;-14.8682
68;121;-8.0347
68;122;6.4589
69;121;3.59045
69;122;9.5303
70;121;4.70114
70;122;4.17604
71;121;-0.48264
71;122;8.35634
72;121;1.3769
72;122;2.84679
73;121;-8.02483
73;122;5.6043
74;121;-6.05677
74;122;-8.08747
75;121;5.7901
75;122;-9.09924
76;121;-9.48775
76;122;7.89661
77;121;7.74394
78;121;3.56717
78;122;-7.58466
79;121;4.31878
79;122;-7.87925
80;121;-4.04618
80;122;2.99817
81;121;-6.41617
81;122;8.96507
82;121;7.64454
82;122;-8.13549
83;121;7.11488
83;122;-1.29835
84;121;6.1629
84;122;-4.54026
85;121;-1.71901
85;122;10.864
86;121;-0.520065
86;122;2.46389
87;121;4.37333
87;122;-7.62235
88;121;3.73321
88;122;-3.50252
89;121;-14.1166
89;122;9.51693
90;121;-8.35222
90;122;-4.34331
91;121;-8.12441
91;122;-3.59777
92;121;-7.74065
92;122;0.110886
93;121;-5.91692
93;122;7.6502
94;121;5.04242
94;122;-2.47613
95;121;-7.57491
95;122;4.79119
96;121;0.666781
96;122;2.63987
97;121;-11.1357
97;122;4.66676
98;121;-1.2683
98;122;-3.68874
99;121;3.75143
99;122;1.18246
100;121;-1.82426
100;122;-8.49612
101;121;3.74344
101;122;2.91714
102;121;3.56041
102;122;-9.80411
103;121;6.96812
103;122;-1.95941
104;121;-1.84424
104;122;4.35741
105;121;-9.63259
105;122;7.22194
106;121;3.99574
106;122;5.39482
107;121;-0.358672
107;122;-6.20023
108;121;6.00062
108;122;0.0380726
109;121;-8.69151
109;122;1.37008
110;121;-2.81459
110;122;7.19441
111;121;-3.0245
111;122;-0.269232
112;121;9.41711
112;122;0.958664
113;121;4.20297
113;122;2.82837
114;121;-0.00231934
114;122;-8.93121
115;121;7.3312
115;122;-6.8545
116;121;3.37193
116;122;3.16779
117;121;-7.84299
117;122;3.64258
118;121;7.93649
118;122;8.20523
119;121;9.51503
119;122;6.48245
120;121;-6.43855
120;122;-3.89374
77;127;2.08111
127;122;2.40315
20;63;8.34393
10;141;-0.998118
141;121;-6.37274
