1;121;-92.6608
1;122;-18.036
2;121;48.7536
2;122;-73.1437
3;121;-52.7335
3;122;-26.4444
4;121;-11.1999
4;122;-45.5544
5;121;33.0989
5;122;86.7352
6;121;-37.0447
6;122;75.3049
7;121;44.9751
7;122;31.4807
8;121;75.7497
8;122;58.4338
9;121;-91.2045
9;122;46.3901
10;121;-26.4158
10;122;-4.53834
11;121;-22.8948
11;122;-93.9105
12;121;-30.8998
12;122;82.1107
13;121;11.2847
13;122;98.6205
14;121;58.0956
14;122;-38.7869
15;121;73.5636
15;122;4.27328
16;121;-89.8037
16;122;42.3812
17;121;76.7041
17;122;-99.5179
18;121;46.7272
18;122;-29.1065
19;121;-34.2176
19;122;-83.6717
20;121;-49.4062
20;122;-48.0435
21;121;97.0955
21;122;88.8673
22;121;43.009
23;121;-87.0239
23;122;-8.75005
24;121;69.0511
24;122;3.87003
25;121;25.0947
25;122;6.17849
26;121;-85.6836
26;122;27.4392
27;121;95.0513
27;122;-86.3779
28;121;-36.4793
28;122;-14.7177
29;121;-91.8803
29;122;34.485
30;121;98.5944
30;122;-49.8752
31;121;4.07978
31;122;64.2278
32;121;80.9317
32;122;-97.8829
33;121;33.1508
33;122;-0.789749
34;121;-25.8705
34;122;85.1063
35;121;62.7346
35;122;-80.9644
36;121;40.3908
36;122;74.2409
37;121;71.618
37;122;-91.909
38;121;-71.381
38;122;-4.12849
39;121;-70.9651
39;122;-99.683
40;121;-85.3552
40;122;54.1296
41;121;52.6273
41;122;89.925
42;121;81.8915
42;122;70.2653
43;121;64.9706
43;122;27.9596
44;121;-78.7008
44;122;-11.5353
45;121;-28.6603
45;122;-21.5624
46;121;12.9976
46;122;61.1083
47;121;-78.1042
47;122;43.7861
48;121;22.6384
48;122;-56.0293
49;121;82.9355
49;122;-68.8128
50;121;51.4457
50;122;-0.571609
51;121;-31.8229
51;122;86.2367
52;121;90.0746
52;122;77.4214
53;121;-96.6125
53;122;98.0854
54;121;-22.0224
54;122;6.53706
55;121;43.7192
55;122;24.8139
56;121;24.371
56;122;48.0009
57;121;74.1908
57;122;76.1709
58;121;-7.72603
58;122;-39.6761
59;121;41.4898
59;122;-54.9206
60;121;-56.2945
60;122;-11.9083
61;121;-86.9742
61;122;-21.4989
62;121;-48.6215
62;122;-45.1614
63;121;-22.5367
63;122;-7.73502
64;121;34.627
64;122;-34.7165
65;121;-10.9672
65;122;-25.5093
66;121;-22.4017
66;122;4.83623
67;121;-92.8507
67;122;-65.5766
68;121;80.4694
68;122;6.74467
69;121;-58.9151
69;122;-89.6468
70;121;97.0114
70;122;58.4025
71;121;31.6883
71;122;17.4679
72;121;18.6233
72;122;-9.36489
73;121;-80.2483
73;122;-89.6303
74;121;9.00092
74;122;27.8527
75;121;34.9183
75;122;52.7064
76;121;-77.9996
76;122;37.9441
77;121;-19.3525
77;122;-98.6092
78;121;35.6717
78;122;64.7352
79;121;11.7317
79;122;-65.2277
80;121;8.40378
80;122;24.4781
81;121;33.2075
81;122;89.6507
82;121;-70.6856
82;122;97.0399
83;121;-75.9259
83;122;-62.9835
84;121;0.679588
84;122;-80.9601
85;121;70.7627
85;122;13.9613
86;121;-64.6054
86;122;9.9062
87;121;42.2038
87;122;54.0179
88;121;-50.4498
88;122;-35.0252
89;121;-82.8338
89;122;-53.7669
90;121;-69.9898
90;122;5.5306
91;121;-86.8756
91;122;-96.436
92;121;-43.7934
92;122;-66.9574
93;121;-44.2282
93;122;94.2201
94;121;50.4242
94;122;82.1897
95;121;24.3981
95;122;-59.6605
96;121;62.4211
96;122;26.3987
97;121;75.2777
97;122;35.9822
98;121;20.3336
98;122;1.9534
99;121;-81.3176
99;122;-81.242
100;121;19.8694
100;122;61.5639
101;121;34.9745
101;122;55.264
102;121;-5.34959
102;122;71.8721
103;121;-50.9278
103;122;-19.5941
104;121;-58.6214
104;122;-52.2608
105;121;86.2047
105;122;55.8998
106;121;67.4835
106;122;74.9561
107;121;-68.9763
107;122;96.7445
108;121;-91.4043
108;122;-4.13483
109;121;-86.9151
109;122;69.4059
110;121;72.463
110;122;-17.2068
111;121;67.5264
111;122;-41.3575
112;121;-91.0866
112;122;-64.9488
113;121;-52.913
113;122;-33.2934
114;121;41.4111
114;122;4.09094
115;121;73.312
115;122;-38.7195
116;121;-92.563
116;122;-77.3057
117;121;75.7753
117;122;-31.2019
118;121;12.9798
118;122;-10.7892
119;121;-40.5248
119;122;-76.9952
120;121;36.9501
120;122;3.96569
