1;121;55.5506
1;122;-18.9567
2;121;77.1681
2;122;16.2831
3;121;23.8396
3;122;43.7773
4;121;98.8993
4;122;-64.4176
5;121;52.1343
5;122;12.9903
6;121;-6.54435
6;122;-26.9265
7;121;94.4689
7;122;21.8569
8;121;1.41781
8;122;-53.6388
9;121;-13.6675
9;122;88.5792
10;121;68.5215
10;122;-4.53834
11;121;97.3962
11;122;66.3063
12;121;30.2205
12;122;-90.9509
13;121;-83.1726
13;122;36.3252
14;121;83.4075
14;122;-27.9616
15;121;-83.8405
15;122;-73.8322
16;121;-7.84634
16;122;81.9276
17;121;17.2111
17;122;8.34914
18;121;4.84875
18;122;-68.9493
19;121;20.4061
19;122;3.74805
20;121;10.1441
20;122;37.7328
21;121;-86.536
21;122;22.5529
22;121;-89.1936
22;122;-92.0671
23;121;-45.5902
23;122;12.2242
24;121;-45.7059
24;122;-87.7533
25;121;96.6228
25;122;88.9618
26;121;13.5915
26;122;-1.80036
27;121;89.1218
27;122;25.486
28;121;13.9944
28;122;-94.0508
29;121;-38.1887
29;122;-2.59811
30;121;70.0123
30;122;-5.17368
31;121;23.5697
31;122;89.3332
32;121;45.7277
32;122;-48.0704
33;121;-78.8455
33;122;-68.7415
34;121;-38.1685
34;122;96.753
35;121;-8.0112
35;122;28.4646
36;121;-96.4424
36;122;5.4528
37;121;-38.9826
37;122;45.2922
38;121;13.3857
38;122;-76.5773
39;121;-42.4836
39;122;67.6797
40;121;-88.3748
40;122;58.3197
41;121;90.4953
41;122;-67.0471
42;121;-60.2135
42;122;79.617
43;121;-74.8653
43;122;-48.2929
44;121;85.5662
44;122;10.7485
45;121;-32.0844
45;122;-38.5528
46;121;85.0631
46;122;-38.464
47;121;44.9117
47;122;-31.5449
48;121;-77.7339
48;122;66.0662
49;121;-43.3042
49;122;-15.9025
50;121;62.8192
50;122;48.6846
51;121;-87.4379
51;122;-8.0127
52;121;-45.8626
52;122;-36.4205
53;121;-23.2673
53;122;3.15009
54;121;-85.1663
54;122;0.113609
55;121;35.2028
55;122;-33.3194
56;121;24.371
56;122;25.6981
57;121;69.6201
57;122;14.9527
58;121;5.3151
58;122;98.0456
59;121;-7.65884
59;122;-9.11871
60;121;-11.7177
60;122;-93.3105
61;121;-53.5402
61;122;-16.6546
62;121;34.8674
62;122;91.3715
63;121;-41.5788
63;122;67.1334
64;121;57.4377
64;122;84.2232
65;121;-48.7691
65;122;79.1583
66;121;-22.4017
66;122;-36.207
67;121;-82.4381
67;122;-98.6817
68;121;27.3724
68;122;-39.8408
69;121;68.8414
69;122;-13.6209
70;121;10.1533
70;122;4.04417
71;121;53.0597
71;122;-81.2939
72;121;-40.2603
72;122;22.6797
73;121;33.6589
73;122;-4.32328
74;121;18.8291
74;122;-80.8747
75;121;-74.0614
75;122;-90.9924
76;121;-90.4533
76;122;-27.6016
77;121;-17.647
77;122;17.3747
78;121;-81.2425
78;122;92.3708
79;121;-15.4919
79;122;-78.7925
80;121;-77.3503
80;122;-3.01611
81;121;41.4644
81;122;69.8305
82;121;-74.7978
82;122;59.0263
83;121;71.1488
83;122;-12.2121
84;121;-80.8145
84;122;39.9902
85;121;-86.7165
85;122;79.4583
86;122;-66.8518
87;121;98.1645
87;122;-26.2235
88;121;-23.6598
88;122;66.6123
89;121;-91.1661
89;122;-90.2517
90;121;48.7576
90;122;-65.2275
91;121;-81.2441
91;122;23.4561
92;121;7.17087
92;122;-50.8931
93;121;-59.1692
93;122;70.9407
94;121;25.2623
94;122;-87.1317
95;121;-9.98933
95;122;37.9119
96;121;-38.9221
96;122;69.4659
97;121;17.7424
97;122;81.6659
98;121;-7.36098
98;122;68.6613
99;121;87.5143
99;122;11.8246
100;121;-48.4423
100;122;-99.2021
101;121;-8.71712
101;122;-27.0843
102;121;-61.9376
102;122;-10.5526
103;121;46.6922
103;122;-33.8359
104;121;-47.7605
104;122;-61.8759
105;121;-34.0876
105;122;72.2194
106;121;90.2986
106;122;36.0674
107;121;-4.32455
107;122;-12.5306
108;121;85.7771
108;122;36.5062
109;121;-31.5899
109;122;11.0394
110;121;-38.1549
110;122;88.4214
111;121;-41.0487
111;122;22.923
112;121;94.1711
112;122;-64.9488
113;121;83.5329
113;122;-13.1899
114;121;-34.415
114;122;71.0472
115;121;98.6347
115;122;14.2657
116;121;71.8451
116;122;-10.0825
117;121;67.382
117;122;14.58
118;121;79.3649
118;122;10.5878
119;121;95.1503
119;122;-99.3644
120;121;-42.406
120;122;-38.9374
86;127;-11.7658
127;121;-55.9657
