
---- Results of cofig: ----
  keep=0.469
  threshold=2.016
  interSpeciesRate=0.001
  noCrossoverOff=0.172
  probabilityWeightMutated=0.884
  probabilityAddNodeSmall=0.033
  probabilityAddLink_small=0.014
  probabilityAddNodeLarge=0.042
  probabilityAddLink_Large=0.164
  largeSize=20
  c1=0.736
  c2=0.661
  c3=0.402
  numberGenomes=50
  numberInputs=120
  numberOutputs=2
  evolutions=50
  n_max=300
  learningRate=10
  inputWeights=110,150
  weightsRange=-100,100
  process_max=25
  function=
  folder=results/trial-6

--Results of run:0 --
Best Genome 
Genome id: 1215
Genome fitness: 0.85
   IN  OUT    Weight  Innov
    1  121   55.5506      1
    1  122  -18.9567      2
    2  121   77.1681      3
    2  122   16.2831      4
    3  121   23.8396      5
    3  122   43.7773      6
    4  121   98.8993      7
    4  122  -64.4176      8
    5  121   52.1343      9
    5  122   12.9903     10
    6  121  -6.54435     11
    6  122  -26.9265     12
    7  121   94.4689     13
    7  122   21.8569     14
    8  121   1.41781     15
    8  122  -53.6388     16
    9  121  -13.6675     17
    9  122   88.5792     18
   10  121   68.5215     19
   10  122  -4.53834     20
   11  121   97.3962     21
   11  122   66.3063     22
   12  121   30.2205     23
   12  122  -90.9509     24
   13  121  -83.1726     25
   13  122   36.3252     26
   14  121   83.4075     27
   14  122  -27.9616     28
   15  121  -83.8405     29
   15  122  -73.8322     30
   16  121  -7.84634     31
   16  122   81.9276     32
   17  121   17.2111     33
   17  122   8.34914     34
   18  121   4.84875     35
   18  122  -68.9493     36
   19  121   20.4061     37
   19  122   3.74805     38
   20  121   10.1441     39
   20  122   37.7328     40
   21  121   -86.536     41
   21  122   22.5529     42
   22  121  -89.1936     43
   22  122  -92.0671     44
   23  121  -45.5902     45
   23  122   12.2242     46
   24  121  -45.7059     47
   24  122  -87.7533     48
   25  121   96.6228     49
   25  122   88.9618     50
   26  121   13.5915     51
   26  122  -1.80036     52
   27  121   89.1218     53
   27  122    25.486     54
   28  121   13.9944     55
   28  122  -94.0508     56
   29  121  -38.1887     57
   29  122  -2.59811     58
   30  121   70.0123     59
   30  122  -5.17368     60
   31  121   23.5697     61
   31  122   89.3332     62
   32  121   45.7277     63
   32  122  -48.0704     64
   33  121  -78.8455     65
   33  122  -68.7415     66
   34  121  -38.1685     67
   34  122    96.753     68
   35  121   -8.0112     69
   35  122   28.4646     70
   36  121  -96.4424     71
   36  122    5.4528     72
   37  121  -38.9826     73
   37  122   45.2922     74
   38  121   13.3857     75
   38  122  -76.5773     76
   39  121  -42.4836     77
   39  122   67.6797     78
   40  121  -88.3748     79
   40  122   58.3197     80
   41  121   90.4953     81
   41  122  -67.0471     82
   42  121  -60.2135     83
   42  122    79.617     84
   43  121  -74.8653     85
   43  122  -48.2929     86
   44  121   85.5662     87
   44  122   10.7485     88
   45  121  -32.0844     89
   45  122  -38.5528     90
   46  121   85.0631     91
   46  122   -38.464     92
   47  121   44.9117     93
   47  122  -31.5449     94
   48  121  -77.7339     95
   48  122   66.0662     96
   49  121  -43.3042     97
   49  122  -15.9025     98
   50  121   62.8192     99
   50  122   48.6846    100
   51  121  -87.4379    101
   51  122   -8.0127    102
   52  121  -45.8626    103
   52  122  -36.4205    104
   53  121  -23.2673    105
   53  122   3.15009    106
   54  121  -85.1663    107
   54  122  0.113609    108
   55  121   35.2028    109
   55  122  -33.3194    110
   56  121    24.371    111
   56  122   25.6981    112
   57  121   69.6201    113
   57  122   14.9527    114
   58  121    5.3151    115
   58  122   98.0456    116
   59  121  -7.65884    117
   59  122  -9.11871    118
   60  121  -11.7177    119
   60  122  -93.3105    120
   61  121  -53.5402    121
   61  122  -16.6546    122
   62  121   34.8674    123
   62  122   91.3715    124
   63  121  -41.5788    125
   63  122   67.1334    126
   64  121   57.4377    127
   64  122   84.2232    128
   65  121  -48.7691    129
   65  122   79.1583    130
   66  121  -22.4017    131
   66  122   -36.207    132
   67  121  -82.4381    133
   67  122  -98.6817    134
   68  121   27.3724    135
   68  122  -39.8408    136
   69  121   68.8414    137
   69  122  -13.6209    138
   70  121   10.1533    139
   70  122   4.04417    140
   71  121   53.0597    141
   71  122  -81.2939    142
   72  121  -40.2603    143
   72  122   22.6797    144
   73  121   33.6589    145
   73  122  -4.32328    146
   74  121   18.8291    147
   74  122  -80.8747    148
   75  121  -74.0614    149
   75  122  -90.9924    150
   76  121  -90.4533    151
   76  122  -27.6016    152
   77  121   -17.647    153
   77  122   17.3747    154
   78  121  -81.2425    155
   78  122   92.3708    156
   79  121  -15.4919    157
   79  122  -78.7925    158
   80  121  -77.3503    159
   80  122  -3.01611    160
   81  121   41.4644    161
   81  122   69.8305    162
   82  121  -74.7978    163
   82  122   59.0263    164
   83  121   71.1488    165
   83  122  -12.2121    166
   84  121  -80.8145    167
   84  122   39.9902    168
   85  121  -86.7165    169
   85  122   79.4583    170
   86  122  -66.8518    172
   87  121   98.1645    173
   87  122  -26.2235    174
   88  121  -23.6598    175
   88  122   66.6123    176
   89  121  -91.1661    177
   89  122  -90.2517    178
   90  121   48.7576    179
   90  122  -65.2275    180
   91  121  -81.2441    181
   91  122   23.4561    182
   92  121   7.17087    183
   92  122  -50.8931    184
   93  121  -59.1692    185
   93  122   70.9407    186
   94  121   25.2623    187
   94  122  -87.1317    188
   95  121  -9.98933    189
   95  122   37.9119    190
   96  121  -38.9221    191
   96  122   69.4659    192
   97  121   17.7424    193
   97  122   81.6659    194
   98  121  -7.36098    195
   98  122   68.6613    196
   99  121   87.5143    197
   99  122   11.8246    198
  100  121  -48.4423    199
  100  122  -99.2021    200
  101  121  -8.71712    201
  101  122  -27.0843    202
  102  121  -61.9376    203
  102  122  -10.5526    204
  103  121   46.6922    205
  103  122  -33.8359    206
  104  121  -47.7605    207
  104  122  -61.8759    208
  105  121  -34.0876    209
  105  122   72.2194    210
  106  121   90.2986    211
  106  122   36.0674    212
  107  121  -4.32455    213
  107  122  -12.5306    214
  108  121   85.7771    215
  108  122   36.5062    216
  109  121  -31.5899    217
  109  122   11.0394    218
  110  121  -38.1549    219
  110  122   88.4214    220
  111  121  -41.0487    221
  111  122    22.923    222
  112  121   94.1711    223
  112  122  -64.9488    224
  113  121   83.5329    225
  113  122  -13.1899    226
  114  121   -34.415    227
  114  122   71.0472    228
  115  121   98.6347    229
  115  122   14.2657    230
  116  121   71.8451    231
  116  122  -10.0825    232
  117  121    67.382    233
  117  122     14.58    234
  118  121   79.3649    235
  118  122   10.5878    236
  119  121   95.1503    237
  119  122  -99.3644    238
  120  121   -42.406    239
  120  122  -38.9374    240
   86  127  -11.7658    250
  127  121  -55.9657    251

Summerized results: 
run: 0 bestFitness: 0
Max fitness: 0
Percentage: 100% (1 of 1)
--------------------------------------------------------------
