1;17;16.8038
1;18;-4.8082
1;19;-5.01465
2;17;-5.78386
2;19;1.18498
3;17;-5.17572
3;18;-8.79689
3;19;5.30116
4;18;-4.86833
4;19;9.47676
5;17;-3.05768
5;18;8.73507
5;19;2.96334
6;17;-0.208054
6;19;4.34594
7;17;1.59931
7;19;-2.51174
8;18;-12.8133
8;19;1.4575
9;17;15.8751
9;18;1.96046
9;19;0.0629616
10;17;-4.25638
10;18;6.6445
10;19;4.70614
11;17;-7.77449
11;18;11.7822
11;19;-1.79978
12;17;-17.9789
12;18;-7.1148
12;19;6.95906
13;17;19.6985
13;18;-4.23241
13;19;8.16217
14;17;-1.49279
14;18;14.6873
14;19;-9.92843
15;18;6.54111
15;19;-2.97109
16;17;-3.63618
16;18;-14.8286
16;19;9.92083
10;0;8.09582
4;41;-12.6889
41;17;7.24293
9;55;-6.45077
55;19;0.0629616
