1;53;-8.68756
1;54;7.88766
1;55;-5.0375
2;53;-5.16548
2;54;10.9737
2;55;-7.1088
3;53;7.73566
3;54;-2.47613
3;55;-8.66677
4;53;-4.20965
4;54;-7.68423
4;55;-9.06305
5;53;-10.4737
5;54;5.26802
5;55;-2.08935
6;53;2.89966
6;54;5.09912
6;55;-7.73453
7;53;-6.20574
7;54;-7.37512
7;55;2.10311
8;53;-5.14226
8;54;-7.44189
8;55;-4.33216
9;53;9.9932
9;54;-5.64354
9;55;-6.2171
10;53;-9.25187
10;54;9.97849
10;55;-10.6349
11;53;5.32698
11;54;-7.69119
11;55;2.24092
12;53;-4.07937
12;54;-3.32814
12;55;-8.95023
13;53;3.20535
13;54;5.80249
13;55;-9.14966
14;53;1.50406
14;54;-3.40716
14;55;-4.85347
15;53;-0.257511
15;54;7.83059
15;55;-4.33371
16;53;-2.95083
16;54;6.15449
16;55;6.88964
17;53;-13.6049
17;54;8.98654
17;55;-8.23925
18;53;-2.80033
18;54;-2.7878
18;55;8.47583
19;53;2.86752
19;54;-2.29245
19;55;3.48258
20;53;-19.5995
20;54;-6.66326
20;55;-2.90458
21;53;-10.2344
21;54;-11.8755
21;55;8.04416
22;53;-2.07729
22;54;8.62047
22;55;0.795207
23;54;-9.19263
23;55;-9.64329
24;53;7.03003
24;54;3.0695
24;55;0.656693
25;53;-12.8234
25;54;-8.07009
25;55;9.84019
26;53;-4.34935
26;54;0.521223
26;55;-0.229314
27;53;-2.0894
27;54;-2.91903
27;55;-6.68114
28;53;-0.328647
28;54;0.304324
28;55;-2.31368
29;53;-3.41598
29;54;-3.39326
29;55;-9.98087
30;53;7.86745
30;54;0.523458
30;55;1.40856
31;53;1.68242
31;54;4.4645
31;55;1.7761
32;53;-7.69952
32;54;-7.95131
32;55;0.396568
33;53;-2.03127
33;54;6.29534
33;55;5.25937
34;53;4.18033
34;54;2.81379
34;55;-7.23734
35;53;-0.825361
35;54;6.58118
35;55;-2.87288
36;53;-0.998851
36;54;6.55035
36;55;-1.36093
37;53;0.631662
37;54;6.57442
37;55;2.18137
38;54;0.400051
38;55;7.45726
39;53;3.40048
39;54;-8.88042
39;55;-3.48282
40;53;-3.63618
40;54;-6.60786
40;55;8.13608
41;53;-6.08494
41;54;6.2818
41;55;13.1866
42;54;3.32825
42;55;-6.68236
43;53;3.6889
43;54;-0.351482
43;55;-9.08022
44;53;-8.37666
44;54;-4.11679
44;55;-2.26144
45;53;-5.66423
45;54;-5.38912
45;55;9.66829
46;53;-10.9535
46;54;3.41975
46;55;-1.68884
47;53;2.67468
47;54;4.90143
47;55;-8.5094
48;53;9.78517
48;54;2.53834
48;55;-6.25363
49;53;-1.8695
49;54;13.2895
49;55;-6.58286
50;53;3.87145
50;54;-1.86873
50;55;-1.84654
51;53;8.9853
51;54;-0.0329819
51;55;-1.59142
52;53;7.89595
52;54;0.404202
52;55;6.79736
12;41;-7.05949
45;6;10.7666
