1;121;-8.89613
1;122;-18.9567
2;121;56.6199
2;122;16.2831
3;121;-39.2342
3;122;43.7773
4;121;98.8993
4;122;-68.746
5;121;-15.134
5;122;12.9903
6;121;59.1746
6;122;-26.9265
7;121;94.4689
7;122;21.8569
8;121;1.41781
8;122;-53.6388
9;121;83.1591
9;122;88.5792
10;121;68.5215
10;122;83.0188
11;121;97.3962
11;122;66.3063
12;121;30.2205
12;122;-84.2053
13;121;-83.1726
13;122;-51.9487
14;121;99.9391
14;122;-78.2382
15;121;-66.9849
15;122;-90.1653
16;121;-80.6791
16;122;87.5487
17;121;23.7286
17;122;-68.1787
18;121;4.84875
18;122;4.85744
19;121;20.4061
19;122;65.6443
20;121;-33.3669
20;122;37.7328
21;121;-86.536
21;122;22.5529
22;121;-79.1936
22;122;-29.2163
23;121;-55.5902
23;122;-29.5083
24;121;28.0225
24;122;-87.7533
25;121;0.803391
25;122;-77.1845
26;121;95.2656
26;122;-1.80036
27;121;89.1218
27;122;25.486
28;121;13.9944
28;122;-94.0508
29;121;-38.1887
29;122;-2.59811
30;121;70.0123
30;122;-87.3808
31;121;10.1696
31;122;48.4609
32;121;-16.608
32;122;-69.2192
33;121;-78.8455
33;122;88.2408
34;121;-38.1685
34;122;96.753
35;121;-8.0112
35;122;28.4646
36;121;6.32129
36;122;5.4528
37;121;61.455
37;122;45.2922
38;121;-49.3682
38;122;-4.57281
39;121;-42.4836
39;122;-33.1433
40;121;27.9958
40;122;58.3197
41;121;75.214
41;122;33.7422
42;121;-43.4806
42;122;-72.75
43;121;-71.5745
43;122;70.5137
44;121;77.5929
44;122;-9.76325
45;121;-32.0844
45;122;37.334
46;121;-76.6011
46;122;-52.3764
47;121;-78.1042
47;122;-31.5449
48;121;-22.088
48;122;66.0662
49;121;-43.3042
49;122;31.0532
50;121;62.8192
50;122;48.6846
51;121;-3.50187
51;122;-56.835
52;121;-45.8626
52;122;-26.4205
53;121;-77.7763
53;122;67.5231
54;121;59.0067
54;122;0.113609
55;121;35.2028
55;122;18.9559
56;121;0.188225
56;122;32.7913
57;121;-29.1415
57;122;27.576
58;121;5.3151
58;122;98.0456
59;121;96.063
59;122;-9.11871
60;121;-11.7177
60;122;53.3821
61;121;-53.5402
61;122;-25.0017
62;121;95.7943
62;122;91.3715
63;121;0.497757
63;122;67.1334
64;121;57.4377
64;122;-42.7851
65;121;-48.7691
65;122;20.2569
66;121;47.1809
66;122;32.9959
67;121;-82.4381
67;122;-98.6817
68;121;27.3724
68;122;46.4297
69;121;41.3045
69;122;58.6941
70;121;20.907
70;122;4.04417
71;121;-85.094
71;122;-81.2939
72;121;-70.2578
72;122;22.6797
73;121;-54.0703
73;122;-75.5897
74;121;95.6694
74;122;-80.8747
75;121;31.3127
75;122;-90.9924
76;121;72.5074
76;122;-27.6016
77;121;-17.647
77;122;17.3747
78;121;-36.2301
78;122;64.7352
79;121;-15.4919
79;122;-9.35142
80;121;-77.3503
80;122;29.9817
81;121;-94.2831
81;122;87.0259
82;121;-42.5756
82;122;59.0263
83;121;-10.1826
83;122;26.9044
84;121;41.7868
84;122;16.1471
85;121;-86.7165
85;122;79.4583
86;121;-55.9657
86;122;-85.5342
87;121;98.1645
87;122;4.20453
88;121;18.7784
88;122;31.8233
89;121;-91.1661
89;122;-14.3915
90;121;50.9487
90;122;-65.2275
91;121;-39.9451
91;122;23.4561
92;121;7.17087
92;122;-8.89114
93;121;-59.1692
93;122;62.1582
94;121;25.2623
94;122;25.3389
95;121;92.1483
96;121;15.3942
96;122;-45.6186
97;121;17.7424
97;122;11.4005
98;121;-7.36098
98;122;-11.1088
99;121;87.5143
99;122;11.8246
100;121;74.6543
100;122;-99.2021
101;121;-8.71712
101;122;-27.0843
102;121;67.1411
102;122;-10.5526
103;121;46.6922
103;122;86.1819
104;121;-47.7605
104;122;-70.4459
105;121;-34.0876
105;122;72.2194
106;121;100.299
106;122;-13.6469
107;121;36.8736
107;122;-2.53059
108;121;85.7771
108;122;36.5062
109;121;-31.5899
109;122;47.415
110;121;75.6195
110;122;90.7746
111;121;-41.0487
111;122;30.2264
112;121;84.1711
112;122;76.6937
113;121;73.5329
113;122;11.6946
114;121;5.21239
114;122;61.0472
115;121;108.635
115;122;-25.3467
116;121;85.3582
116;122;-10.0825
117;121;67.382
117;122;38.9862
118;121;69.3649
118;122;14.0742
119;121;94.7781
119;122;-99.3644
120;121;-30.3997
120;122;-38.9374
10;125;-13.3508
125;122;83.0188
60;135;-95.4991
135;121;-11.7177
95;148;-47.2129
148;122;47.9119
