
---- Results of cofig: ----
  keep=0.557
  threshold=3.852
  interSpeciesRate=0.001
  noCrossoverOff=0.219
  probabilityWeightMutated=0
  probabilityAddNodeSmall=0
  probabilityAddLink_small=0
  probabilityAddNodeLarge=0
  probabilityAddLink_Large=0
  largeSize=20
  c1=0.82
  c2=0.629
  c3=0.36
  numberGenomes=50
  numberInputs=16
  numberOutputs=4
  evolutions=10
  n_max=200
  learningRate=5
  inputWeights=0,150
  weightsRange=-20,80
  process_max=5
  function=lunar_lander
  folder=results/trial-0

--Results of run:0 --
Best Genome 
Genome id: 230
Genome fitness: -149.123
   IN  OUT    Weight  Innov
    1   17   4.60712      1
    1   18   37.6721      2
    1   19   13.5712      3
    1   20   54.5415      4
    2   17   10.2601      5
    2   18   28.0156      6
    2   19   28.5866      7
    2   20   55.2861      8
    3   17   26.8488      9
    3   18   -6.6612     10
    3   19   9.31715     11
    3   20  -15.6585     12
    4   17  -14.3978     13
    4   18  -17.8202     14
    4   19   8.87516     15
    4   20  -18.8032     16
    5   17   56.0223     17
    5   18   73.1535     18
    5   19   38.4585     19
    5   20  -15.5271     20
    6   17   75.9716     21
    6   18   37.6724     22
    6   19   32.6523     23
    6   20   36.4406     24
    7   17  0.725668     25
    7   18   53.7725     26
    7   19   13.3857     27
    7   20  -2.15702     28
    8   17   26.5835     29
    8   18  -18.3349     30
    8   19   69.2324     31
    8   20   14.7546     32
    9   17   20.5267     33
    9   18 -0.650732     34
    9   19   20.0985     35
    9   20   76.7726     36
   10   17   47.9904     37
   10   18   4.37576     38
   10   19   8.33213     39
   10   20   6.90224     40
   11   17   50.3186     41
   11   18   49.4985     42
   11   19   53.1957     43
   11   20   26.0067     44
   12   17   41.2152     45
   12   18  -19.4157     46
   12   19  -14.0957     47
   12   20 -0.836969     48
   13   17   37.3261     49
   13   18   12.0145     50
   13   19   12.1478     51
   13   20   3.46859     52
   14   17   1.91549     53
   14   18      64.8     54
   14   19   5.02103     55
   14   20   69.9026     56
   15   17   43.7161     57
   15   18  -14.9534     58
   15   19  -6.07787     59
   15   20  -19.6142     60
   16   17   67.9013     61
   16   18   62.1331     62
   16   19   53.6092     63
   16   20  -3.62042     64

Summerized results: 
run: 0 bestFitness: -149
Max fitness: -149
Percentage: 100% (1 of 1)
--------------------------------------------------------------

---- Results of cofig: ----
  keep=0.557
  threshold=3.852
  interSpeciesRate=0.001
  noCrossoverOff=0.219
  probabilityWeightMutated=0
  probabilityAddNodeSmall=0
  probabilityAddLink_small=0
  probabilityAddNodeLarge=0
  probabilityAddLink_Large=0
  largeSize=20
  c1=0.82
  c2=0.629
  c3=0.36
  numberGenomes=50
  numberInputs=16
  numberOutputs=4
  evolutions=50
  n_max=200
  learningRate=10
  inputWeights=0,150
  weightsRange=-20,80
  process_max=5
  function=lunar_lander
  folder=results/trial-0

--Results of run:0 --
Best Genome 
Genome id: 1098
Genome fitness: -262.362
   IN  OUT    Weight  Innov
    1   17   75.0885      1
    1   18   12.3755      2
    1   19   53.7939      3
    1   20   9.86385      4
    2   17  -7.02626      5
    2   18   59.9646      6
    2   19   18.6299      7
    2   20   39.4497      8
    3   17   51.2522      9
    3   18    30.741     10
    3   19   75.7709     11
    3   20  -13.5658     12
    4   17 -0.901644     13
    4   18    66.909     14
    4   19  -4.06756     15
    4   20   13.4972     16
    5   17   37.6691     17
    5   18   36.7817     18
    5   19   73.0875     19
    5   20   6.75785     20
    6   17   27.0564     21
    6   18  -12.2063     22
    6   19   75.8754     23
    6   20  -11.1472     24
    7   17  -17.9492     25
    7   18   31.8596     26
    7   19   44.5693     27
    7   20  -16.6852     28
    8   17   36.0785     29
    8   18   44.5602     30
    8   19   34.6172     31
    8   20   72.2572     32
    9   17  -6.21261     33
    9   18   9.60316     34
    9   19   51.9269     35
    9   20   31.8151     36
   10   17    7.5884     37
   10   18   25.9937     38
   10   19  -4.47981     39
   10   20   18.4539     40
   11   17   34.0389     41
   11   18    -15.15     42
   11   19   60.3227     43
   11   20   12.5518     44
   12   17   34.5784     45
   12   18   79.8142     46
   12   19   27.5164     47
   12   20   18.4509     48
   13   17   37.3261     49
   13   18  -3.02518     50
   13   19  -2.58643     51
   13   20  0.232641     52
   14   17   70.0896     53
   14   18  -1.74442     54
   14   19 -0.822811     55
   14   20    42.788     56
   15   17   72.8678     57
   15   18   74.3315     58
   15   19   29.9956     59
   15   20   24.7982     60
   16   17  -15.0838     61
   16   18     51.94     62
   16   19  -1.17519     63
   16   20   8.71895     64

Summerized results: 
run: 0 bestFitness: -262
Max fitness: -262
Percentage: 100% (1 of 1)
--------------------------------------------------------------
