1;121;-31.453
1;122;40.7338
2;121;69.9712
2;122;-27.8859
3;121;-54.8509
3;122;-66.8236
4;121;95.3596
4;122;-79.5165
5;121;28.3498
5;122;-10.5755
6;121;84.501
6;122;69.226
7;121;-58.4575
7;122;78.5443
8;121;75.7497
8;122;-19.6341
9;121;-21.4359
9;122;-66.5466
10;121;-28.8984
10;122;-14.6193
11;121;96.5574
11;122;8.49587
12;121;-18.8523
12;122;-83.7117
13;121;75.9769
13;122;24.0117
14;121;53.3234
14;122;-60.6682
15;121;-31.3459
15;122;-30.5427
16;121;39.9546
16;122;24.959
17;121;-32.5497
17;122;-12.7703
18;121;-52.3488
18;122;23.6396
19;121;31.38
19;122;94.6494
20;121;-41.2018
20;122;-94.929
21;121;82.752
21;122;67.0032
22;121;-32.5584
22;122;-73.4885
23;121;-85.1885
23;122;97.8517
24;121;-18.6296
24;122;28.8914
25;121;-92.3996
25;122;53.2874
26;121;-0.330193
26;122;77.2062
27;121;27.35
27;122;-53.9723
28;121;-36.4793
28;122;4.22708
29;121;25.1796
29;122;99.3016
30;121;71.2283
30;122;-85.4671
31;121;-82.2098
31;122;35.6136
32;121;29.4831
32;122;-31.9462
33;121;78.2274
33;122;-91.5714
34;121;81.9922
34;122;-8.21428
35;121;-52.4033
35;122;-16.3971
36;121;-33.5636
36;122;69.9409
37;121;-85.446
37;122;-80.1556
38;121;1.159
38;122;-28.235
39;121;3.92793
39;122;-47.6842
40;121;0.141312
40;122;43.3097
41;121;46.1855
41;122;30.5176
42;121;78.4117
42;122;56.4914
43;121;59.3576
43;122;98.6127
44;121;83.2517
44;122;58.6611
45;121;-79.133
45;122;-80.1505
46;121;8.21493
46;122;-41.7624
47;121;14.6155
47;122;-12.391
48;121;48.7542
48;122;37.4588
49;121;-62.927
49;122;17.545
50;121;2.56947
50;122;-51.8094
51;121;15.7754
51;122;86.2367
52;121;69.4664
52;122;69.3284
53;121;5.99394
53;122;-65.8361
54;121;-9.2654
54;122;53.8602
55;121;-32.6616
55;122;39.0734
56;121;-71.1035
56;122;-38.8461
57;121;24.3439
57;122;94.1419
58;121;25.4437
58;122;-83.4865
59;121;-56.3739
59;122;-54.9206
60;121;-38.2448
60;122;-42.9271
61;121;-60.0124
61;122;43.4454
62;121;15.3106
62;122;13.349
63;121;7.4733
63;122;15.8351
64;121;-51.5045
64;122;22.1559
65;121;10.8455
65;122;-9.90269
66;121;47.1809
66;122;-98.2854
67;121;19.9145
67;122;-5.06257
68;121;-54.4096
68;122;6.74467
69;121;-99.5265
69;122;-71.088
70;121;-47.095
70;122;-24.0172
71;121;15.5225
71;122;38.1461
72;121;-62.2626
72;122;34.8116
73;121;22.9604
73;122;-72.8103
74;121;10.0988
74;122;30.6574
75;121;4.44659
75;122;64.8217
76;121;-47.7678
76;122;78.9661
77;121;34.7918
77;122;-16.7749
78;121;-26.3617
78;122;10.9778
79;121;-23.4743
79;122;61.7437
80;121;70.9946
80;122;-76.1552
81;121;-8.76971
81;122;83.96
82;121;-49.2597
82;122;-96.496
83;121;-56.613
83;122;-45.3699
84;121;-70.5876
84;122;69.9384
85;121;95.9075
85;122;8.61604
86;121;-19.735
86;122;31.1626
87;121;97.4525
87;122;54.0179
88;121;75.6834
88;122;66.6123
89;121;-83.9633
89;122;-1.45263
90;121;-59.2565
90;122;36.1335
91;121;-56.4283
91;122;97.835
92;121;69.5047
92;122;91.8193
93;121;-18.9399
93;122;82.4981
94;121;-16.3604
94;122;-87.1317
95;121;-21.7644
95;122;26.4428
96;121;44.9569
96;122;69.4659
97;121;-27.1638
97;122;58.9489
98;121;17.8854
98;122;93.244
99;121;8.36694
99;122;-84.4126
100;121;14.5841
100;122;-82.1824
101;121;-87.5867
101;122;42.728
102;121;35.9577
102;122;-22.5455
103;121;98.7854
103;122;-34.23
104;121;-38.5267
104;122;-0.369476
105;121;-7.50426
105;122;19.1326
106;121;-16.8603
106;122;-36.7734
107;121;34.4034
107;122;77.7599
108;121;14.4309
108;122;-23.0922
109;121;66.022
109;122;-20.8024
110;121;58.2522
110;122;-1.60526
111;121;-81.0154
111;122;3.20911
112;121;-77.5795
112;122;-81.6271
113;121;96.8872
113;122;66.9136
114;121;63.4075
114;122;-19.3106
115;121;33.8121
115;122;14.2657
116;121;42.7309
116;122;-96.2134
117;121;11.6608
117;122;33.1907
118;121;-35.4454
118;122;-38.9159
119;121;-46.3298
119;122;-69.3864
120;121;41.3155
120;122;-38.9374
