1;121;7.13372
1;122;9.49868
2;121;-0.671181
2;122;-5.7696
3;121;8.23295
3;122;-6.14887
4;121;-2.07637
4;122;-8.79066
5;121;-0.418412
5;122;6.29903
6;121;-0.788914
6;122;-2.69265
7;121;2.29565
7;122;0.268018
8;121;-6.82983
8;122;-3.36061
9;121;-3.83443
9;122;8.85792
10;121;-2.64158
10;122;5.57441
11;121;8.58546
11;122;4.10345
12;121;5.55612
12;122;-7.27786
13;121;-4.26183
13;122;2.40117
14;121;5.33234
14;122;-7.03529
15;121;5.65262
15;122;-7.38322
16;121;1.40514
16;122;4.40501
17;121;-5.3821
17;122;-4.07937
18;121;9.66817
18;122;6.97824
19;121;3.13799
19;122;-6.09327
20;121;-4.12018
20;122;-5.03154
21;121;0.142449
21;122;5.74857
22;121;1.25251
22;122;7.83059
23;121;-8.70239
23;122;-3.65922
24;121;3.13704
24;122;8.63985
25;121;-7.03231
25;122;7.86636
26;121;4.3287
26;122;-13.2789
27;121;10.0185
27;122;2.5486
28;121;2.29562
28;122;4.81467
29;121;-9.18803
29;122;14.9302
30;121;6.75491
30;122;-0.517368
31;121;5.00593
31;122;4.41268
32;121;-3.90455
32;122;-3.19462
33;121;-4.66669
33;122;-4.59237
34;121;3.39776
34;122;0.340187
35;121;3.53162
35;122;-7.21025
36;121;8.40959
36;122;-2.02547
37;121;-1.02036
37;122;4.40407
38;121;8.6162
38;122;-5.05139
39;121;6.40713
39;122;-4.76842
40;121;8.9853
40;122;-7.82734
41;121;-2.883
41;122;6.7041
42;121;-0.0834208
42;122;-0.571712
43;121;-4.39371
43;122;14.948
44;121;4.84243
44;122;-0.690193
45;121;9.87811
45;122;5.58625
46;121;3.24477
46;122;5.67615
47;121;-4.27822
47;122;4.28524
48;121;-2.69725
48;122;-2.53998
49;121;-8.3416
49;122;9.67678
50;121;3.68437
50;122;-1.10636
51;121;3.46539
51;122;-7.60641
52;121;6.94664
52;122;2.48986
53;121;-7.0468
53;122;-2.82105
54;121;-4.57632
54;122;-1.36093
55;121;5.67701
55;122;9.85686
56;121;1.7616
56;122;-3.38561
57;121;6.962
57;122;-5.47787
58;121;-3.80025
58;122;-7.18931
59;121;-2.9403
59;122;-4.50299
60;121;3.82823
60;122;4.81708
61;121;-1.00276
61;122;-12.4785
62;121;-0.0911188
62;122;-3.01274
63;121;-3.24137
63;122;-2.34222
64;121;8.6889
64;122;-5.4162
65;121;0.840822
65;122;-0.99027
66;121;-9.0594
66;122;-4.44293
67;121;-0.00139236
67;122;0.430018
68;121;9.58188
68;122;6.36082
69;121;-5.26309
69;122;7.06334
70;121;-3.26239
70;122;-8.86284
71;121;5.54532
71;122;5.93586
72;121;-2.24845
72;122;-7.70812
73;121;3.36589
73;122;-4.14606
74;121;-6.05677
74;122;2.75187
75;121;3.13127
75;122;-8.10425
76;121;-9.48775
76;122;-1.4722
77;121;5.45934
77;122;-1.74431
78;121;7.10238
78;122;6.40574
79;121;-5.61642
79;122;9.65789
80;121;-6.5049
80;122;10.8185
81;121;-0.478509
81;122;5.11162
82;121;-4.13791
82;122;-0.0144482
83;121;2.34344
83;122;-1.22121
84;121;8.09688
84;122;-9.00934
85;121;-5.8009
85;122;4.59034
86;121;-7.81531
86;122;9.44656
87;121;0.526205
87;122;-4.60738
88;121;3.7809
88;122;1.03495
89;121;-6.73737
89;122;9.35137
90;121;-6.99898
90;122;-6.52275
91;121;2.12821
91;122;2.3456
92;121;-3.40052
92;122;1.73455
93;121;-5.91692
93;122;3.96331
94;121;8.10193
94;122;2.53389
95;121;-9.92008
95;122;-8.99119
96;121;-5.65364
96;122;-2.43821
97;121;-7.46842
97;122;-5.5278
98;121;-9.66879
98;122;-2.13645
99;121;3.22288
99;122;-2.46104
100;121;13.5365
100;122;-1.06757
101;122;4.48592
102;121;8.4319
102;122;7.18721
103;121;-7.41307
103;122;7.45682
104;121;0.752866
104;122;-9.57833
105;121;-4.63259
105;122;5.58998
106;121;9.56222
106;122;-5.38838
107;121;-0.432456
107;122;5.79625
108;121;11.0006
108;122;-8.66266
109;121;8.95947
109;122;-4.3948
110;121;-9.61133
110;122;6.86716
111;121;6.75264
111;122;3.02264
112;121;-4.01238
112;122;-7.86587
113;121;9.77239
113;122;-1.31899
114;121;3.87939
114;122;-2.57415
115;121;-0.570332
115;122;-6.46582
116;121;2.10121
116;122;2.68239
117;121;1.73196
117;122;1.34319
118;121;-6.26099
118;122;-5.79596
119;121;9.4778
119;122;4.75175
120;121;9.74344
120;122;8.39367
49;60;6.72536
51;28;-3.15388
