1;17;3.50952
1;18;6.31811
1;19;-9.75397
2;17;-3.32336
2;18;-0.588716
2;19;-1.66091
3;17;6.68242
3;19;8.87305
4;17;2.01802
4;18;2.73313
4;19;-4.57064
5;17;-1.63063
5;18;0.268018
5;19;-2.03666
6;17;-0.208054
6;18;-0.385413
6;19;4.58997
7;17;0.619744
7;18;-3.26995
7;19;-1.58171
8;17;2.51209
8;18;7.74463
8;19;-4.85469
9;17;9.06373
9;18;-3.24713
9;19;-6.9735
10;17;-4.25638
10;18;1.94227
10;19;-8.4439
11;17;-6.99802
11;18;6.66123
11;19;-7.24252
12;17;-3.46264
12;18;-4.65087
12;19;11.9591
13;17;14.6985
13;18;-4.23241
13;19;0.850336
14;17;-11.205
14;18;6.47318
14;19;-6.70616
15;17;-14.9308
15;18;6.54111
15;19;-6.23598
16;17;-14.3421
16;18;-5.54795
16;19;13.3805
12;33;-7.87721
33;18;-4.65087
