1;53;-8.68756
1;54;-6.11617
1;55;-5.65253
2;53;-9.76509
2;54;6.35071
2;55;-7.96218
3;53;7.28032
3;54;-9.16644
3;55;6.76267
4;53;-0.100727
4;54;-9.47795
4;55;-3.99108
5;53;6.68298
5;54;1.66643
5;55;-4.28709
6;53;-3.72824
6;54;-0.745603
6;55;-3.1242
7;53;4.25434
7;54;-7.37512
7;55;7.73984
8;53;5.25743
8;54;-0.654435
8;55;7.04055
9;53;-3.2873
9;54;-4.70964
9;55;0.75676
10;53;-5.22608
10;54;7.34224
10;55;7.07552
11;53;8.99546
11;54;-2.1571
11;55;14.2134
12;53;6.96288
12;54;14.6991
12;55;-8.17703
13;53;5.99732
13;54;4.7415
13;55;8.84467
14;53;7.01217
14;54;6.52074
14;55;0.327276
15;53;3.84653
15;54;-1.05862
15;55;-2.36476
16;53;1.56334
16;54;-0.0111618
16;55;6.72273
17;53;-2.70611
17;54;12.9526
17;55;-2.78582
18;53;7.68636
18;54;-3.13073
18;55;6.12644
19;53;-0.273086
19;54;-5.38645
19;55;6.42257
20;53;5.18701
20;54;13.695
20;55;1.89439
21;53;-5.2344
21;54;-0.978009
21;55;9.04059
22;53;7.35954
22;54;8.06787
22;55;-2.94987
23;53;13.3639
23;54;2.94899
23;55;-2.35087
24;53;-3.72207
24;54;3.7385
24;55;1.69044
25;53;-13.7282
25;54;-4.51483
25;55;7.30362
26;53;-7.69444
26;54;8.93639
26;55;-6.5723
27;53;7.5215
27;54;4.06241
27;55;-1.05808
28;53;9.47503
28;54;7.54691
28;55;-7.71959
29;53;9.74384
29;54;4.40407
29;55;9.25033
30;53;4.80078
30;54;3.5569
30;55;-13.6992
31;53;7.36593
31;54;-4.40202
31;55;0.32278
32;53;-8.27331
32;54;-4.8293
32;55;-3.31335
33;53;0.479872
33;54;-1.98748
33;55;19.2973
34;53;-1.34064
34;54;-0.299055
34;55;-7.23734
35;53;-9.78992
35;54;6.58118
35;55;-3.75635
36;53;-7.99879
36;54;8.47456
36;55;6.95906
37;53;0.631662
37;54;5.92502
37;55;-13.5524
38;53;9.50084
38;54;3.7005
38;55;2.78626
39;53;1.67279
39;54;-1.48234
39;55;4.14122
40;53;0.31286
40;54;-8.51663
40;55;-5.28696
41;53;-4.46435
41;54;-1.97387
41;55;2.52159
42;53;-0.440083
42;54;-2.31167
42;55;-9.02722
43;53;-1.3111
43;54;5.56386
43;55;-5.4019
44;53;8.13306
44;54;-9.0594
44;55;4.81708
45;53;-5.07795
45;54;0.187167
45;55;5.22761
46;53;-3.19496
46;54;9.94105
46;55;-3.10535
47;53;-0.762202
47;54;-7.17996
47;55;-9.2369
48;53;-1.23296
48;54;-1.58426
48;55;-6.25363
49;53;-13.4467
49;54;11.7139
49;55;2.26403
50;53;-4.11828
50;55;11.9202
51;53;7.42249
51;54;-2.43755
51;55;3.20198
52;53;-9.04185
52;54;-4.72637
52;55;4.73807
