1;121;-15.6324
1;122;10.283
2;121;56.6199
2;122;59.688
3;121;79.7756
3;122;-61.4887
4;121;-11.1999
4;122;53.6459
5;121;-44.4451
5;122;10.794
6;121;-82.021
6;122;-34.0494
7;121;-5.31377
7;122;60.202
8;121;49.3546
8;122;-8.42654
9;121;34.0776
9;122;37.5054
10;121;69.0694
10;122;76.9425
11;121;35.8546
11;122;96.8973
12;121;75.7272
12;122;-6.3503
13;121;-68.6642
13;122;98.8392
14;121;99.9391
14;122;-79.8718
15;121;-83.8405
15;122;-56.3486
16;121;2.58649
16;122;-68.3328
17;121;22.528
17;122;-61.3015
18;121;78.8217
18;122;-34.5779
19;121;-1.2834
19;122;-35.2297
20;121;-68.7314
20;122;6.50283
21;121;-86.3941
21;122;13.1235
22;121;-83.5017
22;122;78.3059
23;121;91.5839
23;122;-29.5083
24;121;72.027
24;122;6.38728
25;121;-70.3231
25;122;45.4418
26;121;13.5915
26;122;-82.7888
27;121;99.15
27;122;-84.7818
28;121;2.87034
28;122;-14.7177
29;121;-94.3833
29;122;-0.215637
30;121;40.7343
30;122;16.9044
31;121;-58.4392
31;122;97.3287
32;121;10.2569
32;122;61.5301
33;121;30.6559
33;122;63.0696
34;121;-12.2019
34;122;-17.3355
35;121;-8.2173
35;122;63.491
36;121;25.3834
36;122;21.7196
37;121;-23.041
37;122;12.1724
38;121;92.5033
38;122;34.0027
39;121;-19.5794
39;122;45.6338
40;121;-59.61
40;122;-29.1903
41;121;37.5723
41;122;89.925
42;121;98.218
42;122;-99.2262
43;121;49.0017
43;122;-54.5878
44;121;-37.1472
44;122;-34.2164
45;121;-32.9715
45;122;-89.3853
46;121;-10.6784
46;122;17.728
47;121;-74.325
47;122;71.7353
48;121;-61.2297
48;122;-56.0293
49;121;74.7133
49;122;13.8847
50;121;26.8437
50;122;34.9536
51;121;-3.50187
51;122;18.4163
52;121;69.4664
52;122;-27.2441
53;121;-70.468
53;122;3.15009
54;121;-85.1663
54;122;-78.0167
55;121;-61.0878
55;122;62.2258
56;121;4.18034
56;122;-23.0982
57;121;-28.3529
57;122;-75.1864
58;121;69.4277
58;122;-71.8931
59;121;-96.5448
59;122;-45.0299
60;121;73.3188
60;122;-93.3105
61;121;23.5171
61;122;72.7328
62;121;-0.911186
62;122;-31.9496
63;121;0.497757
63;122;-23.4222
64;121;16.4804
64;122;-23.3623
65;121;25.5036
65;122;74.008
66;121;-41.1679
66;122;-32.9825
67;121;95.077
67;122;-51.1175
68;121;-11.7019
68;122;-79.5487
69;121;-74.905
69;122;91.094
70;121;-32.6239
70;122;-24.0172
71;121;-85.094
71;122;-39.9192
72;121;-89.4941
72;122;99.2083
73;121;-27.2545
73;122;-75.5897
74;121;59.5596
74;122;-86.4285
75;121;-23.2741
75;122;60.2161
76;121;53.3827
76;122;22.1732
77;121;-35.7626
77;122;-44.3108
78;121;58.2634
78;122;-84.3536
79;121;9.74038
79;122;0.520378
80;121;28.2581
80;122;30.9098
81;121;-94.2831
81;122;45.113
82;121;-42.5756
82;122;-68.4386
83;121;66.0551
83;122;89.9615
84;121;77.9911
84;122;-73.1777
85;121;70.7627
85;122;22.1809
86;121;-78.7218
86;122;99.0132
87;121;45.9461
87;122;-1.20629
88;121;71.3652
88;122;54.5186
89;121;-30.2969
89;122;-34.7274
90;121;68.0901
90;122;-7.23748
91;121;21.2821
91;122;-6.86024
92;121;-85.0643
92;122;-9.48483
93;121;37.4775
93;122;34.4744
94;121;-16.3604
94;122;51.4588
95;121;-85.7144
95;122;-29.9793
96;121;15.3942
96;122;-45.6186
97;121;-46.0872
97;122;-44.6563
98;121;-92.9158
98;122;43.7302
99;121;-51.717
99;122;85.0753
100;121;49.0462
100;122;-84.9612
101;121;8.62337
101;122;46.2907
102;121;47.5793
102;122;96.7191
103;121;90.6963
103;122;-31.8704
104;121;-5.29982
104;122;44.4861
105;121;77.7897
105;122;8.78734
106;121;29.9414
106;122;74.9561
107;121;55.5656
107;122;-19.7455
108;121;11.7484
108;122;-71.0108
109;121;36.0901
109;122;16.5984
110;121;-76.1578
110;122;31.6697
111;121;-34.5913
111;122;-41.3575
112;121;-81.8209
112;122;19.3215
113;121;-45.7862
113;122;-62.8436
114;121;-0.0231934
114;122;-14.4066
115;121;-0.121056
115;122;-14.6582
116;121;88.8636
116;122;-62.6038
117;121;14.8402
117;122;-46.716
118;121;-57.0518
118;122;37.035
119;121;-34.183
119;122;19.6963
120;121;97.4344
120;122;-8.25797
