1;121;-1.56324
1;122;9.49868
2;121;-0.659448
2;122;-6.98931
3;121;4.16935
3;122;-9.00066
4;121;9.88993
4;122;-6.44176
5;121;3.10736
5;122;8.51716
6;121;-4.40802
6;122;-2.0573
7;121;-2.03421
7;122;2.11105
8;121;-4.85822
8;122;4.9264
9;121;-9.12045
9;122;8.85792
10;121;-3.06308
10;122;0.771061
11;121;6.57915
11;122;-14.3911
12;121;-1.08327
12;122;5.74247
13;121;-6.18019
13;122;3.63252
14;121;8.55389
14;122;-3.87869
15;121;5.97632
15;122;3.93201
16;121;1.40514
16;122;5.60956
17;122;8.6684
18;121;-2.80351
18;122;-2.99916
19;121;7.55985
19;122;-3.97121
20;121;-0.608006
20;122;-9.4929
21;121;-2.75469
21;122;2.25529
22;121;-8.91936
22;122;7.37552
23;121;-10.8657
23;122;-5.28122
24;121;6.90511
24;122;8.75429
25;121;3.37303
25;122;-8.32446
26;121;-0.671304
26;122;-3.10886
27;121;-1.35236
27;122;0.094677
28;121;-8.01692
28;122;-5.32352
29;121;-9.36908
29;122;-0.0215635
30;121;6.75491
30;122;2.22713
31;121;2.35697
31;122;-7.29104
32;121;-5.87906
32;122;-6.92192
33;121;5.61908
33;122;8.82408
34;121;-5.06401
34;122;-3.20754
35;121;9.65153
35;122;3.76592
36;121;8.44858
36;122;0.54528
37;121;13.5894
37;122;4.52922
38;121;11.287
38;122;-1.45389
39;121;5.85378
39;122;-6.44721
40;121;-8.53552
40;122;-1.73844
41;121;-5.05935
41;122;0.293947
42;121;5.37462
42;122;6.33574
43;121;-9.72962
43;122;2.56381
44;121;5.3333
44;122;4.30981
45;121;-0.676682
45;122;5.55785
46;121;8.50631
46;122;0.172131
47;121;-6.68114
47;122;5.75459
48;121;-1.52454
48;122;6.60662
49;121;1.49157
49;122;7.09096
50;121;6.28192
50;122;4.86846
51;121;9.88071
51;122;-2.82469
52;121;-4.58626
52;122;-3.64205
53;121;7.98172
53;122;13.7251
54;121;5.06233
54;122;0.376783
55;121;-3.26616
55;122;2.46237
56;121;1.41862
56;122;2.56981
57;121;6.962
57;122;-6.9478
58;121;4.17464
58;122;-3.96761
59;121;9.6063
59;122;1.78521
60;122;5.33821
61;121;9.87
61;122;-2.66546
62;121;4.48673
62;122;9.71062
63;121;-3.59934
63;122;3.70629
64;121;-7.44448
64;122;7.89223
65;121;-1.09672
65;122;-9.62024
66;121;6.47119
66;122;-3.6207
67;121;-8.69112
67;122;5.00674
68;121;3.00153
68;122;8.53689
69;121;6.88413
69;122;7.05499
70;121;9.70114
70;122;4.17604
71;121;4.89453
71;122;5.93586
72;121;-7.02578
72;122;3.28051
73;121;-4.49126
73;122;-5.47939
74;121;2.07253
74;122;-3.45756
75;121;-7.40614
75;122;-9.09441
76;121;2.02853
76;122;2.23984
77;121;-3.93492
77;122;-8.85578
78;121;7.84124
78;122;2.88548
79;121;-1.54919
79;122;5.90463
80;121;-2.89303
80;122;9.31363
81;121;-6.89327
81;122;6.98305
82;121;7.64454
82;122;0.212279
83;121;7.11488
83;122;-6.29835
84;121;7.31078
84;122;1.61471
85;121;-3.66231
85;122;7.65857
86;121;-2.27258
86;122;6.63432
87;121;9.22038
87;122;-4.00366
88;121;5.40813
88;122;0.0842857
89;121;3.06123
89;122;8.51763
90;121;0.541783
90;122;0.528452
91;121;-1.84903
91;122;-5.70094
92;121;0.717087
92;122;-9.72268
93;121;-5.13202
93;122;7.09407
94;121;5.04242
94;122;-2.47613
95;121;3.92593
95;122;7.50649
96;121;9.81418
97;121;3.33095
97;122;2.51305
98;121;-0.969144
98;122;-0.555882
99;121;8.75143
99;122;-3.09357
100;121;1.98694
100;122;-12.3751
101;121;6.92085
101;122;-0.143605
102;121;1.71411
102;122;-7.48944
103;121;4.66922
103;122;-3.31054
104;121;-6.94207
104;122;-6.18759
105;121;-6.63308
105;122;7.22194
106;121;5.32698
106;122;-9.05002
107;121;1.1438
107;122;-8.60112
108;121;8.57771
108;122;3.65062
109;121;-7.32169
109;122;1.10394
110;121;-9.61133
110;122;6.86716
111;121;7.29654
111;122;1.61743
112;121;2.16
112;122;-0.767466
113;121;-6.09602
113;122;3.68101
114;121;1.82221
114;122;5.4629
115;121;14.8635
115;122;-6.8545
116;121;-5.11703
116;122;5.07104
117;121;6.7382
117;122;11.3333
118;121;8.62259
118;122;8.20523
119;121;-3.4183
119;122;-5.95234
120;121;3.69501
120;122;1.10626
34;104;-2.45194
60;138;-3.16894
138;121;-5.45035
23;39;4.17518
