
---- Results of cofig: ----
  keep=0.453
  threshold=3.584
  interSpeciesRate=0.001
  noCrossoverOff=0.344
  probabilityWeightMutated=0.774
  probabilityAddNodeSmall=0.035
  probabilityAddLink_small=0.047
  probabilityAddNodeLarge=0.343
  probabilityAddLink_Large=0.137
  largeSize=20
  c1=1.382
  c2=1.219
  c3=0.471
  numberGenomes=50
  numberInputs=120
  numberOutputs=2
  evolutions=50
  n_max=400
  learningRate=5
  inputWeights=110,150
  weightsRange=-10,10
  process_max=25
  function=
  folder=results/trial-27

--Results of run:0 --
Best Genome 
Genome id: 1147
Genome fitness: 0.97
   IN  OUT    Weight  Innov
    1  121  -1.56324      1
    1  122   9.49868      2
    2  121 -0.659448      3
    2  122  -6.98931      4
    3  121   4.16935      5
    3  122  -9.00066      6
    4  121   9.88993      7
    4  122  -6.44176      8
    5  121   3.10736      9
    5  122   8.51716     10
    6  121  -4.40802     11
    6  122   -2.0573     12
    7  121  -2.03421     13
    7  122   2.11105     14
    8  121  -4.85822     15
    8  122    4.9264     16
    9  121  -9.12045     17
    9  122   8.85792     18
   10  121  -3.06308     19
   10  122  0.771061     20
   11  121   6.57915     21
   11  122  -14.3911     22
   12  121  -1.08327     23
   12  122   5.74247     24
   13  121  -6.18019     25
   13  122   3.63252     26
   14  121   8.55389     27
   14  122  -3.87869     28
   15  121   5.97632     29
   15  122   3.93201     30
   16  121   1.40514     31
   16  122   5.60956     32
   17  122    8.6684     34
   18  121  -2.80351     35
   18  122  -2.99916     36
   19  121   7.55985     37
   19  122  -3.97121     38
   20  121 -0.608006     39
   20  122   -9.4929     40
   21  121  -2.75469     41
   21  122   2.25529     42
   22  121  -8.91936     43
   22  122   7.37552     44
   23  121  -10.8657     45
   23  122  -5.28122     46
   24  121   6.90511     47
   24  122   8.75429     48
   25  121   3.37303     49
   25  122  -8.32446     50
   26  121 -0.671304     51
   26  122  -3.10886     52
   27  121  -1.35236     53
   27  122  0.094677     54
   28  121  -8.01692     55
   28  122  -5.32352     56
   29  121  -9.36908     57
   29  122-0.0215635     58
   30  121   6.75491     59
   30  122   2.22713     60
   31  121   2.35697     61
   31  122  -7.29104     62
   32  121  -5.87906     63
   32  122  -6.92192     64
   33  121   5.61908     65
   33  122   8.82408     66
   34  121  -5.06401     67
   34  122  -3.20754     68
   35  121   9.65153     69
   35  122   3.76592     70
   36  121   8.44858     71
   36  122   0.54528     72
   37  121   13.5894     73
   37  122   4.52922     74
   38  121    11.287     75
   38  122  -1.45389     76
   39  121   5.85378     77
   39  122  -6.44721     78
   40  121  -8.53552     79
   40  122  -1.73844     80
   41  121  -5.05935     81
   41  122  0.293947     82
   42  121   5.37462     83
   42  122   6.33574     84
   43  121  -9.72962     85
   43  122   2.56381     86
   44  121    5.3333     87
   44  122   4.30981     88
   45  121 -0.676682     89
   45  122   5.55785     90
   46  121   8.50631     91
   46  122  0.172131     92
   47  121  -6.68114     93
   47  122   5.75459     94
   48  121  -1.52454     95
   48  122   6.60662     96
   49  121   1.49157     97
   49  122   7.09096     98
   50  121   6.28192     99
   50  122   4.86846    100
   51  121   9.88071    101
   51  122  -2.82469    102
   52  121  -4.58626    103
   52  122  -3.64205    104
   53  121   7.98172    105
   53  122   13.7251    106
   54  121   5.06233    107
   54  122  0.376783    108
   55  121  -3.26616    109
   55  122   2.46237    110
   56  121   1.41862    111
   56  122   2.56981    112
   57  121     6.962    113
   57  122   -6.9478    114
   58  121   4.17464    115
   58  122  -3.96761    116
   59  121    9.6063    117
   59  122   1.78521    118
   60  122   5.33821    120
   61  121      9.87    121
   61  122  -2.66546    122
   62  121   4.48673    123
   62  122   9.71062    124
   63  121  -3.59934    125
   63  122   3.70629    126
   64  121  -7.44448    127
   64  122   7.89223    128
   65  121  -1.09672    129
   65  122  -9.62024    130
   66  121   6.47119    131
   66  122   -3.6207    132
   67  121  -8.69112    133
   67  122   5.00674    134
   68  121   3.00153    135
   68  122   8.53689    136
   69  121   6.88413    137
   69  122   7.05499    138
   70  121   9.70114    139
   70  122   4.17604    140
   71  121   4.89453    141
   71  122   5.93586    142
   72  121  -7.02578    143
   72  122   3.28051    144
   73  121  -4.49126    145
   73  122  -5.47939    146
   74  121   2.07253    147
   74  122  -3.45756    148
   75  121  -7.40614    149
   75  122  -9.09441    150
   76  121   2.02853    151
   76  122   2.23984    152
   77  121  -3.93492    153
   77  122  -8.85578    154
   78  121   7.84124    155
   78  122   2.88548    156
   79  121  -1.54919    157
   79  122   5.90463    158
   80  121  -2.89303    159
   80  122   9.31363    160
   81  121  -6.89327    161
   81  122   6.98305    162
   82  121   7.64454    163
   82  122  0.212279    164
   83  121   7.11488    165
   83  122  -6.29835    166
   84  121   7.31078    167
   84  122   1.61471    168
   85  121  -3.66231    169
   85  122   7.65857    170
   86  121  -2.27258    171
   86  122   6.63432    172
   87  121   9.22038    173
   87  122  -4.00366    174
   88  121   5.40813    175
   88  122 0.0842857    176
   89  121   3.06123    177
   89  122   8.51763    178
   90  121  0.541783    179
   90  122  0.528452    180
   91  121  -1.84903    181
   91  122  -5.70094    182
   92  121  0.717087    183
   92  122  -9.72268    184
   93  121  -5.13202    185
   93  122   7.09407    186
   94  121   5.04242    187
   94  122  -2.47613    188
   95  121   3.92593    189
   95  122   7.50649    190
   96  121   9.81418    191
   97  121   3.33095    193
   97  122   2.51305    194
   98  121 -0.969144    195
   98  122 -0.555882    196
   99  121   8.75143    197
   99  122  -3.09357    198
  100  121   1.98694    199
  100  122  -12.3751    200
  101  121   6.92085    201
  101  122 -0.143605    202
  102  121   1.71411    203
  102  122  -7.48944    204
  103  121   4.66922    205
  103  122  -3.31054    206
  104  121  -6.94207    207
  104  122  -6.18759    208
  105  121  -6.63308    209
  105  122   7.22194    210
  106  121   5.32698    211
  106  122  -9.05002    212
  107  121    1.1438    213
  107  122  -8.60112    214
  108  121   8.57771    215
  108  122   3.65062    216
  109  121  -7.32169    217
  109  122   1.10394    218
  110  121  -9.61133    219
  110  122   6.86716    220
  111  121   7.29654    221
  111  122   1.61743    222
  112  121      2.16    223
  112  122 -0.767466    224
  113  121  -6.09602    225
  113  122   3.68101    226
  114  121   1.82221    227
  114  122    5.4629    228
  115  121   14.8635    229
  115  122   -6.8545    230
  116  121  -5.11703    231
  116  122   5.07104    232
  117  121    6.7382    233
  117  122   11.3333    234
  118  121   8.62259    235
  118  122   8.20523    236
  119  121   -3.4183    237
  119  122  -5.95234    238
  120  121   3.69501    239
  120  122   1.10626    240
   34  104  -2.45194    270
   60  138  -3.16894    302
  138  121  -5.45035    303
   23   39   4.17518    307

Summerized results: 
run: 0 bestFitness: 0
Max fitness: 0
Percentage: 100% (1 of 1)
--------------------------------------------------------------
