1;17;9.04139
1;19;7.30362
2;17;-8.21858
2;18;-11.2412
2;19;-6.66091
3;17;-3.96474
3;18;-13.7969
3;19;0.352146
4;18;-9.86833
4;19;8.34979
5;17;-7.03421
5;18;5.61737
5;19;2.96334
6;17;-0.208054
6;18;1.59137
6;19;3.32501
7;17;-3.40069
7;18;4.51542
7;19;1.90091
8;17;3.98688
8;18;-6.18997
8;19;-12.1932
9;17;5.87507
9;18;-2.9322
9;19;-4.4776
10;17;-8.39189
10;18;6.6445
10;19;-0.957552
11;17;-6.99802
11;18;11.0521
11;19;3.20022
12;17;-12.9134
12;18;-7.63747
12;19;11.9591
13;17;9.69855
13;19;-7.75771
14;17;-4.18343
14;18;9.8226
14;19;-6.70616
15;17;3.40048
15;18;6.54111
15;19;-4.96052
16;17;-1.27006
16;18;-19.8286
16;19;18.6203
10;21;-8.4464
10;21;9.6694
21;18;6.6445
21;18;6.6445
10;23;-5.09899
23;17;-8.39189
