
---- Results of cofig: ----
  keep=0.519
  threshold=2.587
  interSpeciesRate=0.001
  noCrossoverOff=0.217
  probabilityWeightMutated=0.864
  probabilityAddNodeSmall=0.026
  probabilityAddLink_small=0.014
  probabilityAddNodeLarge=0.084
  probabilityAddLink_Large=0.188
  largeSize=20
  c1=0.776
  c2=0.984
  c3=0.405
  numberGenomes=50
  numberInputs=120
  numberOutputs=2
  evolutions=50
  n_max=400
  learningRate=5
  inputWeights=110,150
  weightsRange=-10,10
  process_max=25
  function=
  folder=results/trial-12

--Results of run:0 --
Best Genome 
Genome id: 1214
Genome fitness: 0.97
   IN  OUT    Weight  Innov
    1  121  -4.36951      1
    1  122   4.52338      2
    2  121   9.02858      3
    2  122  -6.92155      4
    3  121  -3.06192      5
    3  122  -6.14887      6
    4  121   9.88993      7
    4  122  -6.44176      8
    5  121   -2.6309      9
    5  122   3.58954     10
    6  121   5.41194     11
    6  122 -0.732437     12
    7  121   2.29565     13
    7  122   -9.8106     14
    8  121  -5.35626     15
    8  122  -7.66642     16
    9  121  0.403723     17
    9  122   8.85792     18
   10  121  -2.64158     19
   10  122   3.53807     20
   11  121   7.35842     21
   11  122   -5.4617     22
   12  121   7.57273     23
   12  122 -0.635031     24
   13  121  -3.23061     25
   13  122   13.0908     26
   14  121   13.5539     27
   14  122  -6.06682     28
   15  121   9.51359     29
   15  122  -1.45908     30
   16  121  -7.56589     31
   16  122   10.4378     32
   17  121  -5.32112     33
   17  122   6.76293     34
   18  121  -0.11861     35
   18  122   11.9782     36
   19  121  0.095789     37
   19  122   0.23346     38
   20  121  -4.12018     39
   20  122   4.76311     40
   21  121 -0.192488     41
   21  122  -8.70825     42
   22  121  -1.62764     43
   22  122  -6.23069     44
   23  121  -8.51885     45
   23  122    -8.017     46
   24  121   9.16045     47
   24  122   6.50323     48
   25  121  -6.83969     49
   25  122   7.86636     50
   26  121   9.52656     51
   26  122 -0.449327     52
   27  121   8.91218     53
   27  122  -3.09206     54
   28  121   -3.3172     55
   28  122  -3.34989     56
   29  121  -9.18803     57
   29  122  0.440623     58
   30  121   9.78269     59
   30  122  0.574107     60
   31  121   5.00593     61
   31  122  -6.22497     62
   32  121   7.04079     63
   32  122  -6.92192     64
   33  121  -3.27137     65
   33  122  -9.59237     66
   34  121   6.29589     67
   34  122   7.90249     68
   35  121   7.90906     69
   35  122  -9.29317     70
   36  121   8.40959     71
   36  122  -7.88526     72
   37  121  0.493559     73
   37  122  -2.92001     74
   38  121  -5.30578     75
   38  122 -0.457282     76
   39  121 -0.937012     77
   39  122   6.76797     78
   40  121   4.85805     79
   40  122   2.62846     80
   41  121   4.61855     81
   41  122  -6.38228     82
   42  121   5.89669     83
   42  122   -1.1852     84
   43  121   4.12127     85
   43  122    6.5541     86
   44  121   7.75929     87
   44  122  -13.9405     88
   45  121   6.47318     89
   45  122   7.54198     90
   46  121   1.63364     91
   46  122   9.14853     92
   47  121   5.03695     93
   47  122   5.75459     94
   48  121   4.99379     95
   48  122  -3.91849     96
   49  121  -4.33042     97
   49  122   2.71417     98
   50  121  -3.00438     99
   50  122   7.66598    100
   51  121  -5.20603    101
   51  122   1.84163    102
   52  121  -8.13183    103
   52  122   14.5568    104
   53  121  0.577842    105
   53  122  0.315008    106
   54  121   -2.9611    107
   54  122  -9.02937    108
   55  121   3.52028    109
   55  122   1.89559    110
   56  121   4.52373    111
   56  122   1.61439    112
   57  121   5.51331    113
   57  122   5.16579    114
   58  121   2.54437    115
   58  122   -6.0793    116
   59  121   8.86789    117
   59  122 -0.911871    118
   60  121  -5.45035    119
   60  122  -9.35632    120
   61  121   4.52229    121
   61  122  -4.96078    122
   62  121  -5.79388    123
   62  122   0.31425    124
   63  121  -8.21494    125
   63  122  -5.60071    126
   64  121   2.80745    127
   64  122    9.1187    128
   65  121  -4.87691    129
   65  122   7.91583    130
   66  121  -5.14054    131
   66  122   6.06869    132
   67  121  -3.16218    133
   67  122  -9.86817    134
   68  121   3.00153    135
   68  122  -1.76572    136
   69  121   6.88413    137
   69  122  -1.70253    138
   70  121   4.32182    139
   70  122   3.21931    140
   71  121 -0.678324    141
   71  122  -5.88603    142
   72  121  -7.02578    143
   72  122   7.84679    144
   73  121   1.89775    145
   73  122    5.6043    146
   74  121  -6.05677    147
   74  122  -8.08747    148
   75  121   2.95394    149
   75  122  -8.10425    150
   76  121   5.63413    151
   76  122    5.9203    152
   77  121    6.0085    153
   77  122  -1.74431    154
   78  121  -3.62301    155
   78  122   11.2637    156
   79  121   9.78118    157
   79  122  -3.16755    158
   80  121 -0.420261    159
   80  122    8.5739    160
   81  121  -7.11832    161
   81  122   8.47583    162
   82  121   8.45317    163
   82  122   1.49191    164
   83  121   6.89683    165
   83  122    1.4547    166
   84  121  -8.08145    167
   84  122   5.66827    168
   85  121  -11.4618    169
   85  122   7.65857    170
   86  121  -5.59657    171
   86  122  -9.05652    172
   87  121   9.72922    173
   87  122  -14.0037    174
   88  121   5.40813    175
   88  122    5.4936    176
   89  121  -9.11661    177
   89  122   8.66443    178
   90  121 -0.519398    179
   90  122 -0.176631    180
   91  121  0.456605    181
   91  122  0.151978    182
   92  121   6.95046    183
   92  122  -4.88911    184
   93  121  -7.43323    185
   93  122   8.24981    186
   94  121   8.10193    187
   94  122  -8.71317    188
   95  121  -6.95173    189
   95  122  -5.94425    190
   96  121   2.68688    191
   96  122   3.36127    192
   97  121  -7.46842    193
   97  122   1.14005    194
   98  121   2.88826    195
   98  122  -5.55588    196
   99  121  0.300828    197
   99  122  -6.41723    198
  100  121  -2.93756    199
  100  122  -3.61057    200
  101  121  -9.46996    201
  101  122  -9.42999    202
  102  121   6.71411    203
  102  122   8.53413    204
  103  121   4.66922    205
  103  122  -5.99509    206
  104  121   8.34641    207
  104  122-0.0369482    208
  105  121   6.80819    209
  105  122   6.05326    210
  106  121   5.61974    211
  106  122  -9.12769    212
  107  121 -0.432456    213
  107  122 -0.253059    214
  108  121   8.57771    215
  108  122 0.0380726    216
  109  121  -7.32769    217
  109  122   6.10394    218
  110  121  -9.98087    219
  110  122   5.03757    220
  111  121  0.174942    221
  111  122  -4.13575    222
  112  121   9.41711    223
  112  122   -9.7706    224
  113  121   1.39862    225
  113  122  -1.64141    226
  114  121   5.62232    227
  114  122   -5.1138    228
  115  121-0.0121059    229
  115  122  -4.55639    230
  116  121   9.33146    231
  116  122   5.99356    232
  117  121  -7.19302    233
  117  122   6.33335    234
  118  121  -6.26099    235
  118  122  -6.99355    236
  119  121   3.79017    237
  119  122   11.5219    238
  120  121  -3.03997    239
  120  122  -3.89374    240
   24  145   9.94854    292
  145  121   9.16045    293

Summerized results: 
run: 0 bestFitness: 0
Max fitness: 0
Percentage: 100% (1 of 1)
--------------------------------------------------------------
