1;17;1.74022
1;18;2.45583
1;19;1.6917
2;17;-0.472907
2;18;11.311
2;19;-0.80127
3;17;2.03654
3;18;6.71065
3;19;1.26653
4;17;-5.49529
4;18;1.06453
4;19;2.6717
5;17;-8.57356
5;18;-9.66699
5;19;-0.496722
6;17;-3.04908
6;18;-2.83529
6;19;0.452573
7;17;-1.98029
7;19;3.59807
8;17;7.51209
8;18;-6.13322
8;19;-4.61955
9;17;13.5736
9;18;-8.34216
9;19;-10.7095
10;17;5.18417
10;18;5.17598
10;19;-9.90547
11;17;-6.23504
11;18;6.90246
11;19;2.55036
12;17;2.01525
12;18;4.97357
12;19;8.3592
13;17;5.5366
13;18;-2.98989
13;19;7.44057
14;17;-9.29702
14;18;1.46471
14;19;3.5051
15;17;7.79625
15;18;2.22822
15;19;0.620655
16;17;6.42661
16;18;-14.8286
16;19;9.92083
3;1;-1.12997
