1;121;43.0566
1;122;-18.036
2;121;7.94119
2;122;-89.2898
3;121;49.8886
3;122;-85.9498
4;121;-2.82684
4;122;-50.493
5;121;0.823837
5;122;84.5752
6;121;54.1194
6;122;-26.9265
7;121;94.4689
7;122;78.5443
8;121;49.3546
8;122;67.5651
9;121;-21.4359
9;122;46.3901
10;121;68.5215
10;122;66.9425
11;121;-39.5782
11;122;-3.74395
12;121;30.2205
12;122;12.8349
13;121;-90.312
13;122;98.6205
14;121;83.4075
14;122;-38.7869
15;121;-66.9849
15;122;-90.1653
16;121;34.4257
16;122;16.6202
17;121;-89.3118
17;122;-57.6331
18;121;-49.2333
18;122;-68.9493
19;121;75.5986
19;122;94.6494
20;121;-21.0895
20;122;-20.2965
21;121;-86.536
21;122;52.5824
22;121;19.7228
22;122;95.8634
23;121;61.4818
23;122;-41.933
24;121;-70.9572
24;122;-87.7533
25;121;23.255
25;122;41.3762
26;121;-38.1134
26;122;-81.0886
27;121;-56.169
27;122;25.486
28;121;54.6606
28;122;-59.0557
29;121;49.2149
29;122;-2.59811
30;121;25.1046
30;122;-49.8752
31;121;75.8025
31;122;58.4609
32;121;66.745
32;122;61.5301
33;121;50.0077
33;122;-68.1391
34;121;46.4326
34;122;-39.2963
35;121;86.1715
35;122;28.4646
36;121;-91.409
36;122;21.7196
37;121;-23.041
37;122;45.2922
38;121;-80.2178
38;122;93.5388
39;121;-9.76866
39;122;86.2522
40;121;7.67392
40;122;-78.2734
41;121;90.4953
41;122;2.93948
42;121;49.1658
42;122;52.0283
43;121;6.82043
43;122;40.6832
44;121;91.7507
44;122;-9.76325
45;121;63.1433
45;122;5.03709
46;121;-77.2971
46;122;-68.8626
47;121;-85.8453
47;122;-45.3364
48;121;-33.3017
48;122;66.0662
49;121;21.39
49;122;24.5583
50;121;2.71394
50;122;56.5506
51;121;34.6539
51;122;-43.3111
52;121;-75.1527
52;122;-85.8926
53;121;56.8992
53;122;-65.8361
54;121;-85.1663
54;122;-59.8116
55;121;-61.0878
55;122;-26.3404
56;121;-41.5667
56;122;-98.6474
57;121;69.6201
57;122;14.9527
58;121;5.3151
58;122;7.53521
59;121;-65.2293
59;122;-9.11871
60;121;-11.7177
60;122;67.8381
61;121;-89.1674
61;122;-48.9847
62;121;2.30829
62;122;3.1425
63;121;-22.5367
63;122;-59.1011
64;121;63.9576
64;122;67.6196
65;121;-81.7499
65;122;79.1583
66;121;87.5723
66;122;-36.207
67;121;-82.4381
67;122;-98.6817
68;121;27.3724
68;122;-30.3241
69;121;4.8912
69;122;95.3031
70;121;60.2728
70;122;-60.2848
71;121;-13.5297
71;122;77.4234
72;121;-98.2863
72;122;67.5626
73;121;33.6589
73;122;-75.5897
74;121;20.7253
74;122;15.0406
75;121;-74.0614
75;122;-90.9924
76;121;72.5074
76;122;-9.78699
77;121;12.6366
77;122;17.3747
78;121;72.8657
78;122;7.38158
79;121;-15.4919
79;122;-41.2832
80;121;-77.3503
80;122;35.739
81;121;-70.354
81;122;69.8305
82;121;7.03752
82;122;59.0263
83;121;66.0551
83;122;26.9044
84;121;-80.8145
84;122;69.9384
85;121;39.9013
85;122;79.4583
86;121;-19.735
86;122;37.9536
87;121;9.15688
87;122;48.6155
88;121;-10.977
88;122;31.8233
89;121;-91.1661
89;122;95.1693
90;121;50.9487
90;122;-65.2275
91;121;54.5002
91;122;23.4561
92;121;98.0896
92;122;-32.8633
93;121;-99.8242
93;122;23.0982
94;121;50.4242
94;122;-24.1831
95;121;79.077
95;122;47.9119
96;121;-38.9221
96;122;-19.3618
97;121;-61.3565
97;122;-39.3901
98;121;-7.36098
98;122;-11.1088
99;121;-81.3176
99;122;52.0939
100;121;44.7951
100;122;-10.6757
101;121;-8.71712
101;122;-27.0843
102;121;84.319
102;122;-35.0547
103;121;-86.4825
103;122;-31.8704
104;121;-78.7293
104;122;-0.369476
105;121;40.8238
105;122;72.2194
106;121;53.2698
106;122;-56.9598
107;121;-68.9763
107;122;-7.69135
108;121;96.9908
108;122;52.1265
109;121;-31.5899
109;122;-20.8024
110;121;75.6195
110;122;-25.8049
111;121;96.4077
111;122;22.923
112;121;94.1711
112;122;30.2182
113;121;-52.913
113;122;54.554
114;121;-0.0231934
114;122;-25.7415
115;121;98.6347
115;122;-25.3467
116;121;33.7193
116;122;74.788
117;121;-87.6479
117;122;38.0062
118;121;79.3649
118;122;-57.9596
119;121;-83.1683
119;122;-99.3644
120;121;-64.3855
120;122;-51.5479
