
---- Results of cofig: ----
  keep=0.424
  threshold=3.907
  interSpeciesRate=0.001
  noCrossoverOff=0.242
  probabilityWeightMutated=0.723
  probabilityAddNodeSmall=0.03
  probabilityAddLink_small=0.016
  probabilityAddNodeLarge=0.293
  probabilityAddLink_Large=0.106
  largeSize=20
  c1=0.873
  c2=0.982
  c3=0.382
  numberGenomes=50
  numberInputs=120
  numberOutputs=2
  evolutions=50
  n_max=400
  learningRate=5
  inputWeights=110,150
  weightsRange=-10,10
  process_max=25
  function=
  folder=results/trial-27

--Results of run:0 --
Best Genome 
Genome id: 1394
Genome fitness: 0.97
   IN  OUT    Weight  Innov
    1  121   -3.1453      1
    1  122   4.52338      2
    2  121  -8.74997      3
    2  122   2.26922      4
    3  121   2.38396      5
    3  122   -4.1409      6
    4  121   9.88993      7
    4  122  -6.44176      8
    5  121  -6.42949      9
    5  122  0.971595     10
    6  121  -4.40802     11
    6  122  -2.69265     12
    7  121  -2.03421     13
    7  122   2.11105     14
    8  121 -0.108017     15
    8  122  -1.96341     16
    9  121 -0.887179     17
    9  122  -0.20472     18
   10  121   6.85215     19
   10  122   8.30188     20
   11  121    7.0412     21
   11  122  -8.64608     22
   12  121   3.02205     23
   12  122  -8.37117     24
   13  121  -8.31726     25
   13  122   3.63252     26
   14  121   8.34075     27
   14  122  -12.0353     28
   15  121   9.97849     29
   15  122  -7.38322     30
   16  121   4.21537     31
   16  122   3.54683     32
   17  121  -1.37606     33
   17  122  -6.81787     34
   18  121   4.67272     35
   18  122  -6.89493     36
   19  121   3.13799     37
   19  122  0.374804     38
   20  122   3.77328     40
   21  121  -4.26072     41
   21  122   1.31235     42
   22  121 -0.225338     43
   22  122  -9.89955     44
   23  121  -3.51885     45
   23  122  -7.79146     46
   24  121  -4.57059     47
   24  122   2.11285     48
   25  121 0.0803385     49
   25  122   9.91241     50
   26  121   9.52656     51
   26  122   5.39931     52
   27  121   9.22028     53
   27  122  -5.39723     54
   28  121   4.89461     55
   28  122  -9.40508     56
   29  121  -6.59142     57
   29  122 -0.259811     58
   30  121   7.00123     59
   30  122  -6.41816     60
   31  121   2.35697     61
   31  122  -6.22497     62
   32  121   4.57277     63
   32  122  -6.92192     64
   33  121   9.08278     65
   33  122   8.82408     66
   34  121   1.18315     67
   34  122 -0.821428     68
   35  121   8.61715     69
   35  122   -7.8243     70
   36  121  0.731931     71
   36  122  -10.1813     72
   37  121   7.69087     73
   37  122   1.21724     74
   38  121   1.33857     75
   38  122 -0.457282     76
   39  121  0.392794     77
   39  122  -4.76842     78
   40  121  0.767392     79
   40  122   5.83197     80
   41  121  -9.21935     81
   41  122   3.37422     82
   42  121   5.35014     83
   42  122   9.80329     84
   43  121  -9.71784     85
   43  122   7.05137     86
   44  121   2.75929     87
   44  122   8.33816     88
   45  121   1.47318     89
   45  122  -8.01505     90
   46  121   8.50631     91
   46  122   9.14853     92
   47  121   -4.6502     93
   47  122  -8.01769     94
   48  121   -6.3068     95
   48  122  -3.91849     96
   49  121  -4.33042     97
   49  122  -1.59025     98
   50  121   6.28192     99
   50  122   6.35679    100
   51  121 -0.350187    101
   51  122   -5.6835    102
   52  121   9.00505    103
   52  122   6.93284    104
   53  121  -10.7403    105
   53  122   6.75231    106
   54  121  -5.13166    107
   54  122  0.376783    108
   55  121   5.67701    109
   55  122   9.85686    110
   56  121   4.52373    111
   56  122   2.75465    112
   57  121     6.962    113
   57  122  -7.51864    114
   58  121   6.94277    115
   58  122  -2.43629    116
   59  121   -2.9403    117
   59  122  -9.02883    118
   60  121   3.87174    119
   60  122   5.33821    120
   61  121  -1.00276    121
   61  122  -2.27881    122
   62  121 -0.513266    123
   62  122   5.46031    124
   63  121   4.18004    125
   63  122  -5.60071    126
   64  121   5.74377    127
   64  122   14.8496    128
   65  121  0.943798    129
   65  122   2.02569    130
   66  121   -9.0594    131
   66  122   6.79391    132
   67  121-0.00139236    133
   67  122   5.00674    134
   68  121   2.73724    135
   68  122  -3.98408    136
   69  121   6.88413    137
   69  122   7.05499    138
   70  121  0.924969    139
   70  122   4.90143    140
   71  121  -3.22143    141
   71  122  -1.11635    142
   72  121  -7.02578    143
   72  122  0.431267    144
   73  121   3.36589    145
   73  122  -5.19875    146
   74  121   2.07253    147
   74  122  -8.08747    148
   75  121  -7.40614    149
   75  122  -9.09924    150
   76  121  -6.07818    151
   76  122   -1.4722    152
   77  121   -1.7647    153
   77  122  -1.53244    154
   78  121  -2.63617    155
   78  122   9.23708    156
   79  121  -1.54919    157
   79  122  -7.87925    158
   80  121  -2.73503    159
   80  122    3.5739    160
   81  121   4.14644    161
   81  122   8.47583    162
   82  121    4.9532    163
   82  122   -10.427    164
   83  121   9.99987    165
   83  122  -4.04175    166
   84  121  -13.0814    167
   84  122  -3.22924    168
   85  121   1.33769    169
   85  122   7.65857    170
   86  121  -5.59657    171
   86  122   6.63432    172
   87  121   9.81645    173
   87  122  -4.60738    174
   88  121  -4.48095    175
   88  122   1.11026    176
   89  121  -1.88165    177
   89  122   -2.1662    178
   90  121   5.09487    179
   90  122  -6.52275    180
   91  121   7.24897    181
   91  122  -5.18113    182
   92  121  0.717087    183
   92  122 -0.948483    184
   93  121  -5.91692    185
   93  122   12.0941    186
   94  121   5.04242    187
   94  122  -5.28605    188
   95  121   9.21483    189
   95  122  -5.94425    190
   96  121  -9.47795    191
   96  122  0.950054    192
   97  121   1.77424    193
   97  122  -3.93901    194
   98  121  -9.66879    195
   98  122   6.01415    196
   99  121   5.69051    197
   99  122   -8.1242    198
  100  121   1.68242    199
  100  122  -4.92021    200
  101  121  -1.12265    201
  101  122  0.371914    202
  102  121   6.71411    203
  102  122   3.94474    204
  103  121   4.66922    205
  103  122  -4.38359    206
  104  121   8.34641    207
  104  122   7.88711    208
  105  121   -5.4029    209
  105  122   7.22194    210
  106  121  -2.00586    211
  106  122  -5.03912    212
  107  121 -0.432456    213
  107  122 -0.253059    214
  108  121  -6.85628    215
  108  122   3.65062    216
  109  121     3.609    217
  109  122  -3.71268    218
  110  121  -13.5168    219
  110  122   6.86716    220
  111  121    1.9755    221
  111  122  -2.26845    222
  112  121   9.41711    223
  112  122  -7.86587    224
  113  121   8.35329    225
  113  122  -1.31899    226
  114  121   -3.4415    227
  114  122  -4.64777    228
  115  121   9.86346    229
  115  122 -0.553368    230
  116  121  -5.43234    231
  116  122  -6.00825    232
  117  121    6.7382    233
  117  122   1.34319    234
  118  121   7.93649    235
  118  122   2.97851    236
  119  121   9.51503    237
  119  122  -6.93864    238
  120  121  -3.03997    239
  120  122   0.59836    240
   20  139  -7.24855    282
  139  121  -3.33669    283
   12  104  -8.32977    309

Summerized results: 
run: 0 bestFitness: 0
Max fitness: 0
Percentage: 100% (1 of 1)
--------------------------------------------------------------
