
---- Results of cofig: ----
  keep=0.498
  threshold=2.067
  interSpeciesRate=0.001
  noCrossoverOff=0.211
  probabilityWeightMutated=0.88
  probabilityAddNodeSmall=0.034
  probabilityAddLink_small=0.032
  probabilityAddNodeLarge=0.246
  probabilityAddLink_Large=0.13
  largeSize=20
  c1=1.218
  c2=1.139
  c3=0.382
  numberGenomes=50
  numberInputs=120
  numberOutputs=2
  evolutions=50
  n_max=300
  learningRate=10
  inputWeights=110,150
  weightsRange=-100,100
  process_max=25
  function=
  folder=results/trial-1

--Results of run:0 --
Best Genome 
Genome id: 889
Genome fitness: 0.83
   IN  OUT    Weight  Innov
    1  121  -94.5432      1
    1  122   3.34333      2
    2  121   90.2858      3
    2  122   35.6614      4
    3  121  -52.7335      5
    3  122  -10.0696      6
    4  121   90.2534      7
    4  122   80.0816      8
    5  121  -98.9985      9
    5  122   9.71595     10
    6  121   54.1194     11
    6  122   82.0917     12
    7  121   -27.162     13
    7  122   -98.106     14
    8  121   67.8082     15
    8  122   92.8497     16
    9  121   30.1432     17
    9  122   42.2822     18
   10  121   68.5215     19
   10  122  -96.9031     20
   11  121   71.1842     21
   11  122  -86.4608     22
   12  121  -56.5019     23
   12  122  -90.9509     24
   13  121   3.86284     25
   13  122  -99.5774     26
   14  121   64.5764     27
   14  122  -66.8829     28
   15  121   56.5262     29
   15  122  -79.6148     30
   16  121  -58.3302     31
   16  122   58.6821     32
   17  121  -72.9382     33
   17  122   97.5094     34
   18  121   46.7272     35
   18  122  -46.8922     36
   19  121     31.38     37
   19  122   45.2619     38
   20  121  -49.4062     39
   20  122   50.6484     40
   21  121  -19.1358     41
   21  122   60.0724     42
   22  121  -2.25337     43
   22  122  -29.9474     44
   23  121   9.97778     45
   23  122   12.2242     46
   24  121   69.0511     47
   24  122  -41.6394     48
   25  121  -36.9567     49
   25  122   88.9618     50
   26  121   35.7343     51
   26  122   73.1853     52
   27  121   92.2028     53
   27  122  0.946777     54
   28  121 -0.154778     55
   28  122   68.1797     56
   29  121  -87.1657     57
   29  122   40.5282     58
   30  121  -99.3895     59
   30  122   92.4188     60
   31  121   46.3877     61
   31  122  -9.25733     62
   32  121  -32.6065     63
   32  122  -69.2192     64
   33  121   -52.355     65
   33  122   26.1384     66
   34  121   56.4326     67
   34  122    32.659     68
   35  121  -76.7085     69
   35  122  -76.2353     70
   36  121   12.3882     71
   36  122  -51.8125     72
   37  121   30.3735     73
   37  122  -15.0561     74
   38  121  -82.7988     75
   38  122  -75.1703     76
   39  121  -42.4836     77
   39  122  -22.5304     78
   40  121  -23.6664     79
   40  122   22.0091     80
   41  121    75.214     81
   41  122   52.2367     82
   42  121    98.218     83
   42  122  -66.1909     84
   43  121  -74.8653     85
   43  122   27.9596     86
   44  121   77.5929     87
   44  122  -77.9403     88
   45  121  -89.6262     89
   45  122  -1.57173     90
   46  121   16.3364     91
   46  122   18.9437     92
   47  121  -55.5551     93
   47  122  -18.1281     94
   48  121  -77.7339     95
   48  122   66.2678     96
   49  121   21.1701     97
   49  122   13.8847     98
   50  121   62.8192     99
   50  122  -94.8717    100
   51  121   34.6539    101
   51  122   2.48443    102
   52  121  -37.8111    103
   52  122  -30.2237    104
   53  121   5.77842    105
   53  122   57.8873    106
   54  121   59.0067    107
   54  122   2.64437    108
   55  121   -2.9883    109
   55  122  -43.7881    110
   56  121  -89.6785    111
   56  122   25.6981    112
   57  121  -6.59589    113
   57  122   94.1419    114
   58  121  -50.0779    115
   58  122  -83.4865    116
   59  121    96.063    117
   59  122   4.00231    118
   60  121   50.4161    119
   60  122   56.0814    120
   61  121   20.7206    121
   61  122   83.4653    122
   62  121   -72.228    123
   62  122   61.8067    124
   63  121  0.497757    125
   63  122   94.4117    126
   64  121   70.1998    127
   64  122  -97.5438    128
   65  121   35.0049    129
   65  122  -72.9987    130
   66  121   25.2202    131
   66  122  -98.2854    132
   67  121   44.3251    133
   67  122  -65.5766    134
   68  121   39.6829    135
   68  122   84.0847    136
   69  121    82.631    137
   69  122   48.8298    138
   70  121  -42.9574    139
   70  122   32.1931    140
   71  121   55.4532    141
   71  122    72.393    142
   72  121  -20.4506    143
   72  122  -77.0812    144
   73  121   36.3596    145
   73  122   45.5727    146
   74  121   20.2229    147
   74  122  -80.8747    148
   75  121  -39.4144    149
   75  122  -85.3689    150
   76  121   21.4773    151
   76  122   11.9343    152
   77  121  -70.0817    153
   77  122   67.2579    154
   78  121   4.36689    155
   78  122   44.7676    156
   79  121  -69.8446    157
   79  122  0.520378    158
   80  121  -79.6754    159
   80  122   18.8185    160
   81  121   -27.878    161
   81  122   84.7583    162
   82  121  -24.9275    163
   82  122   14.7902    164
   83  121   74.8425    165
   83  122  -93.5301    166
   84  121  -66.6326    167
   84  122   48.8745    168
   85  121   -64.618    169
   85  122   54.4621    170
   86  121  -68.6636    171
   86  122  -17.1559    172
   87  121  -34.9588    173
   87  122  -75.4307    174
   88  121  -33.5786    175
   88  122   31.8233    176
   89  121   64.3875    177
   89  122  -79.7893    178
   90  121  -49.1592    179
   90  122  -83.2166    180
   91  121  -42.7168    181
   91  122  -61.1617    182
   92  121    15.886    183
   92  122  -9.48483    184
   93  121  -44.2282    185
   93  122   99.7369    186
   94  121  -43.7068    187
   94  122   -3.6674    188
   95  121   41.7631    189
   95  122  -59.4425    190
   96  121   66.2646    191
   96  122  -16.1619    192
   97  121   49.5619    193
   97  122   11.4005    194
   98  121  -98.5386    195
   98  122   60.1416    196
   99  121   32.2288    197
   99  122  -78.9868    198
  100  121   19.8694    199
  100  122  -88.1937    200
  101  121  -87.5867    201
  101  122   80.2779    202
  102  121  -30.2371    203
  102  122   19.6021    204
  103  121  -99.5455    205
  103  122  -72.3799    206
  104  121   40.8751    207
  104  122   10.9733    208
  105  121   40.8238    209
  105  122   19.1326    210
  106  121   90.2986    211
  106  122  -36.7734    212
  107  121  -3.58672    213
  107  122  -7.69135    214
  108  121   11.0482    215
  108  122    23.638    216
  109  121  -43.9625    217
  109  122   11.0394    218
  110  121   64.8523    219
  110  122  -96.1563    220
  111  121   96.4077    221
  111  122  -68.2785    222
  112  121  -1.68585    223
  112  122   87.6236    224
  113  121  -72.4252    225
  113  122    54.554    226
  114  121   41.4111    227
  114  122  -14.2559    228
  115  121  -52.7857    229
  115  122  -5.53367    230
  116  121   42.8466    231
  116  122   59.9356    232
  117  121   51.0061    233
  117  122  -55.4373    234
  118  121    99.098    235
  118  122  -44.3755    236
  119  121   49.5884    237
  119  122  -1.13657    238
  120  121  -38.7981    239
  120  122    65.449    240

Summerized results: 
run: 0 bestFitness: 0
Max fitness: 0
Percentage: 100% (1 of 1)
--------------------------------------------------------------
