1;53;-9.0205
1;54;-4.17893
1;55;-0.919762
2;53;-10.1655
2;54;8.50153
2;55;7.97673
3;53;2.57308
3;54;-14.1664
3;55;5.77181
4;53;-2.5854
4;54;-6.43585
4;55;2.84679
5;53;1.37329
5;54;5.26802
5;55;-11.4986
6;53;2.89966
6;54;-1.50985
6;55;-2.39448
7;53;-0.78707
7;54;1.19343
7;55;-8.44064
8;53;-10.966
8;54;-0.775566
8;55;-4.76689
9;53;-4.55899
9;54;5.71954
9;55;-6.2171
10;53;4.71047
10;54;14.9785
10;55;-0.117552
11;53;5.32698
11;54;0.633603
11;55;3.49745
12;53;-4.07937
12;54;-3.37228
12;55;-4.98752
13;53;-8.69151
13;54;-2.62388
13;55;6.6745
14;53;5.02844
14;54;0.534899
14;55;-7.86112
15;53;-0.257511
15;54;9.27597
15;55;-4.33371
16;53;2.02635
16;54;9.98884
16;55;6.88964
17;53;0.422508
17;54;5.31147
17;55;-9.61133
18;53;0.0710402
18;54;-9.19519
18;55;3.32011
19;53;9.34273
19;54;-3.75418
19;55;9.69689
20;53;-6.87436
20;54;8.69501
20;55;-8.73808
21;53;-5.00946
21;54;-3.04726
21;55;3.05536
22;53;5.69858
22;54;8.62047
22;55;4.07335
23;53;14.9098
23;54;-2.52878
23;55;-1.44596
24;53;1.1791
24;54;9.94957
24;55;-8.05045
25;53;-9.58249
25;54;-6.51901
25;55;9.2883
26;53;-6.53823
26;54;1.98238
26;55;-2.34208
27;53;7.5215
27;54;7.82571
27;55;-1.05808
28;53;6.05424
28;54;-5.84591
28;55;-8.93155
29;53;3.36937
29;54;8.73507
29;55;-0.420637
30;53;4.80078
30;54;2.0072
30;55;0.22279
31;53;7.36593
31;54;1.7728
31;55;12.1755
32;53;-2.31603
32;54;-4.8293
32;55;14.0192
33;54;-2.27881
33;55;3.68437
34;53;-0.851599
34;54;-2.18621
34;55;-9.04037
35;53;9.00505
35;54;5.68589
35;55;-2.87288
36;53;7.58822
36;54;12.1937
36;55;6.95906
37;53;-1.60429
37;54;-4.07498
37;55;-9.44977
38;53;8.62874
38;54;3.7005
38;55;2.78626
39;53;-0.387697
39;54;-6.48234
39;55;4.19451
40;53;-1.71965
40;54;-6.68156
40;55;8.13608
41;53;-7.93658
41;54;-5.19024
41;55;8.18657
42;53;3.3143
42;54;5.61146
42;55;-1.03671
43;53;-5.60216
43;54;9.69953
43;55;-9.18803
44;53;-3.37666
44;54;6.82757
44;55;3.73357
45;53;3.0689
45;54;-9.20895
45;55;-0.143145
46;53;-4.8489
46;54;9.94105
46;55;-1.90552
47;53;5.03105
47;54;2.68841
47;55;-8.5094
48;53;-1.23296
48;54;-8.94942
48;55;-5.44004
49;53;-8.4467
49;54;6.71394
49;55;6.08002
50;53;-4.11828
50;54;-5.54541
50;55;6.92018
51;53;7.42249
51;54;-3.76099
51;55;4.67972
52;53;7.89595
52;54;-1.09555
52;55;0.55306
52;69;-10.0553
69;53;-9.31702
