1;17;7.89422
1;18;-1.40497
1;19;6.99712
2;17;1.33455
2;18;2.29937
2;19;2.14853
3;17;-0.175725
3;18;-1.09843
3;19;2.3691
4;17;-2.98198
4;18;0.411936
4;19;-0.732437
5;17;-2.03421
5;18;6.94061
5;19;-4.23063
6;17;7.28884
6;18;-1.6243
6;19;8.82598
7;17;9.92883
7;18;-3.26995
8;17;4.54645
8;18;-9.50196
9;17;7.59769
9;18;3.06185
9;19;6.45763
10;17;-8.39189
10;18;5.65262
10;19;0.155496
11;17;-11.0077
11;18;3.54683
11;19;1.61293
12;17;-4.01054
12;18;-2.1148
12;19;11.9782
13;17;3.13799
13;18;-1.09327
13;19;-4.12018
14;17;-9.4929
14;18;1.90969
14;19;-8.70825
15;17;-0.225338
15;18;9.87548
15;19;-8.51885
16;17;-7.79146
16;18;-6.52447
16;19;8.38381
7;37;9.42418
37;19;-2.51174
8;40;-0.0226955
40;19;3.01513
