1;53;-9.0205
1;54;6.39613
1;55;4.83589
2;53;-2.11345
2;54;8.50153
2;55;5.40179
3;53;5.04242
3;54;-9.16644
3;55;6.43875
4;53;-2.5854
4;54;-1.35768
4;55;3.61242
5;53;1.2978
5;54;8.16659
5;55;-1.49857
6;53;-5.08931
6;54;9.67443
6;55;4.64277
7;53;5.32263
7;54;2.18373
7;55;1.48427
8;53;0.493333
8;54;5.66678
8;55;6.08353
9;53;-3.2873
9;54;3.89618
9;55;2.03336
10;53;-8.96698
10;54;-4.63973
10;55;-7.89868
11;53;-2.2775
11;54;-6.83368
11;55;2.29583
12;53;-7.44162
12;54;5.03275
12;55;0.797361
13;53;-1.45345
13;54;9.4555
13;55;-2.43805
14;53;5.42715
14;54;6.52074
14;55;8.08399
15;53;-4.65503
15;54;-1.05862
15;55;6.25058
16;53;-9.47626
16;54;5.31291
16;55;6.88964
17;53;0.422508
17;54;7.95262
17;55;-6.53402
18;53;-2.80033
18;54;-14.1952
18;55;-4.70511
19;53;-2.96875
19;54;-9.41611
19;55;-4.2723
20;53;-4.51633
20;54;9.23024
20;55;1.89439
21;53;0.622475
21;54;-3.87195
21;55;9.04059
22;53;-7.33804
22;54;-0.488875
22;55;-4.70647
23;53;2.57165
23;54;-2.66424
23;55;-9.64329
24;53;-4.90977
24;54;7.80851
24;55;-0.282802
25;53;-5.78234
25;54;-1.30993
25;55;4.32882
26;53;8.68181
26;54;5.65262
26;55;-6.14887
27;53;7.5215
27;54;-0.754326
27;55;-2.66969
28;53;-0.264318
28;54;-8.06796
28;55;-5.25327
29;53;3.36937
29;54;7.84406
29;55;-1.57117
30;53;6.94932
30;54;7.94272
30;55;-8.41753
31;53;1.59931
31;54;1.15639
31;55;5.26273
32;53;-7.79146
32;54;7.22535
32;55;9.01922
33;53;-2.03127
33;54;3.63002
33;55;6.7329
34;53;4.97537
34;54;9.51359
34;55;-6.20868
35;53;-7.56589
35;54;-5.86224
35;55;-7.0468
36;53;-0.998851
36;54;-5.61806
36;55;-0.413484
37;53;-9.38594
37;54;11.5744
37;55;-9.44977
38;53;8.38825
38;54;-6.82826
38;55;-6.65466
39;53;9.32031
39;54;-11.2307
39;55;1.15615
40;53;-2.8243
40;54;0.718629
40;55;1.50323
41;53;-9.46435
41;54;-1.92295
41;55;9.50761
42;53;7.71118
42;54;9.54455
42;55;-1.03671
43;53;9.53596
43;54;6.04161
43;55;-3.57284
44;53;-8.86926
44;54;6.82757
44;55;8.64642
45;53;-8.04913
45;54;-1.31983
45;55;2.60849
46;53;-4.36706
46;54;7.18838
46;55;0.496384
47;53;7.59721
47;54;-2.17996
47;55;-1.65368
48;53;4.00208
48;54;3.82735
48;55;-12.8853
49;53;-8.4467
49;54;6.71394
49;55;8.0043
50;53;-4.11828
50;54;-0.937012
50;55;-3.39733
51;53;13.9853
51;54;-6.18374
51;55;3.20198
52;53;-1.22477
52;54;-6.09555
52;55;-4.10969
51;4;-4.32545
