
---- Results of cofig: ----
  keep=0.453
  threshold=3.584
  interSpeciesRate=0.001
  noCrossoverOff=0.344
  probabilityWeightMutated=0.774
  probabilityAddNodeSmall=0.035
  probabilityAddLink_small=0.047
  probabilityAddNodeLarge=0.343
  probabilityAddLink_Large=0.137
  largeSize=20
  c1=1.382
  c2=1.219
  c3=0.471
  numberGenomes=50
  numberInputs=120
  numberOutputs=2
  evolutions=50
  n_max=400
  learningRate=5
  inputWeights=110,150
  weightsRange=-10,10
  process_max=25
  function=
  folder=results/trial-11

--Results of run:0 --
Best Genome 
Genome id: 1419
Genome fitness: 0.97
   IN  OUT    Weight  Innov
    1  121  -6.24767      1
    1  122   13.4981      2
    2  121  -8.74997      3
    2  122  0.214283      4
    3  121  -3.92342      5
    3  122   8.34145      6
    4  121  -7.44516      7
    4  122  -4.76859      8
    5  121  -5.41841      9
    5  122   6.23211     10
    6  121   4.76778     11
    6  122  -7.83899     12
    7  121   6.74013     13
    7  122   8.45158     14
    8  121  -2.08016     15
    8  122   6.52308     16
    9  121  0.403723     17
    9  122    1.5474     18
   10  121  -6.85722     19
   11  121   8.61333     21
   11  122   4.10345     22
   12  121    8.0834     23
   12  122   3.05027     24
   13  121  -3.23061     25
   13  122   11.1798     26
   14  121   6.45763     27
   14  122  -4.35409     28
   15  121   -7.9194     29
   15  122  -7.38322     30
   16  121  -13.9804     31
   16  122   10.4378     32
   17  121   -5.3821     33
   17  122  -6.81787     34
   18  121  -4.97205     35
   18  122  -8.28902     36
   19  121   1.17339     37
   19  122   0.23346     38
   20  121 -0.608006     39
   20  122   -9.4929     40
   21  121  -3.17569     41
   21  122     9.906     42
   22  121  -8.91936     43
   22  122   7.37552     44
   23  121   4.64147     45
   23  122   1.22241     46
   24  121  -4.57059     47
   24  122   3.63985     48
   25  121   2.50947     49
   25  122   9.50221     50
   26  121   8.46372     51
   26  122 -0.180037     52
   27  121   9.50513     53
   27  122  -6.66091     54
   28  121  -9.35904     55
   28  122   9.81467     56
   29  121  -9.18803     57
   29  122  -7.41144     58
   30  121   4.78269     59
   30  122   1.69044     60
   31  121 -0.649414     61
   31  122   8.93332     62
   32  121   4.37273     63
   32  122  -6.92192     64
   33  121  -3.27137     65
   33  122   7.06874     66
   34  121   4.01821     67
   34  122  -2.65731     68
   35  121  0.641086     69
   35  122   -7.8243     70
   36  121   7.54691     71
   36  122   2.97453     72
   37  121   8.58937     73
   37  122  -2.92001     74
   38  121   1.33857     75
   38  122 -0.457282     76
   39  121-0.0985327     77
   39  122  -1.14533     78
   40  121   8.46111     79
   40  122    3.5531     80
   41  121   9.04952     81
   42  121  -6.09555     83
   42  122 -0.571712     84
   43  121   3.67889     85
   43  122   4.06832     86
   44  121   7.53967     87
   44  122  -8.94046     88
   45  121   5.68005     89
   45  122   7.12827     90
   46  121   7.91655     91
   46  122   7.29628     92
   47  121  -4.27822     93
   47  122   6.91266     94
   48  121   8.07835     95
   48  122  -9.98767     96
   49  121   2.47133     97
   49  122  -6.88128     98
   50  121  -2.30992     99
   50  122  -5.18094    100
   51  121   3.46539    101
   51  122   -8.3534    102
   52  121   1.67279    103
   52  122   4.72405    104
   53  121  -9.66125    105
   53  122  -9.50263    106
   54  121   7.48146    107
   54  122  0.264437    108
   55  121  -5.61728    109
   55  122   9.85686    110
   56  121  -3.25792    111
   56  122  -2.48552    112
   57  121   5.35034    113
   57  122 -0.515939    114
   58  121   3.69597    115
   58  122   9.80455    116
   59  121   8.86789    117
   59  122  -3.12094    118
   60  121  -7.28911    119
   60  122  -7.27208    120
   61  121   5.23225    121
   61  122  -2.50017    122
   62  121   7.62156    123
   62  122    9.6421    124
   63  121  -8.21494    125
   63  122  -6.39754    126
   64  121  -2.93297    127
   64  122   5.84329    128
   65  121   8.76083    129
   65  122   2.02569    130
   66  121   4.43698    131
   66  122  -4.44293    132
   67  121  -13.2438    133
   67  122  -6.55766    134
   68  121  -1.99847    135
   68  122  -7.80445    136
   69  121  -8.64686    137
   69  122    9.5303    138
   70  121  -3.97614    139
   70  122  -8.86284    140
   71  121 -0.105473    141
   71  122    7.2393    142
   72  121  -12.4078    143
   72  122  -6.54729    144
   73  121   1.27235    145
   73  122 -0.278172    146
   74  121   2.28127    147
   74  122  -4.54776    148
   75  121   -1.5325    149
   75  122   8.87698    150
   76  121  -2.76395    151
   76  122   3.79441    152
   77  121    6.0085    153
   77  122  -7.34955    154
   78  121   2.10238    155
   78  122   6.40574    156
   79  121   1.17317    157
   79  122   9.65789    158
   80  121  -2.89303    159
   80  122   13.8441    160
   81  121  -1.64106    161
   81  122    4.5113    162
   82  121  0.703752    163
   82  122  -3.13549    164
   83  121   7.98862    165
   83  122  -1.24931    166
   84  121  -5.38132    167
   84  122   -6.2441    168
   85  121  -8.67165    169
   85  122   9.59034    170
   86  121   6.08002    171
   86  122   9.73608    172
   87  121   4.22038    173
   87  122  -12.6223    174
   88  121   5.14171    175
   88  122  0.493599    176
   89  121   -12.939    177
   89  122   11.6775    178
   90  121-0.0940695    179
   90  122  -6.52275    180
   91  121   2.12821    181
   91  122  -6.11617    182
   92  121   8.86595    183
   92  122   8.50501    184
   93  121  -1.45247    185
   93  122   7.09407    186
   94  121   8.10193    187
   94  122   2.53389    188
   95  121   3.92593    189
   95  122  -8.99119    190
   96  121  -3.89221    191
   96  122  0.260472    192
   97  121   1.77424    193
   97  122   1.14005    194
   98  121  -8.86331    195
   98  122   6.86613    196
   99  121  -7.40525    197
   99  122   1.90643    198
  100  121   4.82478    199
  100  122  -7.37512    200
  101  121   1.92085    201
  101  122  -9.42999    202
  102  121   6.27807    203
  102  122  -1.05526    204
  103  121   4.66922    205
  103  122   2.11618    206
  104  121  -9.28667    207
  104  122-0.0369482    208
  105  121  -2.76013    209
  105  122   7.22194    210
  106  121   9.56222    211
  107  121   8.10692    213
  107  122  -9.29034    214
  108  121  -1.21101    215
  108  122  -1.37185    216
  109  121   -5.3642    217
  109  122   1.10394    218
  110  121  -7.14991    219
  110  122   5.03757    220
  111  121   4.64077    221
  111  122    2.2923    222
  112  121  -5.22253    223
  112  122   4.23253    224
  113  121  -4.20613    225
  113  122   7.84954    226
  114  121   8.38118    227
  114  122   7.10472    228
  115  121    7.3312    229
  115  122   7.95262    230
  116  121   3.67977    231
  116  122  -1.00825    232
  117  121   2.05822    233
  117  122   3.89862    234
  118  121   7.93649    235
  118  122  -5.79596    236
  119  121   3.79017    237
  119  122   4.75175    238
  120  121   14.7434    239
  120  122   0.59836    240

Summerized results: 
run: 0 bestFitness: 0
Max fitness: 0
Percentage: 100% (1 of 1)
--------------------------------------------------------------
