
---- Results of cofig: ----
  keep=0.445
  threshold=2.263
  interSpeciesRate=0.001
  noCrossoverOff=0.201
  probabilityWeightMutated=0.76
  probabilityAddNodeSmall=0.027
  probabilityAddLink_small=0.023
  probabilityAddNodeLarge=0.13
  probabilityAddLink_Large=0.096
  largeSize=20
  c1=0.727
  c2=0.697
  c3=0.356
  numberGenomes=50
  numberInputs=120
  numberOutputs=2
  evolutions=50
  n_max=300
  learningRate=10
  inputWeights=110,150
  weightsRange=-100,100
  process_max=25
  function=
  folder=results/trial-21

--Results of run:0 --
Best Genome 
Genome id: 1296
Genome fitness: 0.76
   IN  OUT    Weight  Innov
    1  121  -92.6608      1
    1  122    -90.85      2
    2  121   75.4996      3
    2  122  -73.1437      4
    3  121    6.2289      5
    3  122  -10.0696      6
    4  121  -11.1999      7
    4  122  -67.6933      8
    5  121   97.7292      9
    5  122   12.3211     10
    6  121  -92.3237     11
    6  122  -78.3899     12
    7  121   59.3593     13
    7  122  -60.9985     14
    8  121  -42.2497     15
    8  122  -33.6061     16
    9  121   -92.837     17
    9  122   46.3901     18
   10  121  -63.7274     19
   10  122  0.922882     20
   11  121   -72.887     21
   11  122   96.8973     22
   12  121   61.4134     23
   12  122   17.2273     24
   13  121  -50.8354     25
   13  122  -9.62413     26
   14  121   58.0956     27
   14  122  -79.1225     28
   15  121   13.3807     29
   15  122  -96.7647     30
   16  121   76.0041     31
   16  122  -83.7445     32
   17  121  -73.8571     33
   17  122   27.8884     34
   18  121  -45.9583     35
   18  122  -46.7398     36
   19  121  -13.3012     37
   19  122  -31.5224     38
   20  121  -41.2018     39
   20  122  -95.9181     40
   21  121  -68.6676     41
   21  122   67.0032     42
   22  121   68.5717     43
   22  122   14.1703     44
   23  121   66.0375     45
   23  122  -99.2607     46
   24  121   65.6977     47
   24  122  -89.1869     48
   25  121    66.852     49
   25  122   53.2874     50
   26  121   77.7556     51
   26  122   72.4185     52
   27  121   65.6654     53
   27  122  -86.3779     54
   28  121   63.6331     55
   28  122  -90.3303     56
   29  121   92.8023     57
   29  122   17.4609     58
   30  121     62.89     59
   30  122  -85.4671     60
   31  121  -5.92022     61
   31  122 -0.725388     62
   32  121  -99.7026     63
   32  122  -66.8401     64
   33  121   33.1508     65
   33  122   79.1192     66
   34  121  -25.8705     67
   34  122  -39.2963     68
   35  121  -43.5679     69
   35  122  -7.86369     70
   36  121   -65.209     71
   36  122  -85.2502     72
   37  121   59.8827     73
   37  122  -23.5542     74
   38  121   -71.381     75
   38  122   63.2019     76
   39  121   27.3515     77
   39  122   45.6338     78
   40  121   68.3069     79
   40  122   36.5484     80
   41  121   59.2692     81
   41  122  -38.3813     82
   42  121   13.3949     83
   42  122  -50.8941     84
   43  121   -17.152     85
   43  122    -87.78     86
   44  121   52.2516     87
   44  122   58.6611     88
   45  121   -69.133     89
   45  122  -1.57173     90
   46  121  -92.6006     91
   46  122   61.1083     92
   47  121  -42.7822     93
   47  122   43.7861     94
   48  121   47.9567     95
   48  122  -56.0311     96
   49  121  -66.2172     97
   49  122   96.7678     98
   50  121   51.4457     99
   50  122 -0.571609    100
   51  121   95.7559    101
   51  122   69.4583    102
   52  121   26.7279    103
   52  122   87.4214    104
   53  121   65.1457    105
   53  122   88.0854    106
   54  121   -79.611    107
   54  122    34.512    108
   55  121   43.7192    109
   55  122   24.8139    110
   56  121   14.1862    111
   56  122   32.7913    112
   57  121   74.1908    113
   57  122   36.9564    114
   58  121  -63.8511    115
   58  122   7.53521    116
   59  121   41.4898    117
   59  122   41.1063    118
   60  121  -63.7894    119
   60  122   11.4781    120
   61  121   23.5171    121
   61  122  -21.4989    122
   62  121   73.9059    123
   63  121  -77.7128    125
   63  122   75.7288    126
   64  121   5.70115    127
   64  122  -34.7165    128
   65  121   10.8455    129
   65  122  -72.9987    130
   66  121   64.7119    131
   66  122  -73.3791    132
   67  121  -9.14069    133
   67  122   5.92528    134
   68  121   57.3533    135
   68  122   45.3776    136
   69  121   15.4986    137
   69  122    91.094    138
   70  121  -86.7183    139
   70  122   91.9285    140
   71  121  -37.8032    141
   71  122   60.0749    142
   72  121  -30.0177    143
   72  122    29.644    144
   73  121  -76.4544    145
   73  122   45.5727    146
   74  121   86.8973    147
   74  122   65.0354    148
   75  121  -44.5509    149
   75  122   64.8217    150
   76  121   25.0496    151
   76  122   78.9661    152
   77  121   21.0311    153
   77  122  -1.04455    154
   78  121   84.4264    155
   78  122  -29.7503    156
   79  121  -58.5566    157
   79  122   77.2689    158
   80  121   86.3811    159
   80  122  -52.5979    160
   81  121  -18.7697    161
   81  122   98.2914    162
   82  121  -80.6856    163
   82  122  -18.1035    164
   83  121   82.6515    165
   83  122  -42.5527    166
   84  121  -68.9596    167
   84  122   77.3954    168
   85  121    64.453    169
   85  122   12.1809    170
   86  121  -80.2635    171
   86  122   19.9062    172
   87  121  -49.5559    173
   87  122  -59.4902    174
   88  121  -50.4498    175
   88  122   37.4755    176
   89  121   58.0792    177
   89  122  -34.7274    178
   90  121   31.4528    179
   90  122   9.40299    180
   91  121  -60.5664    181
   91  122   52.0775    182
   92  121   98.8027    183
   92  122  -50.8931    184
   93  121   53.9881    185
   93  122   99.3621    186
   94  121   12.0815    187
   94  122   82.1897    188
   95  121   31.7631    189
   95  122  -45.5781    190
   96  121   44.9569    191
   96  122   26.3987    192
   97  121  -46.0872    193
   97  122  -86.8386    194
   98  121   17.8854    195
   98  122  -36.8874    196
   99  121   32.2288    197
   99  122  -88.9868    198
  100  121   19.8694    199
  100  122  -85.5611    200
  101  121   8.62337    201
  101  122   79.6955    202
  102  121  -34.9646    203
  102  122  -35.0547    204
  103  121  -99.5455    205
  103  122  -80.7009    206
  104  121  -58.6214    207
  104  122  -70.4459    208
  105  121    -60.26    209
  105  122   60.5326    210
  106  121  -84.5957    211
  106  122  -1.64145    212
  107  121   55.9301    213
  107  122  -74.0673    214
  108  121   11.7484    215
  108  122    23.638    216
  109  121  -73.0354    217
  109  122   13.7008    218
  110  121  -76.1578    219
  110  122   77.3771    220
  111  121  -34.5913    221
  111  122   3.20911    222
  112  121   -49.423    223
  112  122   80.9536    224
  113  121   -37.842    225
  113  122  -33.2934    226
  114  121   38.7939    227
  114  122  -44.8504    228
  115  121  -96.3266    229
  115  122   11.3401    230
  116  121  -8.31489    231
  116  122   59.9356    232
  117  121   58.3886    233
  117  122  -21.9884    234
  118  121   28.9625    235
  118  122  -92.1268    236
  119  121  -36.1382    237
  119  122   82.0626    238
  120  121   17.5159    239
  120  122  -2.82801    240
   62  129   86.2427    260
  129  122   61.8067    261
   90   56  -15.2627    266
  103   36   14.9493    309

Summerized results: 
run: 0 bestFitness: 0
Max fitness: 0
Percentage: 100% (1 of 1)
--------------------------------------------------------------
