1;121;-8.16152
1;122;4.07338
2;121;4.87536
2;122;6.33455
3;121;2.38396
3;122;-6.68236
4;121;9.02534
4;122;-7.00073
5;121;-1.5134
5;122;7.1511
6;121;-4.40802
6;122;4.26756
7;121;4.49751
7;122;6.16808
8;121;-3.88255
8;122;-13.0474
9;121;-1.36676
9;122;8.85792
10;121;-7.88984
10;122;-1.46193
11;121;1.81506
11;122;6.63062
12;121;-7.35391
12;122;-5.92844
13;121;-5.59957
13;122;2.40117
14;121;5.80956
14;122;-6.68829
15;121;5.65262
15;122;-7.96148
16;121;-0.784635
16;122;3.65399
17;121;-8.93118
17;122;-0.398603
18;121;-0.157243
18;122;1.25994
19;121;-0.419701
19;122;-3.82965
20;121;-0.332394
20;122;-5.03154
21;121;1.90969
21;122;2.25529
22;121;8.28042
22;122;14.8755
23;121;-8.51885
23;122;-9.92607
24;121;1.70148
24;122;-4.93448
25;121;4.71293
25;122;7.86636
26;121;9.52656
26;122;4.97537
27;121;8.91218
27;122;-3.09206
28;121;-1.97436
28;122;-3.02784
29;121;-3.81887
29;122;9.93016
30;121;14.7827
30;122;0.574107
31;121;-0.649414
31;122;3.56136
32;121;-9.97025
32;122;-7.0987
33;121;-7.2837
33;122;8.82408
34;121;0.932023
34;122;9.98066
35;121;-0.821731
35;122;-3.36513
36;121;-2.74704
36;122;7.42409
37;121;5.98827
37;122;4.52922
38;121;0.1159
39;121;1.98238
39;122;4.56338
40;121;0.0141306
40;122;3.65484
41;121;2.24826
41;122;-8.99648
42;121;-1.47154
42;122;-9.05868
43;121;3.67889
43;122;6.5541
44;121;-0.218225
44;122;-0.976325
45;121;-7.9133
45;122;-9.36306
46;121;1.63364
46;122;-4.17624
47;121;-8.68299
47;122;1.70324
48;121;4.79567
48;122;-2.17024
49;121;0.669582
49;122;-1.59025
50;121;-2.55932
50;122;-0.742955
51;121;0.712823
51;122;-7.60641
52;121;-2.05773
52;122;-3.64205
53;121;7.89302
53;122;5.34879
54;121;0.521002
54;122;7.80937
55;121;3.52028
55;122;4.66706
56;121;6.03296
56;122;-2.48552
57;121;-7.41038
57;122;9.34554
58;121;-8.94147
58;122;-8.34865
59;121;-0.938889
59;122;1.78521
60;121;-1.17177
60;122;5.33821
61;121;-1.00276
61;122;-2.14989
62;121;6.31983
62;122;6.18067
63;121;12.5033
63;122;1.31362
64;121;-0.15045
64;122;9.36686
65;121;3.50049
65;122;-12.2999
66;121;7.20592
66;122;-0.786693
67;121;-8.24381
67;122;12.8017
68;121;2.73724
68;122;-1.64881
69;121;3.22636
69;122;-1.36209
70;121;4.32182
70;122;-4.93665
71;121;5.30597
71;122;1.92681
72;121;-6.22626
72;122;-12.7081
73;121;1.89775
73;122;3.50573
74;121;-1.27899
74;122;6.50354
75;121;-4.45509
75;122;6.21863
76;121;2.14773
76;122;6.19343
77;121;8.87305
77;122;-1.53244
78;121;-8.12425
78;122;1.47701
79;121;-5.85566
79;122;-9.81845
80;121;2.8258
80;122;2.44781
81;121;-7.11832
81;122;6.98305
82;121;9.9532
82;122;-2.67944
83;122;-1.06675
84;121;4.51611
84;122;-4.16863
85;121;-13.6716
85;122;7.65857
86;121;9.72445
86;122;-1.71559
87;121;9.81645
87;122;4.86155
88;121;-5.04498
88;122;-3.50252
89;121;-8.39633
89;122;14.3514
90;121;5.09487
90;122;-6.52275
91;121;-4.27168
91;122;-5.70094
92;121;-4.22087
92;122;-9.72268
93;121;-6.489
93;122;6.21582
94;121;13.1019
94;122;-2.41831
95;121;9.21483
95;122;4.79119
96;121;2.68688
96;122;7.63987
97;121;-7.46842
97;122;1.14005
98;121;2.88826
98;122;4.37302
99;121;7.95421
99;122;-6.41723
100;121;1.98694
100;122;3.02086
101;121;3.49745
101;122;-2.87057
102;121;-0.808659
102;122;8.53413
103;121;0.431561
103;122;4.14636
104;121;-3.85267
104;122;-0.0369482
105;121;-7.17629
105;122;6.05326
106;121;9.02985
106;122;-7.18632
107;121;8.10692
107;122;-0.769135
108;121;-5.84591
108;122;8.62815
109;121;8.95947
109;122;6.0666
110;121;-3.81549
110;122;7.73771
111;121;9.86292
111;122;1.61743
112;121;4.6373
112;122;4.50708
113;121;-5.34633
113;122;1.16946
114;121;-3.17779
114;122;-2.32389
115;121;-5.0463
115;122;1.42657
116;121;4.28466
116;122;5.99356
117;121;1.48402
117;122;9.76873
118;121;-6.26099
118;122;-3.59258
119;121;8.79017
119;122;-0.113657
120;121;9.94957
120;122;0.59836
114;81;-6.64209
38;129;-6.31635
129;122;3.40027
98;161;-5.73642
161;121;2.88826
