1;121;-92.6608
1;122;6.85886
2;121;-39.7662
2;122;-64.6574
3;121;53.3585
3;122;-26.4444
4;121;-5.1129
4;122;-67.6933
5;121;36.6063
5;122;12.3211
6;121;-26.7969
6;122;75.3049
7;121;64.0506
7;122;-88.5892
8;121;75.7497
8;122;95.2959
9;121;27.1423
9;122;46.3901
10;121;-63.7274
10;122;0.922882
11;121;35.8546
11;122;75.8423
12;121;31.5595
12;122;-65.6928
13;121;59.9732
13;122;-51.9487
14;121;58.0956
14;122;83.0475
15;121;-91.0837
15;122;-79.448
16;121;65.6334
16;122;87.5487
17;121;56.344
17;122;8.34914
18;121;-31.5782
18;122;-38.1805
19;121;-48.0445
19;122;-89.6397
20;121;10.1441
20;122;-50.3154
21;121;82.752
21;122;11.8989
22;121;45.4165
22;122;-62.3069
23;121;91.5839
23;122;-99.2607
24;121;79.4105
24;122;-1.23531
25;121;-70.3231
25;122;53.2874
26;121;-31.4605
26;122;-42.1262
27;121;-13.5236
27;122;59.0282
28;121;22.9562
28;122;-45.8586
29;121;-93.6908
29;122;-45.3265
30;121;-77.9022
30;122;89.3497
31;121;-82.2098
31;122;64.2278
32;121;43.7273
32;122;-48.0704
33;121;33.1508
33;122;-0.789749
34;121;33.9776
34;122;59.2757
35;121;-43.5679
35;122;-80.9644
36;121;-62.8028
36;122;-29.962
37;121;-65.3254
37;122;37.3552
38;121;86.292
38;122;-63.7889
39;121;58.5378
39;122;29.6809
40;121;-23.6664
40;122;36.5484
41;121;-92.1935
41;122;89.925
42;121;53.7462
42;122;-50.8941
43;121;47.0146
43;122;98.6127
44;121;48.4243
44;122;4.42931
45;121;16.0737
45;122;-70.983
46;121;51.0611
46;122;34.4702
47;121;43.9443
47;122;-19.0922
48;121;22.6384
48;122;-1.7481
49;121;-57.0037
49;122;40.8471
50;121;-19.5421
50;122;-0.571609
51;121;93.7153
51;122;-5.27518
52;121;-81.3183
52;122;-75.8926
53;121;-70.468
53;122;98.0854
54;121;9.97887
54;122;77.8958
55;121;17.7656
55;122;12.5722
56;121;-41.8663
56;122;27.5466
57;121;74.1908
57;122;-4.03355
58;121;-38.0025
58;122;53.5169
59;121;59.9833
59;122;-54.9206
60;121;65.5035
60;122;-22.3962
61;121;23.5171
61;122;77.9442
62;121;2.30829
62;122;56.7056
63;121;-77.7128
63;122;-36.4438
64;121;23.045
64;122;-3.82076
65;121;-41.5918
65;122;-47.6228
66;121;44.3698
66;122;87.0749
67;121;95.077
67;122;34.1782
68;121;-69.522
68;122;53.1366
69;121;-74.905
69;122;-30.2383
70;121;97.0114
70;122;-14.0172
71;121;69.202
71;122;79.0407
72;121;62.4129
72;122;34.8116
73;121;6.61669
73;122;-89.6303
74;121;-62.7899
74;122;27.5187
75;121;4.44659
75;122;-33.4588
76;121;-104.878
76;122;24.7345
77;121;-81.3039
77;122;-44.3108
78;121;35.6717
78;122;-84.3536
79;121;44.7676
79;122;-92.0895
80;121;28.2581
80;122;24.4781
81;121;33.2075
81;122;44.392
82;121;-41.1887
82;122;14.9191
83;121;-72.8518
83;122;-45.3699
84;121;-21.4727
84;122;48.8745
85;121;70.7627
85;122;66.9053
86;121;57.363
86;122;94.1219
87;121;95.3904
87;122;84.6138
88;121;-50.4498
88;122;-59.4065
89;121;-67.3737
89;122;86.6443
90;121;-62.1319
90;122;81.9914
91;121;-53.3868
91;122;-96.436
92;121;-21.0085
92;122;9.8447
93;121;-1.32021
93;122;82.4981
94;121;12.0815
94;122;-24.2402
95;121;-91.5706
95;122;-36.3405
96;121;6.66782
96;122;-68.3541
97;121;75.2777
97;122;2.27495
98;121;20.3336
98;122;60.4576
99;121;79.5421
99;122;-30.9357
100;121;-18.2426
100;122;-7.12142
101;121;-85.0322
101;122;48.7622
102;121;47.5793
102;122;-97.4073
103;121;-74.1307
103;122;91.4637
104;121;7.52866
104;122;-26.3307
105;121;-72.3032
105;122;-28.6112
106;121;-6.49405
106;122;74.9561
107;121;36.8736
107;122;-61.5916
108;121;-78.5628
108;122;-78.3029
109;121;36.0901
109;122;-43.948
110;121;-96.1133
110;122;68.6717
111;121;67.5264
111;122;83.2645
112;121;46.373
112;122;23.094
113;121;97.724
113;122;42.4487
114;121;-0.0231934
114;122;-22.5041
115;121;3.89086
115;122;-38.7195
116;121;88.8636
116;122;-87.3057
117;121;-83.4555
117;122;-31.9884
118;121;99.098
118;122;-92.1268
119;121;36.7851
119;122;-30.3323
120;121;-38.7981
120;122;-73.6371
70;124;81.0414
124;121;-32.6239
72;130;90.4038
130;121;18.6233
