1;121;5.55506
1;122;-6.89567
2;121;-8.74997
2;122;1.62831
3;121;8.53103
3;122;4.37773
4;121;3.52618
4;122;-6.44176
5;121;6.21342
5;122;7.54493
6;121;-4.40802
6;122;2.30735
7;121;9.91538
7;122;2.18569
8;121;1.11745
8;122;6.94932
9;121;4.11282
9;122;8.85792
10;121;-3.06308
10;122;0.574407
11;121;9.73962
11;122;-8.64608
12;121;3.02205
12;122;-9.09509
13;121;-8.31726
13;122;3.63252
14;121;8.34075
14;122;-1.34072
15;121;9.51359
15;122;-8.10283
16;121;-7.56589
16;122;8.85657
17;121;0.721108
17;122;1.76293
18;121;0.484874
18;122;-3.45779
19;121;7.55985
19;122;0.23346
20;121;-0.332394
20;122;3.77328
21;121;-4.26072
21;122;9.14445
22;121;-8.91936
22;122;-9.20671
23;121;-0.35853
23;122;1.22241
24;121;-4.57059
24;122;-8.77533
25;121;-6.43453
25;122;-7.71845
26;121;9.52656
26;122;-0.180037
27;121;8.91218
27;122;2.5486
28;121;-1.97436
28;122;-9.40508
29;121;-9.36908
29;122;-0.259811
30;121;7.00123
30;122;-0.517368
31;121;2.35697
31;122;-2.99839
32;121;-1.6608
32;122;-6.92192
33;121;-2.88455
33;122;4.0409
34;121;0.932023
34;122;9.6753
35;121;-0.821731
35;122;-9.40037
36;121;3.44858
36;122;0.54528
37;121;0.101743
37;122;-2.92001
38;121;-5.57065
38;122;-6.37889
39;121;0.392794
39;122;-3.639
40;121;8.9853
40;122;3.5531
41;121;-9.21935
41;122;2.41879
42;121;-6.47154
42;122;-0.571712
43;121;-8.86195
43;122;7.05137
44;121;4.84243
44;122;-0.976325
45;121;5.51726
45;122;-1.08414
46;121;8.50631
46;122;1.6197
47;121;5.03695
47;122;-3.15449
48;121;-7.77339
48;122;6.60662
49;121;-4.33042
49;122;7.09096
50;121;-2.55932
50;122;4.86846
51;121;9.88071
51;122;-7.60641
52;121;-9.58626
52;122;-1.13965
53;121;-5.74027
53;122;6.75231
54;121;5.90067
54;122;7.78958
55;121;3.52028
55;122;-8.9758
56;121;-4.15667
56;122;-2.48552
57;121;6.56096
57;122;1.49527
58;121;0.53151
58;122;-7.18931
59;121;-1.45336
59;122;6.88753
60;121;9.31003
60;122;0.338206
61;121;2.07206
61;122;-2.66546
62;121;7.62156
62;122;5.0955
63;121;-4.58807
63;122;-5.07569
64;121;10.7438
64;122;4.36686
65;121;-4.15918
65;122;-5.00381
66;121;9.71809
66;122;-3.29825
67;121;-8.24381
67;122;-6.1295
68;121;9.58188
68;122;-3.98408
69;121;6.88413
69;122;-1.36209
70;121;6.02728
70;122;-8.86284
71;121;5.30597
71;122;5.93586
72;121;-7.02578
72;122;2.26797
73;121;0.764376
73;122;-0.479393
74;121;-11.9582
74;122;-0.367732
75;121;-13.6942
75;122;-8.10425
76;121;-7.79996
76;122;-7.99312
77;121;6.0085
77;122;-4.43109
78;121;-3.62301
78;122;-7.58466
79;121;9.31878
79;122;-7.87925
80;121;13.5473
80;122;3.5739
81;121;-5.34591
81;122;8.70259
82;121;-7.47978
82;122;-0.0144482
83;121;2.48425
83;122;2.69044
84;121;7.26347
84;122;5.66827
85;121;7.07627
85;122;7.94583
86;121;-2.54505
86;122;6.63432
87;121;9.81645
87;122;-2.62235
88;121;10.4081
88;122;1.03495
89;121;-9.11661
89;122;9.35137
90;121;-4.87413
90;122;-6.52275
91;121;-5.91204
91;122;-7.94634
92;121;0.717087
92;122;-3.53489
93;121;-0.916923
93;122;7.09407
94;121;2.52623
94;122;2.53389
95;121;7.9077
95;122;-5.94425
96;121;-3.89221
96;122;3.36127
97;121;6.52818
97;122;-3.93901
98;121;-0.736098
98;122;-1.11088
99;121;8.75143
99;122;1.18246
100;121;-7.11186
100;122;-7.37512
101;121;-0.871712
101;122;-2.70843
102;121;7.66342
102;122;7.02298
103;121;4.66922
103;122;0.591142
104;121;-7.87293
104;122;5.55261
105;121;-7.17629
105;122;6.05326
106;121;9.56222
106;122;-12.6761
107;121;1.63873
107;122;-9.29034
108;121;8.57771
108;122;5.65441
109;121;-3.15899
109;122;1.65984
110;121;-4.80146
110;122;5.03757
111;121;8.02579
111;122;-5.4551
112;121;9.41711
112;122;-7.86587
113;121;8.35329
113;122;-1.31899
114;121;8.38118
114;122;-4.28822
115;121;0.389086
115;122;-1.46582
116;121;4.28466
116;122;1.88586
117;121;6.7382
117;122;3.89862
118;121;7.93649
118;122;1.40742
119;121;8.19501
119;122;-3.03323
120;121;-3.03997
120;122;-0.825797
3;24;-7.05242
33;0;-4.60542
