1;53;-9.71245
1;54;9.07365
1;55;-5.65253
2;53;-14.7651
2;54;12.3564
2;55;6.87787
3;53;5.04242
3;54;-9.16644
3;55;-0.478764
4;53;8.91309
4;54;1.06223
4;55;-5.38052
5;53;3.12197
5;54;-1.24862
5;55;-4.28709
6;53;-7.31437
6;54;3.32789
6;55;8.87725
7;53;-8.24722
7;54;-5.0493
7;55;4.69364
8;53;-5.74423
8;54;-7.12365
8;55;6.08353
9;53;-5.88961
9;54;-3.14474
9;55;4.4841
10;53;-7.82382
10;54;7.34224
10;55;-0.196466
11;53;5.32698
11;54;-9.41979
11;55;7.83018
12;53;8.00325
12;54;-0.650192
12;55;-3.95023
13;53;9.88112
13;54;11.1681
13;55;1.23207
14;53;2.19457
14;54;-1.29568
14;55;5.39828
15;53;2.6131
15;54;2.10838
15;55;6.25058
16;53;5.4554
16;54;1.15449
16;55;6.88964
17;53;-8.84813
17;54;8.84342
17;55;2.21418
18;53;9.09408
18;54;-9.19519
18;55;-1.45908
19;53;6.85717
19;54;-1.07892
19;55;-3.70239
20;53;-9.59954
20;54;3.69501
20;55;7.02653
21;53;-5.00946
21;54;-6.87554
21;55;1.35915
22;53;-7.91014
22;54;8.62047
22;55;0.859446
23;53;5.46606
23;54;-9.19263
23;55;-8.09318
24;53;-3.30187
24;54;-7.75258
24;55;6.69044
25;53;-5.63808
25;54;-4.86447
25;55;9.08464
26;53;-4.34935
26;54;8.19384
26;55;-6.81391
27;53;4.33412
27;54;-8.79689
27;55;-6.05808
28;53;9.01787
28;54;-14.9389
28;55;2.17196
29;53;-9.71299
29;54;8.36988
29;55;9.25033
30;53;0.907115
30;54;-4.17907
30;55;-8.69921
31;53;-2.36664
31;54;-7.82734
31;55;1.7761
32;53;-18.2733
32;54;7.22535
32;55;5.20282
33;53;-2.41386
33;54;-4.05867
34;53;8.21944
34;54;6.6445
34;55;-7.23734
35;53;1.198
35;54;2.79945
35;55;3.20022
36;53;5.22367
36;54;-0.891783
36;55;-4.81996
37;53;7.47133
37;54;14.8613
37;55;-18.5524
38;53;9.50084
38;54;-1.05933
38;55;-3.50078
39;53;3.40048
39;54;0.340513
39;55;4.04808
40;53;0.31286
40;54;-8.51663
40;55;0.264437
41;53;1.21663
41;54;3.88476
41;55;2.4371
42;53;0.996924
42;54;2.91509
42;55;-14.5142
43;53;4.53596
43;54;4.81467
43;55;-7.00817
44;53;3.13306
44;54;7.28657
44;55;-5.35477
45;53;-7.44817
45;54;-5.11175
45;55;9.57943
46;53;-7.86063
46;54;2.18838
46;55;2.4213
47;53;7.64454
47;54;9.25639
47;55;-7.59259
48;53;-5.50291
48;54;2.53834
48;55;-6.25363
49;53;-5.32306
49;54;10.864
49;55;0.95596
50;53;0.59508
50;54;9.19049
50;55;10.5825
51;53;9.25035
51;54;-7.43755
51;55;-1.59142
52;53;-9.04185
52;54;-5.14054
52;55;-4.82854
15;7;-9.30107
40;26;-3.64694
