1;53;6.25803
1;54;9.07365
1;55;-6.6997
2;53;-9.76509
2;54;6.35071
2;55;-7.96218
3;53;10.0424
3;54;-8.14848
3;55;6.19725
4;53;-6.19639
4;54;-6.99898
4;55;-9.06305
5;53;3.12197
5;54;-3.76795
5;55;-4.28709
6;53;-2.19899
6;54;-3.92342
6;55;9.62906
7;53;-1.82426
7;54;-2.37512
7;55;14.3191
8;53;-5.74423
8;54;-7.55022
8;55;6.13386
9;53;-8.2873
9;54;3.17662
9;55;6.70696
10;53;-6.81398
10;54;0.384787
10;55;-0.196466
11;53;0.326983
11;54;-9.41979
11;55;3.68736
12;53;9.67445
12;54;-7.11507
12;55;0.0380726
13;53;4.88112
13;54;-4.64865
13;55;1.23207
14;53;0.652932
14;54;-9.34906
14;55;-9.01653
15;53;3.45564
15;54;4.40501
15;55;5.6344
16;53;3.56703
16;54;1.69996
16;55;-8.28902
17;53;2.90769
17;54;10.9107
17;55;-3.33832
18;53;5.07104
18;54;-7.00236
18;55;6.12644
19;53;6.85717
19;54;-1.07892
19;55;4.65136
20;53;7.8563
20;54;3.69501
20;55;8.63985
21;53;-5.00946
21;54;-0.862383
21;55;-7.61242
22;53;-7.07729
22;54;8.06787
22;55;-6.79731
23;53;-1.28402
23;54;-5.90557
23;55;-8.20211
24;53;-3.30187
24;54;-6.39807
24;55;-9.75829
25;53;-7.31841
25;54;5.1918
25;55;9.08464
26;53;8.68181
26;54;4.98914
26;55;8.5237
27;53;8.28632
27;54;4.06241
27;55;-11.0581
28;53;1.74301
28;54;6.33302
28;55;2.17196
29;53;3.11761
29;54;9.85537
29;55;-2.39422
30;53;4.80078
30;54;6.59137
30;55;0.22279
31;53;1.59931
31;54;1.1729
31;55;3.38963
32;53;-8.27331
32;54;7.45807
32;55;-0.635031
33;53;7.18958
33;54;3.01252
33;55;9.29726
34;53;8.18708
34;54;6.6445
34;55;-3.84936
35;53;4.07141
35;54;6.58118
35;55;0.721782
36;53;6.76293
36;54;4.56591
37;53;0.631662
37;54;11.5744
37;55;-8.55237
38;53;-2.09396
38;54;-5.20603
38;55;2.78626
39;53;-4.13967
39;54;3.44434
39;55;1.15615
40;53;-3.63618
40;54;2.93681
40;55;0.264437
41;53;-6.08494
41;54;-1.97387
41;55;9.50761
42;53;0.996924
42;54;6.91925
42;55;0.532347
43;53;-5.89109
43;54;7.46825
43;55;-3.57284
44;53;-4.50299
44;54;4.31003
44;55;8.68624
45;53;-3.91674
45;54;-5.18653
45;55;14.7897
46;53;-4.33495
46;54;9.94105
46;55;-2.34222
47;53;7.64454
47;54;9.6396
47;55;-9.2369
48;53;-5.50291
48;54;-1.09531
48;55;-6.25363
49;53;-9.39352
49;54;9.037
49;55;8.04694
50;53;2.70945
50;54;-0.937012
50;55;9.5303
51;53;12.4225
51;54;2.22559
51;55;4.67972
52;53;2.2393
52;54;2.22187
52;55;6.75626
36;58;-3.8339
58;55;1.95906
2;3;2.11532
31;77;-9.14694
77;54;1.1729
