1;17;1.74022
1;19;9.08464
2;17;-0.472907
2;18;-6.24117
2;19;2.61193
3;17;0.530452
3;18;-8.355
3;19;0.352146
4;17;4.50471
4;18;-4.71656
4;19;-1.65021
5;17;-1.63063
5;18;-9.66699
5;19;-1.36964
6;17;-0.208054
6;18;-5.88572
6;19;8.32501
7;17;-1.98029
7;18;-14.1127
7;19;-1.40193
8;17;-1.01312
8;18;-6.18997
9;17;7.18958
9;18;-3.34216
9;19;-0.70952
10;17;0.184169
10;18;-4.83777
10;19;3.00842
11;17;-11.998
11;18;11.9025
11;19;7.04822
12;17;-7.91338
12;18;-12.6375
12;19;11.9591
13;17;9.69855
13;18;6.96
13;19;0.00420618
14;17;-4.87544
14;18;-6.82826
14;19;-11.7062
15;17;7.79625
15;18;11.5411
15;19;-7.97109
16;17;-3.63618
16;18;1.33306
16;19;4.73494
8;25;-7.58848
25;19;6.4575
1;39;10.2895
39;18;-6.62326
16;12;-7.76126
