1;53;-13.6876
1;54;8.12072
1;55;3.53964
2;53;-7.11345
2;54;8.50153
2;55;-7.96218
3;53;5.04242
3;54;-2.47613
3;55;6.47705
4;53;-4.65912
4;54;-6.30364
4;55;-3.99108
5;53;-6.13565
5;54;5.26802
5;55;-4.28709
6;53;1.04746
6;54;2.71423
6;55;9.24633
7;53;-8.24722
7;54;-5.62485
7;55;-8.00504
8;53;-4.50667
8;54;-2.12365
8;55;8.12224
9;53;6.93592
9;54;8.89618
9;55;-1.84424
10;53;2.98442
10;54;9.97849
10;55;-5.11755
11;53;5.32698
11;54;2.71929
11;55;2.2528
12;53;9.67445
12;54;-3.71914
12;55;-4.20264
13;53;-0.128341
13;55;1.23207
14;53;2.01217
14;54;0.534899
14;55;5.39828
15;53;-0.257511
15;54;-6.49488
15;55;6.63591
16;53;1.56334
16;54;-0.223127
16;55;5.21594
17;53;-3.84813
17;54;8.98654
17;55;2.21418
18;53;2.68636
18;54;-4.19519
18;55;-5.36289
19;53;-2.77836
19;54;-3.02214
19;55;-4.2723
20;53;-9.59954
20;54;-1.47857
20;55;-8.73808
21;53;-5.2344
21;54;-0.862383
21;55;1.35915
22;53;-7.33804
22;54;4.94461
22;55;4.07335
23;53;-2.49586
23;54;4.92223
23;55;0.250708
24;53;-4.90977
24;54;3.7385
24;55;0.241712
25;53;-2.12543
25;54;4.28689
25;55;14.8402
26;53;-5.48952
26;54;9.47083
26;55;-4.76842
27;53;2.79958
27;54;-0.754326
27;55;3.75723
28;53;1.68865
28;54;-1.19791
28;55;9.852
29;53;6.58402
29;54;1.65895
29;55;-5.42064
30;53;8.14093
30;54;-2.9928
30;55;-3.86276
31;53;0.566326
31;54;-7.49125
31;55;1.7761
32;53;-8.27331
32;54;6.84451
32;55;1.68665
33;53;-7.03127
33;54;-4.05867
33;55;9.29726
34;53;8.18708
34;54;-5.35019
34;55;-5.6835
35;53;9.00505
35;54;2.79945
35;55;-2.0468
36;53;4.28524
36;54;1.66484
36;55;-4.81996
37;53;0.699319
37;54;8.10532
37;55;-11.0973
38;53;4.57358
38;54;-5.20603
38;55;4.14445
39;53;0.186448
39;54;-9.10447
39;55;1.12887
40;53;0.31286
40;54;-13.5166
40;55;8.13608
41;53;-9.46435
41;54;-2.40427
41;55;2.4371
42;53;5.2095
42;54;-1.89077
42;55;-7.64632
43;53;3.6889
43;54;-1.8024
43;55;-1.37606
44;53;-2.62673
44;54;9.31003
44;55;-5.35477
45;53;-5.66423
45;54;-2.50017
45;55;3.3412
46;53;-2.86063
46;54;3.14243
46;55;-4.99396
47;53;4.22569
47;54;4.25639
47;55;-6.65368
48;53;9.00208
48;54;-3.94942
48;55;-6.25363
49;53;-11.4758
49;54;6.71394
49;55;0.1707
50;53;-4.11828
50;54;-2.9732
50;55;9.5303
51;53;7.92557
51;54;-4.75564
51;55;-9.26968
52;53;7.2393
52;54;6.24128
52;55;-8.43536
40;66;-5.48751
66;55;13.1361
