1;121;98.546
1;122;10.283
2;121;-12.9434
2;122;68.1943
3;121;79.7756
3;122;5.65234
4;121;-8.39042
4;122;53.6459
5;121;-97.219
5;122;-6.57427
6;121;-51.3657
6;122;69.226
7;121;-80.4913
7;122;-57.5522
8;121;36.0849
8;122;1.511
9;121;30.3563
9;122;59.7101
10;121;-64.9174
10;122;-81.0541
11;121;-25.1749
11;122;-47.2767
12;121;-53.0971
12;122;-10.7216
13;121;-50.8354
13;122;98.8392
14;121;-93.8733
14;122;-79.8718
15;121;-71.2242
15;122;-30.5427
16;121;76.0041
16;122;-88.2851
17;121;-89.3118
17;122;-57.6331
18;121;67.5972
18;122;67.9736
19;121;34.7296
19;122;-35.2297
20;121;57.5075
20;122;54.2715
21;121;-1.92487
21;122;-57.9669
22;121;-83.5017
22;122;-25.8758
23;121;-58.6571
23;122;-81.5021
24;121;28.0225
24;122;-7.16818
25;121;68.208
25;122;6.17849
26;121;-52.728
26;122;91.3004
27;121;44.9124
27;122;32.6454
28;121;-33.172
28;122;-41.6853
29;121;-87.1657
29;122;43.839
30;121;-85.9648
30;122;-87.3808
31;121;-58.4392
31;122;-10.7254
32;121;45.7277
32;122;42.2869
33;121;90.8278
33;122;-28.1507
34;121;10.2604
34;122;-8.21428
35;121;-96.1344
35;122;69.3223
36;121;-22.7403
36;122;-85.2502
37;121;-14.6891
37;122;-79.322
38;121;-80.9611
38;122;34.0027
39;121;-78.1533
39;122;47.0614
40;121;48.5805
40;122;45.5553
41;121;11.1089
41;122;43.7422
42;121;-8.86192
42;122;49.4314
43;121;-66.2342
43;122;40.6832
44;121;35.542
44;122;-82.2943
45;121;-95.8983
45;122;-89.3853
46;121;-76.6011
46;122;1.72131
47;121;-83.1941
47;122;37.4958
48;121;65.019
48;122;-56.0293
49;121;-66.2172
49;122;7.545
50;121;-85.2724
50;122;-7.70222
51;121;-18.2044
51;122;27.7026
52;121;20.3654
52;122;74.6806
53;121;-58.1444
53;122;-90.4267
54;121;28.2161
54;122;-16.6588
55;121;-85.7356
55;122;68.6358
56;121;-71.1035
56;122;-23.0982
57;121;-82.8347
57;122;72.4031
58;121;25.4437
58;122;-79.3513
59;121;80.1793
59;122;-39.0143
60;121;-41.5087
60;122;-42.9271
61;121;-60.0124
61;122;-47.7116
62;121;15.3106
62;122;62.1574
63;121;1.75978
63;122;-35.9548
64;121;36.889
64;122;-32.5621
65;121;25.5036
65;122;-25.5093
66;121;85.6493
66;122;-92.7008
67;121;44.3645
67;122;-29.8989
68;121;25.2826
68;122;-68.9047
69;121;-99.5265
69;122;91.094
70;121;-90.8109
70;122;91.9285
71;121;27.5612
71;122;90.0208
72;121;-30.0177
72;122;-20.6379
73;121;88.2647
73;122;85.0839
74;121;59.5596
74;122;-86.4285
75;121;88.0543
75;122;77.3204
76;121;25.0496
76;122;-35.8456
77;121;87.9011
77;122;-73.0195
78;121;39.6193
78;122;12.8225
79;121;-29.6361
79;122;77.2689
80;121;-65.3402
80;122;27.8397
81;121;14.6637
81;122;85.0757
82;121;-86.2888
82;122;-96.496
83;121;-56.613
83;122;98.8899
84;121;-70.5876
84;122;-94.6841
85;121;-92.4336
85;122;22.1809
86;121;-19.735
86;122;-85.5342
87;121;-14.9071
87;122;54.0179
88;121;71.3652
88;122;11.1026
89;121;-22.6661
89;122;91.2222
90;121;-65.1729
90;122;-7.23748
91;121;-28.1809
91;122;-6.86024
92;121;-24.6518
92;122;78.3635
93;121;92.0952
93;122;88.2622
94;121;-16.3604
94;122;-87.1317
95;121;0.367073
95;122;38.8182
96;121;-96.4005
96;122;91.5541
97;121;-97.3214
97;122;-52.3302
98;121;4.02366
98;122;79.0708
99;121;18.3669
99;122;76.4424
100;121;-21.2735
100;122;71.1386
101;121;57.6463
101;122;3.71914
102;121;-34.9646
102;122;-68.9422
103;121;98.927
103;122;-92.4028
104;121;-51.2945
104;122;-95.0849
105;121;-72.3773
105;122;46.4277
106;121;-101.745
106;122;-31.0667
107;121;55.5656
107;122;-74.0673
108;121;-97.3677
108;122;-71.0108
109;121;49.0309
109;122;45.1455
110;121;4.74908
110;122;-34.8964
111;121;-55.0713
111;122;31.9055
112;121;79.4111
112;122;-68.3368
113;121;13.1917
113;122;9.22137
114;121;56.2232
114;122;47.974
115;121;-13.3339
115;122;-7.3116
116;121;-73.52
116;122;99.531
117;121;-87.6479
117;122;62.4377
118;121;15.694
118;122;-65.9264
119;121;-46.3298
119;122;19.6963
120;121;-39.484
120;122;-53.2217
