1;121;4.30566
1;122;4.65093
2;121;-8.74997
2;122;1.62831
3;121;2.38396
3;122;-8.59498
4;121;2.59721
4;122;-6.44176
5;121;3.30989
5;122;6.29903
6;121;3.53958
6;122;-7.69265
7;121;9.44689
7;122;-4.70964
8;121;0.14178
8;122;-5.36388
9;121;-6.41563
9;122;8.85792
10;121;11.8521
10;122;-4.22894
11;121;9.73962
11;122;-8.64608
12;121;3.02205
12;122;-13.4205
13;121;-8.31726
13;122;3.63252
14;121;8.34075
14;122;-7.98718
15;121;-6.69849
15;122;-7.38322
16;121;3.84653
16;122;8.85657
17;121;0.721108
17;122;2.78884
18;121;-9.97205
18;122;-6.89493
19;121;7.55985
19;122;0.374804
20;121;-6.87314
20;122;2.18234
21;121;7.9438
21;122;6.66644
22;121;-8.91936
22;122;-2.58758
23;121;8.39737
23;122;5.89213
24;121;11.5698
24;122;-8.77533
25;121;0.0803385
25;122;3.47671
26;121;9.52656
26;122;-0.180037
27;121;8.91218
27;122;4.43074
28;121;1.39944
28;122;-5.90557
29;121;-3.81887
29;122;-0.259811
30;121;6.75491
30;122;-5.51737
31;121;7.17789
31;122;8.93332
32;121;3.3392
32;122;5.02844
33;121;-7.2837
33;122;8.82408
34;121;-3.81685
34;122;9.27597
35;121;2.90906
35;122;2.84645
36;121;4.03908
36;122;-5.6554
37;121;-2.30411
37;122;-1.87161
38;121;1.33857
38;122;0.768447
39;121;2.73515
39;122;1.68567
40;121;8.46111
40;122;5.83197
41;121;9.04952
41;122;0.293947
42;121;-4.34806
42;122;-9.92262
43;121;-7.15745
43;122;7.05137
44;121;8.55662
44;122;-0.976325
45;121;-3.20844
45;122;-1.08414
46;121;-6.64936
46;122;14.1485
47;121;-7.81042
47;122;-9.97486
48;121;-7.77339
48;122;6.60662
49;121;-4.33042
49;122;-1.59025
50;121;9.2883
50;122;-1.86205
51;121;1.22891
51;122;-2.1817
52;121;-4.58626
52;122;-3.64205
53;121;-9.66125
53;122;1.75231
54;121;10.9007
54;122;0.0113602
55;121;1.03362
55;122;-3.33194
56;121;0.0188217
56;122;2.75465
57;121;6.962
57;122;-5.42712
58;121;0.53151
58;122;1.03239
59;121;-1.45336
59;122;-0.911871
60;121;2.33188
60;122;-9.35632
61;121;-5.35402
61;122;-2.66546
62;121;4.48673
62;122;9.13715
63;121;0.0991201
63;122;3.47663
64;121;5.74377
64;122;14.8496
65;121;-4.87691
65;122;-0.00380516
66;121;4.71809
66;122;-3.6207
67;121;-8.24381
67;122;0.592527
68;122;6.4589
69;121;1.54986
69;122;-1.36209
70;121;6.02728
70;122;0.404416
71;121;5.30597
71;122;2.2393
72;121;6.24128
72;122;2.26797
73;121;3.36589
73;122;-7.55897
74;121;2.07253
74;122;-8.08747
75;121;-7.40614
75;122;-9.09924
76;121;7.14636
76;122;2.21732
77;121;8.79011
77;122;6.73747
78;121;8.44264
78;122;-2.97503
79;121;5.72652
79;122;-7.87925
80;121;-7.73503
80;122;3.5739
81;121;-6.41617
81;122;6.98305
82;121;7.64454
82;122;5.90263
83;121;7.11488
84;121;-8.08145
84;122;3.99901
85;121;-9.24336
85;122;7.94583
86;121;-5.59657
86;122;9.90132
87;121;9.81645
87;122;-2.62235
88;121;2.92772
88;122;3.18233
89;121;-13.0107
89;122;14.3514
90;121;5.09487
90;122;-6.52275
91;121;-7.45113
91;122;-9.97348
92;121;-5.65253
92;122;-4.88911
93;121;0.521223
93;122;7.09407
94;121;2.52623
94;122;2.53389
95;121;9.21483
95;122;-2.99793
96;121;-2.31312
96;122;9.27217
97;121;-9.73938
97;122;-3.93901
98;121;9.0537
98;122;4.37302
99;121;3.75143
99;122;-3.1242
100;121;4.90462
100;122;3.02086
101;121;-0.871712
101;122;4.62907
102;121;2.92218
102;122;-1.05526
103;121;-9.68199
103;122;-2.88382
104;121;-1.84424
104;122;-7.04459
105;121;-3.40876
105;122;7.22194
106;121;19.0299
106;122;-0.164145
107;121;-0.432456
107;122;-0.253059
108;121;8.57771
108;122;-1.37185
109;121;3.66144
109;122;9.5388
110;121;-3.81549
110;122;-3.94416
111;122;-2.7077
112;121;9.41711
112;122;1.93215
113;121;0.793871
113;122;7.84954
114;121;-3.4415
114;122;8.11882
115;121;-2.19278
115;122;-0.553368
116;121;7.18451
116;122;5.07104
117;121;6.7382
117;122;3.89862
118;121;7.93649
118;122;-5.79596
119;121;9.51503
119;122;-7.84227
120;121;-3.03997
120;122;-3.89374
51;128;-4.62563
128;121;-2.17864
