
---- Results of cofig: ----
  keep=0.453
  threshold=3.584
  interSpeciesRate=0.001
  noCrossoverOff=0.344
  probabilityWeightMutated=0.774
  probabilityAddNodeSmall=0.035
  probabilityAddLink_small=0.047
  probabilityAddNodeLarge=0.343
  probabilityAddLink_Large=0.137
  largeSize=20
  c1=1.382
  c2=1.219
  c3=0.471
  numberGenomes=50
  numberInputs=120
  numberOutputs=2
  evolutions=50
  n_max=400
  learningRate=5
  inputWeights=110,150
  weightsRange=-10,10
  process_max=25
  function=
  folder=results/trial-33

--Results of run:0 --
Best Genome 
Genome id: 1403
Genome fitness: 0.97
   IN  OUT    Weight  Innov
    1  121   4.30566      1
    1  122   4.65093      2
    2  121  -8.74997      3
    2  122   1.62831      4
    3  121   2.38396      5
    3  122  -8.59498      6
    4  121   2.59721      7
    4  122  -6.44176      8
    5  121   3.30989      9
    5  122   6.29903     10
    6  121   3.53958     11
    6  122  -7.69265     12
    7  121   9.44689     13
    7  122  -4.70964     14
    8  121   0.14178     15
    8  122  -5.36388     16
    9  121  -6.41563     17
    9  122   8.85792     18
   10  121   11.8521     19
   10  122  -4.22894     20
   11  121   9.73962     21
   11  122  -8.64608     22
   12  121   3.02205     23
   12  122  -13.4205     24
   13  121  -8.31726     25
   13  122   3.63252     26
   14  121   8.34075     27
   14  122  -7.98718     28
   15  121  -6.69849     29
   15  122  -7.38322     30
   16  121   3.84653     31
   16  122   8.85657     32
   17  121  0.721108     33
   17  122   2.78884     34
   18  121  -9.97205     35
   18  122  -6.89493     36
   19  121   7.55985     37
   19  122  0.374804     38
   20  121  -6.87314     39
   20  122   2.18234     40
   21  121    7.9438     41
   21  122   6.66644     42
   22  121  -8.91936     43
   22  122  -2.58758     44
   23  121   8.39737     45
   23  122   5.89213     46
   24  121   11.5698     47
   24  122  -8.77533     48
   25  121 0.0803385     49
   25  122   3.47671     50
   26  121   9.52656     51
   26  122 -0.180037     52
   27  121   8.91218     53
   27  122   4.43074     54
   28  121   1.39944     55
   28  122  -5.90557     56
   29  121  -3.81887     57
   29  122 -0.259811     58
   30  121   6.75491     59
   30  122  -5.51737     60
   31  121   7.17789     61
   31  122   8.93332     62
   32  121    3.3392     63
   32  122   5.02844     64
   33  121   -7.2837     65
   33  122   8.82408     66
   34  121  -3.81685     67
   34  122   9.27597     68
   35  121   2.90906     69
   35  122   2.84645     70
   36  121   4.03908     71
   36  122   -5.6554     72
   37  121  -2.30411     73
   37  122  -1.87161     74
   38  121   1.33857     75
   38  122  0.768447     76
   39  121   2.73515     77
   39  122   1.68567     78
   40  121   8.46111     79
   40  122   5.83197     80
   41  121   9.04952     81
   41  122  0.293947     82
   42  121  -4.34806     83
   42  122  -9.92262     84
   43  121  -7.15745     85
   43  122   7.05137     86
   44  121   8.55662     87
   44  122 -0.976325     88
   45  121  -3.20844     89
   45  122  -1.08414     90
   46  121  -6.64936     91
   46  122   14.1485     92
   47  121  -7.81042     93
   47  122  -9.97486     94
   48  121  -7.77339     95
   48  122   6.60662     96
   49  121  -4.33042     97
   49  122  -1.59025     98
   50  121    9.2883     99
   50  122  -1.86205    100
   51  121   1.22891    101
   51  122   -2.1817    102
   52  121  -4.58626    103
   52  122  -3.64205    104
   53  121  -9.66125    105
   53  122   1.75231    106
   54  121   10.9007    107
   54  122 0.0113602    108
   55  121   1.03362    109
   55  122  -3.33194    110
   56  121 0.0188217    111
   56  122   2.75465    112
   57  121     6.962    113
   57  122  -5.42712    114
   58  121   0.53151    115
   58  122   1.03239    116
   59  121  -1.45336    117
   59  122 -0.911871    118
   60  121   2.33188    119
   60  122  -9.35632    120
   61  121  -5.35402    121
   61  122  -2.66546    122
   62  121   4.48673    123
   62  122   9.13715    124
   63  121 0.0991201    125
   63  122   3.47663    126
   64  121   5.74377    127
   64  122   14.8496    128
   65  121  -4.87691    129
   65  122-0.00380516    130
   66  121   4.71809    131
   66  122   -3.6207    132
   67  121  -8.24381    133
   67  122  0.592527    134
   68  122    6.4589    136
   69  121   1.54986    137
   69  122  -1.36209    138
   70  121   6.02728    139
   70  122  0.404416    140
   71  121   5.30597    141
   71  122    2.2393    142
   72  121   6.24128    143
   72  122   2.26797    144
   73  121   3.36589    145
   73  122  -7.55897    146
   74  121   2.07253    147
   74  122  -8.08747    148
   75  121  -7.40614    149
   75  122  -9.09924    150
   76  121   7.14636    151
   76  122   2.21732    152
   77  121   8.79011    153
   77  122   6.73747    154
   78  121   8.44264    155
   78  122  -2.97503    156
   79  121   5.72652    157
   79  122  -7.87925    158
   80  121  -7.73503    159
   80  122    3.5739    160
   81  121  -6.41617    161
   81  122   6.98305    162
   82  121   7.64454    163
   82  122   5.90263    164
   83  121   7.11488    165
   84  121  -8.08145    167
   84  122   3.99901    168
   85  121  -9.24336    169
   85  122   7.94583    170
   86  121  -5.59657    171
   86  122   9.90132    172
   87  121   9.81645    173
   87  122  -2.62235    174
   88  121   2.92772    175
   88  122   3.18233    176
   89  121  -13.0107    177
   89  122   14.3514    178
   90  121   5.09487    179
   90  122  -6.52275    180
   91  121  -7.45113    181
   91  122  -9.97348    182
   92  121  -5.65253    183
   92  122  -4.88911    184
   93  121  0.521223    185
   93  122   7.09407    186
   94  121   2.52623    187
   94  122   2.53389    188
   95  121   9.21483    189
   95  122  -2.99793    190
   96  121  -2.31312    191
   96  122   9.27217    192
   97  121  -9.73938    193
   97  122  -3.93901    194
   98  121    9.0537    195
   98  122   4.37302    196
   99  121   3.75143    197
   99  122   -3.1242    198
  100  121   4.90462    199
  100  122   3.02086    200
  101  121 -0.871712    201
  101  122   4.62907    202
  102  121   2.92218    203
  102  122  -1.05526    204
  103  121  -9.68199    205
  103  122  -2.88382    206
  104  121  -1.84424    207
  104  122  -7.04459    208
  105  121  -3.40876    209
  105  122   7.22194    210
  106  121   19.0299    211
  106  122 -0.164145    212
  107  121 -0.432456    213
  107  122 -0.253059    214
  108  121   8.57771    215
  108  122  -1.37185    216
  109  121   3.66144    217
  109  122    9.5388    218
  110  121  -3.81549    219
  110  122  -3.94416    220
  111  122   -2.7077    222
  112  121   9.41711    223
  112  122   1.93215    224
  113  121  0.793871    225
  113  122   7.84954    226
  114  121   -3.4415    227
  114  122   8.11882    228
  115  121  -2.19278    229
  115  122 -0.553368    230
  116  121   7.18451    231
  116  122   5.07104    232
  117  121    6.7382    233
  117  122   3.89862    234
  118  121   7.93649    235
  118  122  -5.79596    236
  119  121   9.51503    237
  119  122  -7.84227    238
  120  121  -3.03997    239
  120  122  -3.89374    240
   51  128  -4.62563    260
  128  121  -2.17864    261

Summerized results: 
run: 0 bestFitness: 0
Max fitness: 0
Percentage: 100% (1 of 1)
--------------------------------------------------------------
