1;121;10.9522
1;122;-18.9567
2;121;-87.4997
2;122;-5.9393
3;121;79.7756
3;122;43.7773
4;121;30.1031
4;122;-64.4176
5;121;-96.694
5;122;-87.8348
6;121;49.3775
6;122;-38.2044
7;121;94.4689
7;122;28.0002
8;121;-83.4053
8;122;65.2308
9;121;6.61362
9;122;88.5792
10;121;94.147
10;122;-87.8503
11;121;97.3962
11;122;-95.8021
12;121;29.0488
12;122;41.0009
13;121;-66.902
13;122;36.3252
14;121;-53.8848
14;122;57.4054
15;121;18.1551
15;122;92.1767
16;121;-80.6791
16;122;7.00127
17;121;-32.5497
17;122;-68.1787
18;121;4.84875
18;122;-93.1201
19;121;75.5986
19;122;55.922
20;121;44.9061
20;122;37.7328
21;121;-27.5469
21;122;67.0032
22;121;-24.4683
22;122;61.1461
23;121;-55.5902
23;122;-41.933
24;121;-92.8137
24;122;65.0323
25;121;47.1293
25;122;95.0221
26;121;-70.0206
26;122;-14.4933
27;121;-19.5472
27;122;25.486
28;121;13.9944
28;122;-94.0508
29;121;-38.1887
29;122;-34.054
30;121;69.5298
30;122;87.9465
31;121;-30.8187
31;122;-69.1932
32;121;10.2569
32;122;56.8306
33;121;7.1906
33;122;88.2408
34;121;-38.1685
34;122;96.753
35;121;-52.4033
35;122;33.5448
36;121;34.4858
36;122;5.4528
37;121;-49.3939
37;122;24.4966
38;121;13.3857
38;122;45.6095
39;121;-42.4836
39;122;67.6797
40;121;47.2266
40;122;58.3197
41;121;75.214
41;122;-67.0471
42;121;81.8915
42;122;-72.75
43;121;-9.6301
43;122;56.2293
44;121;95.5662
44;122;-9.76325
45;121;-32.0844
45;122;71.2827
46;121;-45.6338
46;122;-8.6434
47;121;-83.1941
47;122;-14.8568
48;121;-77.7339
48;122;-82.3443
49;121;-57.0037
49;122;-15.9025
50;121;62.8192
50;122;-51.8094
51;121;15.7754
51;122;-2.69494
52;121;94.4794
52;122;-36.4205
53;121;65.1457
53;122;39.2903
54;121;-1.31663
54;122;-45.8396
55;121;35.2028
55;122;-33.3194
56;121;-31.5667
56;122;-37.1934
57;121;69.6201
57;122;-2.8261
58;121;-8.25361
58;122;98.0456
59;121;-9.38888
59;122;27.916
60;121;-11.7177
60;122;53.3821
61;121;94.3314
61;122;-26.6546
62;121;44.8674
62;122;-37.7468
63;121;41.8004
63;122;67.1334
64;121;57.4377
64;122;-3.82076
65;121;38.7208
65;122;20.2569
66;121;47.1809
66;122;-53.5363
67;121;-42.8108
67;122;-51.1175
68;121;82.5958
68;122;-43.995
69;121;-40.4216
69;122;90.5835
70;121;20.1654
70;122;41.7604
71;121;-6.78323
71;122;-9.05911
72;121;-22.4845
72;122;22.6797
73;121;33.6589
73;122;-14.0497
74;121;86.8973
74;122;-3.67731
75;121;-64.0614
75;122;60.2161
76;122;-35.4016
77;121;-49.9015
77;122;17.3747
78;121;84.4264
78;122;-68.944
79;121;-50.2793
79;122;66.7206
80;121;27.2352
80;122;-12.8849
81;121;-0.677505
81;122;-28.3949
82;121;-76.2033
82;122;-18.1035
83;121;91.8931
83;122;26.9044
84;121;-53.8132
84;122;39.9902
85;121;-18.1617
85;122;79.4583
86;121;-85.4127
86;122;99.0132
87;121;-42.7069
87;122;-59.4902
88;121;30.1659
88;122;-44.5921
89;121;-30.2969
89;122;85.1763
90;121;16.9259
90;122;57.995
91;121;-81.2441
91;122;-35.9777
92;121;-77.4065
92;122;1.10886
93;121;-59.1692
93;122;70.9407
94;121;-27.6208
94;122;-62.2256
95;121;92.1483
95;122;47.9119
96;121;-69.8585
96;122;49.656
97;121;27.7424
97;122;-39.3901
98;121;39.8378
98;122;-36.8874
99;121;87.5143
99;122;11.8246
100;121;14.5841
100;122;-99.2021
101;121;-8.71712
101;122;-27.0843
102;121;35.6041
102;122;-97.4073
103;121;69.6812
103;122;-43.8359
104;121;-78.7293
104;122;-39.6006
105;121;-36.1243
105;122;82.0038
106;121;90.2986
106;122;-76.7612
107;121;-4.32455
107;122;-62.0023
108;121;-99.4585
108;122;36.5062
109;121;-31.5899
109;122;-92.6954
110;121;-71.4991
110;122;-39.4416
111;121;80.2579
111;122;3.20911
112;121;21.6
112;122;76.6937
113;121;-60.9602
113;122;-13.1899
114;121;-52.3527
114;122;-77.3439
115;121;98.6347
115;122;-87.9021
116;121;42.7309
116;122;-10.0825
117;121;67.382
117;122;38.9862
118;121;-100.491
118;122;-38.9159
119;121;85.1503
119;122;51.8701
120;121;-30.3997
120;122;-59.8306
76;128;94.7449
128;121;25.0496
