1;53;-1.21655
1;54;9.07365
1;55;-8.22273
2;53;-5.69574
2;54;8.50153
2;55;7.97673
3;53;2.73566
3;54;-9.16644
3;55;6.47705
4;53;9.75094
4;54;-11.3036
4;55;-5.38052
5;53;3.63596
5;54;2.58941
5;55;-4.28709
6;53;-1.96341
6;54;9.91824
6;55;8.88673
7;53;9.90597
7;54;6.99824
7;55;7.73984
8;53;1.29903
8;54;-7.12365
8;55;6.13386
9;53;1.7127
9;54;-0.643536
9;55;0.75676
10;53;3.39837
10;54;14.595
10;55;5.07578
11;53;-2.2775
11;54;5.39482
11;55;2.29583
12;53;3.9595
12;54;-5.23488
12;55;-7.27786
13;53;8.20535
13;54;6.00879
13;55;1.63092
14;53;12.0122
14;54;6.52074
14;55;5.32728
15;53;-3.35786
15;54;0.177225
15;55;-2.25993
16;53;-4.86691
16;54;-0.223127
16;55;-2.34169
17;53;-4.57749
17;54;5.91075
17;55;-4.26846
18;53;2.68636
18;55;0.00815582
19;53;8.99152
19;54;-1.07892
19;55;-3.50764
20;53;-9.51633
20;54;-4.09092
20;55;-2.90458
21;53;0.366121
21;54;-12.5261
21;55;4.04059
22;53;-7.33804
22;54;-4.18401
22;55;4.07335
23;53;6.74835
23;54;-10.9787
23;55;-1.44596
24;53;-4.90977
24;54;0.891277
24;55;8.53413
25;53;-9.58249
25;54;-1.30993
25;55;9.84019
26;53;-7.69444
26;54;-0.0108604
26;55;-1.36955
27;53;8.73133
27;54;6.26759
27;55;-6.05808
28;53;-0.264318
28;54;5.80917
28;55;-5.25327
29;53;3.11761
29;54;0.269817
29;55;-2.39422
30;53;4.80078
30;54;-5.73812
30;55;-8.69921
31;53;7.89625
31;54;-7.49125
31;55;2.17553
32;53;-13.2733
32;54;-4.8293
32;55;1.23803
33;53;-8.26657
33;54;6.42657
33;55;-0.975846
34;53;9.18033
34;54;9.77213
34;55;-6.20868
35;53;-6.57121
35;54;-5.23764
35;55;2.48139
36;53;-1.06702
36;54;-6.7119
36;55;-4.51329
37;53;0.631662
37;54;11.5744
37;55;-9.44977
38;53;2.32325
38;54;3.7005
38;55;-0.807291
39;53;-4.13967
39;54;-9.47531
39;55;4.14122
40;53;8.35634
40;54;8.91587
40;55;-0.3434
41;53;-11.0849
41;54;-1.11524
41;55;8.18657
42;53;-0.662892
42;54;3.10923
42;55;3.96329
43;53;-10.8911
43;54;-1.8318
43;55;-7.00817
44;53;-8.86926
44;54;6.82757
44;55;0.397206
45;53;-8.01485
45;54;-0.18653
45;55;9.57943
46;53;-3.19496
46;54;2.18838
46;55;2.4213
47;53;7.96943
47;54;6.09249
47;55;-6.65368
48;53;1.35297
48;54;-1.58426
48;55;-6.48791
49;53;-9.45432
49;54;8.28946
49;55;8.0043
50;53;-2.29055
50;54;-2.9732
50;55;-7.71369
51;53;9.25035
51;54;-2.43755
51;55;3.20198
52;53;-9.31702
52;54;-8.43731
52;55;-7.71891
13;27;-9.00236
