1;121;33.0566
1;122;-18.036
2;121;90.2858
2;122;-69.8931
3;121;53.3585
3;122;21.4853
4;121;-82.4722
4;122;-79.5165
5;121;-26.309
5;122;-19.9704
6;121;54.1194
6;122;-68.3899
7;121;16.4807
7;122;-36.393
8;121;67.8082
8;122;-33.6061
9;121;-91.2045
9;122;66.1734
10;121;-80.0893
10;122;86.9677
11;121;70.412
11;122;-93.9105
12;121;-56.5019
12;122;-55.6928
13;121;-64.531
13;122;90.9992
14;121;-30.4774
14;122;83.0475
15;121;73.5636
15;122;1.55495
16;121;76.3758
16;122;44.0501
17;121;44.207
17;122;-90.1054
18;121;-56.703
19;121;12.3618
19;122;-60.9327
20;121;-41.2018
20;122;47.6311
21;121;1.42449
21;122;88.8673
22;121;70.8938
22;122;-50.3485
23;121;9.97778
23;122;-77.9146
24;121;57.2119
24;122;18.7733
25;121;-68.695
25;122;88.9618
26;121;-14.2677
26;122;60.667
27;121;95.0513
27;122;-74.7968
28;121;88.6997
28;122;-60.9497
29;121;-23.4388
29;122;34.485
30;121;-77.9022
30;122;-38.0722
31;121;64.5388
31;122;64.2278
32;121;65.4521
32;122;8.7458
33;121;78.2274
33;122;13.4722
34;121;46.4326
34;122;79.0249
35;121;29.0906
35;122;-47.1317
36;121;84.0959
36;122;21.7196
37;121;85.8937
37;122;37.3552
38;121;79.3366
38;122;-4.12849
39;121;-53.4574
39;122;29.6809
40;121;-85.3552
40;122;54.1296
41;121;-39.3577
41;122;59.7883
42;121;-50.3637
42;122;70.2653
43;121;6.82043
43;122;-61.2251
44;121;-23.3987
44;122;-38.5862
45;121;70.8076
45;122;65.4198
46;121;-66.4936
46;122;56.7615
47;121;-97.9104
47;122;16.5131
48;121;94.0486
48;122;-39.1849
49;121;13.7237
49;122;12.8968
50;121;92.883
50;122;76.6598
51;121;-52.0603
51;122;-87.9094
52;121;-98.1195
52;122;24.8987
53;121;49.4458
53;122;9.23126
54;121;9.97887
54;122;50.2087
55;121;17.7656
55;122;-8.83274
56;121;-54.1087
56;122;-38.8461
57;121;55.1331
57;122;-4.03355
58;121;-31.7465
58;122;-39.6761
59;122;68.8753
60;121;-72.8911
60;122;-68.2615
61;122;43.4454
62;121;48.8085
62;122;-31.9496
63;121;-32.5367
63;122;-36.4438
64;121;42.2569
64;122;91.187
65;121;-81.7499
65;122;-72.0722
66;121;-22.4017
66;122;-53.5363
67;121;23.1539
67;122;96.2317
68;121;-99.7917
68;122;53.1366
69;121;84.9658
69;122;77.5892
70;121;20.907
70;122;-4.7856
71;121;-4.8264
71;122;79.0407
72;121;-36.231
72;122;-59.7489
73;121;-12.9687
73;122;56.043
74;121;-19.5626
74;122;-45.4776
75;121;14.9183
75;122;52.7064
76;121;-88.3171
76;122;69.8893
77;121;-90.0134
77;122;67.2579
78;121;72.8657
78;122;7.38158
79;121;68.5136
79;122;-92.0895
80;121;20.6931
80;122;72.9168
81;121;-64.1617
81;122;-38.2451
82;121;81.0354
82;122;-31.3549
83;121;66.0551
83;122;-62.9835
84;121;-66.6326
84;122;-80.9601
85;121;-92.4336
85;122;66.9053
86;121;-11.1242
86;122;2.74001
87;121;42.2038
87;122;-50.2993
88;121;-81.89
88;122;37.4755
89;121;-22.4552
89;122;-1.45263
90;121;-83.5222
90;122;5.5306
91;121;8.3043
91;122;-67.7793
92;121;-56.5253
92;122;-39.9585
93;121;-28.9399
93;122;46.7101
94;121;-14.527
94;122;-24.7613
95;121;-52.7695
95;122;-15.3399
96;121;-73.7841
96;122;-78.3541
97;121;-61.3565
97;122;-49.9875
98;121;17.8854
98;122;-37.2824
99;121;-43.595
99;122;-81.242
100;121;-18.2426
100;122;-10.6757
101;121;77.3984
101;122;47.6202
102;121;-79.5131
102;122;-35.0547
103;121;-32.873
103;122;74.5682
104;121;17.508
104;122;-52.2608
105;121;40.8238
105;122;55.8998
106;121;56.1974
106;122;72.541
107;121;-53.974
107;122;65.9432
108;121;96.9908
108;122;-99.3336
109;121;76.147
109;122;-43.5442
110;121;4.656
110;122;-18.8889
111;121;51.116
111;122;83.2645
112;121;82.8317
112;122;45.0708
113;121;52.5058
113;122;28.2838
114;121;47.2827
114;122;-46.204
115;121;33.8121
115;122;-77.9634
116;121;42.8466
116;122;59.9356
117;121;-77.9161
117;122;36.4258
118;121;-29.6875
118;122;-57.9596
119;121;44.105
119;122;51.8701
120;121;18.4933
120;122;-98.9782
59;132;77.9235
132;121;34.7413
61;134;16.436
134;121;-14.1417
18;145;60.4622
145;122;69.7824
