1;17;10.5084
1;18;10.1918
1;19;-8.83687
2;17;6.01415
2;18;6.44852
2;19;-1.66091
3;17;-6.43372
3;18;3.4921
3;19;5.78487
4;17;7.24293
4;18;-3.1136
4;19;2.57742
5;17;-3.05768
5;18;0.268018
5;19;-3.85267
6;17;-0.208054
6;18;-2.83529
6;19;4.34594
7;17;-2.16795
7;18;0.363013
7;19;-2.39571
8;17;-7.55828
8;18;-1.18997
8;19;4.74815
9;17;7.69087
9;18;-2.08024
9;19;-4.4776
10;17;-4.25638
10;18;19.9785
10;19;-9.90547
11;17;-6.99802
11;18;1.29261
11;19;-1.79978
12;17;-9.8799
12;18;-11.3195
12;19;12.8782
13;17;14.6985
13;18;-7.79634
13;19;-4.99579
14;17;-7.95533
14;18;4.54723
14;19;-9.10408
15;17;-6.26099
15;18;3.20523
15;19;-9.33371
16;17;-9.34215
16;18;-8.66694
16;19;18.6203
10;25;7.34246
25;18;-1.28027
12;28;2.28981
28;18;0.659196
