1;121;98.546
1;122;6.85886
2;121;63.1708
2;122;67.1069
3;121;41.6935
3;122;-76.8236
4;121;90.2534
4;122;97.6436
5;121;81.4903
5;122;10.9605
6;121;49.3775
6;122;-7.32436
7;121;-33.1004
7;122;-88.5892
8;121;85.2721
8;122;-91.7356
9;121;-21.4359
9;122;48.6755
10;121;-71.6795
10;122;-67.2581
11;121;3.22278
11;122;99.6823
12;121;83.4406
12;122;-81.937
13;121;-64.0156
13;122;98.6205
14;121;90.7165
14;122;-70.3529
15;121;18.1551
15;122;102.177
16;121;-94.1445
16;122;-75.3839
17;121;23.7286
17;122;27.8884
18;121;-28.0351
18;122;-2.71644
19;121;6.43071
19;122;-69.0012
20;121;-17.697
20;122;-84.929
21;121;-42.6072
21;122;3.12353
22;121;82.8043
22;122;98.7548
23;121;-3.5853
23;122;-36.5922
24;121;67.2119
24;122;-59.4065
25;121;-97.5881
25;122;78.6636
26;121;-56.7731
26;122;54.3925
27;121;-13.5236
27;122;44.3074
28;121;23.6977
28;122;48.1467
29;121;-91.8803
29;122;107.385
30;121;97.8269
30;122;87.9465
31;121;-82.2098
31;122;-18.4126
32;121;-58.7906
32;122;58.4326
33;121;-72.837
33;122;79.1192
34;121;70.5653
34;122;-68.1875
35;121;-27.6475
35;122;63.491
36;121;-33.5636
36;122;74.2409
37;121;30.3735
37;122;-29.2001
38;121;-49.3682
38;122;28.8961
39;121;77.3473
39;122;-33.9733
40;121;-2.68801
40;122;-77.6614
41;121;-82.7897
41;122;-63.8228
42;121;8.96689
42;122;-99.2262
43;121;-21.6977
43;122;-48.329
44;121;13.5307
44;122;78.6745
45;121;-3.00282
45;122;37.334
46;121;-53.6362
46;122;62.9628
47;121;9.16201
47;122;57.5459
48;121;-61.2297
48;122;-55.6742
49;121;-20.3127
49;122;-54.0595
50;121;-60.16
50;122;73.332
51;121;98.8071
51;122;61.7853
52;121;-67.8641
52;122;94.0257
53;121;-49.2578
53;122;8.06399
54;121;-81.1855
54;122;18.4302
55;121;8.381
55;122;46.6706
56;121;45.2373
56;122;77.0114
57;121;55.1331
57;122;43.2248
58;121;66.2593
58;122;25.2565
59;121;22.4312
59;122;-33.1587
60;121;-54.5035
60;122;-5.85234
61;121;-92.9893
61;122;41.1275
62;121;76.2156
62;122;52.095
63;121;-45.8807
63;122;-78.7135
64;121;36.889
64;122;-90.3992
65;121;9.43798
65;122;-26.2673
66;121;25.2202
66;122;-42.7847
67;121;-81.6218
67;122;-57.0735
68;121;-99.7917
68;122;43.1366
69;121;41.3045
69;122;90.5835
70;121;-90.8109
70;122;-4.7856
71;121;69.202
71;122;23.005
72;121;-89.4941
72;122;-20.6379
73;121;7.64376
73;122;-96.0222
74;121;89.6599
74;122;-3.67731
75;121;-15.969
75;122;-21.5202
76;121;-0.63475
76;122;69.8893
77;121;-35.7626
77;122;-58.2483
78;121;-20.1936
78;122;-84.3536
79;121;68.5136
79;122;22.8532
80;121;8.40378
80;122;-98.404
81;121;85.9808
81;122;18.2262
82;121;71.0354
82;122;2.1228
83;121;-10.1826
83;122;-68.5314
84;121;-13.6136
84;122;-94.6841
85;121;-88.871
85;122;76.5856
86;121;-68.7218
86;122;94.4656
87;121;5.26205
87;122;-50.2993
88;121;-21.6247
88;122;-65.6744
89;121;45.3149
89;122;22.4162
90;121;-25.597
90;122;-43.4331
91;121;-59.1204
91;122;-11.2307
92;121;-33.7934
92;122;98.4418
93;121;-1.32021
93;122;25.6417
94;121;-16.3604
94;122;-81.2604
95;121;94.4362
95;122;50.354
96;121;-21.3915
96;122;31.4942
97;121;-21.4198
97;122;58.7773
98;121;94.0819
98;122;60.1416
99;121;66.6477
99;122;-53.0569
100;121;-33.7286
100;122;50.3501
101;121;10.6824
101;122;46.2907
102;121;66.6342
102;122;-97.4073
103;121;-74.1307
103;122;83.2795
104;121;-40.3306
104;122;-3.01791
105;121;-27.1302
105;122;50.5326
106;121;29.9414
106;122;21.5925
107;121;81.0692
107;122;-86.0112
108;121;-64.3661
108;122;-89.8822
109;121;36.6144
109;122;-20.8024
110;121;0.00965881
110;122;68.6717
111;121;87.75
111;122;-18.1519
112;121;2.1372
112;122;23.094
113;121;90.5238
113;122;-65.1735
114;121;57.2827
114;122;-46.4777
115;121;-92.8139
115;122;-82.061
116;121;26.7977
116;122;30.3312
117;121;2.41959
117;122;48.8859
118;121;26.8771
118;122;-46.0469
119;121;70.9636
119;122;-55.6904
120;121;-18.3172
120;122;-8.25797
