1;121;-2.88809
1;122;-2.25777
2;121;-7.65918
2;122;1.62831
3;121;2.38396
3;122;-8.59498
4;121;9.88993
4;122;-6.44176
5;121;-3.99105
5;122;8.51716
6;121;6.11038
6;122;-2.69265
7;121;9.44689
7;122;-6.09985
8;121;0.14178
8;122;14.5296
9;121;6.7837
9;122;-1.34575
10;121;-0.123251
10;122;-4.22894
11;121;14.7396
11;122;-4.6624
12;121;3.02205
12;122;-5.90962
13;121;-8.31726
13;122;6.17982
14;121;14.9939
14;122;6.40631
15;121;-9.10837
15;122;1.85587
16;121;-8.06791
16;122;8.85657
17;121;-0.4019
17;122;-6.81787
18;121;-4.51513
18;122;9.61482
19;121;1.17339
19;122;6.56443
20;121;-3.33669
20;122;-1.22672
21;121;-4.27255
21;122;9.71359
22;121;-0.0560741
22;122;-0.652111
23;121;14.1584
23;122;-4.1933
24;121;1.79879
24;122;-8.77533
25;121;0.0803385
25;122;5.10789
26;121;8.46372
26;122;-0.180037
27;121;6.86623
27;122;2.79407
28;121;4.82183
28;122;-9.40508
29;121;7.30159
29;122;-0.259811
30;121;11.289
30;122;-8.54671
31;121;7.17789
31;122;-7.21286
32;121;2.04079
32;122;9.57021
33;121;-7.88455
33;122;8.82408
34;121;-5.06401
34;122;4.84286
35;121;-5.80112
35;122;4.96299
36;121;8.9748
36;122;0.54528
37;121;3.47951
37;122;-8.74638
38;121;-3.66143
38;122;-5.45728
39;121;3.63751
39;122;-8.10184
40;121;0.767392
40;122;13.7318
41;121;5.99135
41;122;6.92483
42;121;-4.34806
42;122;-5.94429
43;121;-7.15745
43;122;2.56381
44;121;0.70582
44;122;9.81506
45;121;5.68005
45;122;-6.99816
46;121;8.50631
46;122;0.652163
47;121;-4.21103
47;122;-5.32564
48;121;-7.77339
48;122;1.60662
49;121;-5.68292
49;122;5.15837
50;121;14.2883
50;122;4.86846
51;121;-8.74379
51;122;5.19377
52;121;-3.46458
52;122;-7.5962
53;121;1.09404
53;122;6.75231
54;121;5.8217
54;122;0.0113602
55;121;8.53294
55;122;-3.33194
56;121;-4.15667
56;122;10.7249
57;121;6.962
57;122;-2.64632
58;121;1.16234
58;122;-1.17144
59;121;-3.35963
60;121;-1.37568
60;122;-8.72953
61;121;9.87
61;122;-4.96078
62;121;3.38009
62;122;9.13715
63;121;4.18004
63;122;6.71334
64;121;-6.49552
64;122;5.84329
65;121;3.76083
65;122;-4.51166
66;121;4.71809
66;122;-3.6207
67;121;-7.55715
67;122;-1.83736
68;121;0.0889225
68;122;-3.98408
69;121;-5.20258
69;122;-1.36209
70;121;-6.73157
70;122;-6.66964
71;121;4.89453
71;122;3.02768
72;121;-7.02578
72;122;2.26797
73;121;9.49457
73;122;3.50573
74;121;2.07253
74;122;-3.45756
75;121;-2.04606
75;122;-9.09924
76;121;7.25074
76;122;-2.76016
77;121;-8.4472
77;122;-7.34955
78;121;-2.27022
78;122;-7.58466
79;121;-3.74709
79;122;-2.87925
80;121;-2.89303
80;122;5.01374
81;121;-6.41617
81;122;6.98305
82;121;9.9532
82;122;8.77389
83;121;7.11488
83;122;-7.21222
84;121;7.31078
84;122;-6.2441
85;121;-13.6716
85;122;7.94583
86;121;-4.97538
86;122;6.63432
87;121;0.589718
87;122;-2.62235
88;121;7.34792
88;122;-4.91571
89;121;-9.85893
89;122;6.67746
90;121;-2.48872
90;122;-6.52275
91;121;-5.91204
91;122;2.3456
92;121;0.717087
92;122;0.110886
93;121;-6.45247
93;122;7.09407
94;121;8.10193
94;122;7.53389
95;121;9.21483
95;122;3.42414
96;121;9.81418
96;122;3.36127
97;121;-7.46842
97;122;8.16659
98;121;-7.1757
98;122;-6.86248
99;121;5.30083
99;122;1.34164
100;121;-7.11186
100;122;-8.65022
101;121;1.92085
101;122;-0.143605
102;121;-7.70673
102;122;-7.48944
103;121;-9.68199
103;122;-3.31054
104;121;2.59485
104;122;5.55261
105;121;-3.40876
105;122;-0.778425
106;121;2.90742
106;122;-9.05002
107;121;0.118661
107;122;-5.43336
108;121;-9.91417
108;122;3.65062
109;121;-8.15899
109;122;0.485355
110;121;-3.81549
110;122;8.56172
111;121;9.86292
111;122;2.2923
112;121;9.41711
112;122;-1.49488
113;121;0.793871
113;122;7.84954
114;121;4.14112
114;122;-3.9053
115;121;9.86346
115;122;-5.55337
116;121;7.18451
116;122;-1.00825
117;121;6.7382
117;122;-0.262251
118;121;8.62259
118;122;1.40742
119;121;9.51503
119;122;-2.5488
120;121;-3.03997
120;122;-3.89374
59;149;-4.76649
149;122;-0.911871
