1;121;43.0566
1;122;45.2338
2;121;75.4996
2;122;23.3456
3;121;41.6935
3;122;21.4853
4;121;87.4691
4;122;-10.9843
5;121;24.7202
5;122;82.4239
6;121;12.8398
6;122;82.0917
7;121;87.5944
7;122;60.202
8;121;24.3388
8;122;92.8497
9;121;30.3563
9;122;6.84121
10;121;-88.2414
10;122;-14.6193
11;121;70.412
11;122;-86.4608
12;121;-99.0982
12;122;-90.9509
13;121;75.9769
13;122;-27.9309
14;121;64.5764
14;122;-70.3529
15;121;18.1551
15;122;-81.0283
16;121;-60.0765
16;122;16.6202
17;121;23.9241
17;122;32.1336
18;121;-45.9583
18;122;69.7824
19;121;31.38
19;122;-60.9327
20;121;-6.08006
20;122;68.0779
21;121;-64.3372
21;122;11.8989
22;121;45.4165
22;122;-29.9474
23;121;19.8334
23;122;-61.5484
24;121;-92.8137
24;122;-49.3448
25;121;-66.4679
25;122;78.6636
26;121;36.0359
26;122;-9.20386
27;121;92.2028
27;122;-74.7968
28;121;2.87034
28;122;68.1797
29;121;-36.7305
29;122;-74.1144
30;121;-99.3895
30;122;-85.4671
31;121;46.3877
31;122;-69.0165
32;121;-58.7906
32;122;93.1765
33;121;92.431
33;122;-9.97668
34;121;62.9589
34;122;79.0249
35;121;29.0906
35;122;98.2304
36;121;84.0959
36;122;-51.8125
37;121;85.8937
37;122;-87.4637
38;121;-53.0578
38;122;-63.7889
39;121;-14.3936
39;122;-33.9733
40;121;0.141312
40;122;35.531
41;121;59.9135
41;122;-67.0471
42;121;-60.2135
42;122;70.2653
43;121;-66.2342
43;122;17.9596
44;121;-6.46929
44;122;58.6611
45;121;-89.6262
45;122;75.4198
46;121;-10.6784
46;122;64.8083
47;121;-23.6145
47;122;17.0324
48;121;47.9567
48;122;-39.1849
49;121;28.2212
49;122;12.8968
50;121;92.883
50;122;76.6598
51;121;7.12823
51;122;-83.534
52;121;-81.3183
52;122;69.3284
53;121;-12.7341
53;122;53.4879
54;121;-9.2654
54;122;73.0114
55;121;-43.365
55;122;-33.3595
56;121;4.18034
56;122;32.7913
57;121;55.1331
57;122;36.9564
58;121;83.3702
58;122;-60.793
59;121;-33.5963
59;122;50.5766
60;121;88.5395
60;122;36.1242
61;121;-76.9742
61;122;43.4454
62;121;-48.6215
62;122;63.7475
63;121;0.497757
63;122;13.1362
64;121;57.6133
64;122;21.8373
65;121;-73.967
65;122;-96.2024
66;121;-21.3778
66;122;-98.2854
67;121;-42.8108
67;122;50.0674
68;121;30.0153
68;122;-60.336
69;121;-88.1431
69;122;-83.1256
70;121;43.2182
70;122;-42.8915
71;121;41.6883
71;122;64.4189
72;121;-22.4845
72;122;-74.9369
73;121;18.9775
73;122;96.6994
74;121;86.6283
74;122;30.6574
75;121;11.252
75;122;52.7064
76;121;29.7021
76;122;-89.9312
77;121;-86.6677
77;122;-42.0965
78;121;-70.9244
78;122;10.9778
79;121;97.8118
79;122;65.7301
80;121;-40.4618
80;122;10.5645
81;121;-77.6397
81;122;84.7583
82;121;-89.6122
82;122;-94.1611
83;121;23.4344
83;122;14.547
84;121;-5.86696
84;122;56.6827
85;121;95.9075
85;122;76.5856
86;121;-11.1242
86;122;-17.1559
87;121;42.2038
87;122;-70.7685
88;121;73.4792
88;122;-97.6615
89;121;-22.6661
89;122;-77.4706
90;121;-92.5307
90;122;-83.2166
91;121;-39.9451
91;122;-69.4634
92;121;-42.2087
92;122;5.11697
93;121;5.21223
93;122;62.1582
94;121;81.0193
94;122;62.7379
95;121;94.4362
95;122;-59.4425
96;121;44.9569
96;122;2.60473
97;121;-64.6842
97;122;1.40049
98;121;-97.5397
98;122;60.1416
99;121;-74.0525
99;122;-64.1723
100;121;-21.2735
100;122;-10.6757
101;121;24.9236
101;122;-43.4141
102;121;19.0165
102;122;-35.0547
103;121;40.7843
103;122;53.6754
104;121;-38.5267
104;122;9.64271
105;121;-94.0566
105;122;-92.356
106;121;56.1974
106;122;-71.8632
107;121;-33.6127
107;122;96.7445
108;121;-1.8217
108;122;56.5441
109;121;-78.2344
109;122;69.4059
110;121;89.3055
110;122;77.3771
111;121;19.755
111;122;8.34861
112;121;9.23436
112;122;-64.9488
113;121;-2.78103
113;122;68.4624
114;121;36.975
114;122;-46.4777
115;121;-13.3339
115;122;-77.9634
116;121;3.03696
116;122;68.244
117;121;14.8402
117;122;33.1907
118;121;33.6369
118;122;10.5878
119;121;-34.183
119;122;-30.3323
120;121;-8.62118
120;122;48.9832
7;88;-70.2638
