1;53;1.03362
1;54;9.86205
1;55;-5.0375
2;53;-1.88889
2;54;0.973665
2;55;-8.36596
3;53;-4.68833
3;54;-3.14848
3;55;-9.44451
4;53;0.371914
4;54;-9.47795
4;55;-3.99108
5;53;-5.47372
5;54;8.16659
5;55;-4.28709
6;53;2.89966
6;54;2.71423
6;55;-8.1242
7;53;3.05884
7;54;2.13938
7;55;7.73984
8;53;-3.42854
8;54;-2.25537
8;55;6.96021
9;53;9.9932
9;54;-1.95941
9;55;-1.02238
10;53;-10.2598
10;54;9.97849
10;55;-5.63486
11;53;5.32698
11;54;6.78224
11;55;3.68736
12;53;6.96288
12;54;9.69908
12;55;0.0380726
13;53;-6.486
13;54;0.863297
13;55;-8.02635
14;53;5.42715
14;54;9.64077
14;55;-13.492
15;53;-1.99543
15;54;-9.31948
15;55;-2.25993
16;53;2.04917
16;54;4.77687
16;55;5.42723
17;53;7.3312
17;54;8.98654
17;55;-4.71001
18;53;5.07104
18;54;-7.33347
18;55;-4.70511
19;53;9.02534
19;54;-3.02214
19;55;4.17631
20;53;-9.59954
20;54;-0.845965
20;55;-13.7381
21;53;-4.37753
21;54;14.4127
21;55;7.88826
22;53;-2.91014
22;54;-1.30356
22;55;5.70895
23;53;-1.28402
23;54;-8.50759
23;55;-4.39906
24;53;6.37993
24;54;0.632129
24;55;2.31644
25;53;-7.82344
25;55;18.768
26;53;-9.38749
26;54;8.93639
26;55;3.73976
27;53;8.73133
27;54;-1.89535
27;55;6.47631
28;53;9.47503
28;54;1.33863
28;55;2.3638
29;53;3.11761
29;54;8.36988
29;55;-2.39422
30;53;4.80078
30;54;0.523458
30;55;3.7334
31;53;4.79571
31;54;1.7728
32;53;-18.2733
32;54;-1.2088
32;55;9.01922
33;53;-3.26657
33;54;6.29534
33;55;-0.975846
34;53;8.18708
34;54;-0.350187
34;55;-5.6835
35;53;9.00505
35;54;1.81797
35;55;-2.52798
36;53;7.17562
36;54;-6.7119
36;55;-4.81996
37;53;-4.30068
37;54;5.92502
37;55;-8.55237
38;53;2.32325
38;54;5.40005
38;55;-0.807291
39;53;-4.13967
39;54;-1.48234
39;55;-5.32411
40;53;2.80226
40;54;2.4802
40;55;8.13608
41;53;-6.53254
41;54;3.88476
41;55;1.48521
42;53;-4.91031
42;54;5.61146
42;55;1.18498
43;53;-7.76395
43;54;-2.33623
43;55;-3.57284
44;53;3.13306
44;54;-1.16397
44;55;0.59836
45;53;-5.66423
45;54;-5.38912
45;55;7.75929
46;53;1.09733
46;54;-7.41038
46;55;5.86941
47;53;-6.71796
47;54;-2.27948
47;55;-8.5094
48;53;9.78517
48;54;-8.94942
48;55;-6.25363
49;53;-6.47579
49;54;-5.19875
49;55;2.26403
50;53;4.65309
50;54;-1.68948
50;55;9.37099
51;53;7.42249
51;54;-10.6534
51;55;-3.13039
52;53;8.36682
52;54;9.04709
52;55;9.73807
42;56;14.1371
56;55;-9.51417
2;16;-4.81004
15;71;-9.76255
71;53;3.00457
