1;121;9.63324
1;122;2.74223
2;121;1.20393
2;122;1.33455
3;121;2.29937
3;122;4.37773
4;121;9.02534
4;122;2.37951
5;121;-9.7219
5;122;1.23211
6;121;5.41194
6;122;-3.82044
7;121;-2.7162
7;122;2.18569
8;121;7.63222
8;122;9.52959
9;121;7.34224
9;122;6.61734
10;121;-9.58014
10;122;5.57441
11;121;3.58546
11;122;4.10345
12;121;-7.35391
12;122;7.04064
13;121;-8.31726
13;122;6.61514
14;121;8.34075
14;122;-7.03529
15;121;4.85127
15;122;-9.67647
16;121;-3.8723
16;122;-5.18634
17;121;-0.382104
17;122;-2.41297
18;121;-4.51513
18;122;-4.63422
19;121;-0.664227
19;122;0.374804
20;121;1.28083
20;122;-5.57971
21;121;0.142449
21;122;1.18989
22;121;-0.0560741
22;122;-9.20671
23;121;-8.51885
23;122;-5.28122
24;121;-7.09572
24;122;-2.30734
25;121;-9.23996
25;122;4.13762
26;121;8.46372
26;122;3.39837
27;121;13.9122
27;122;6.97479
28;121;1.39944
28;122;7.29718
29;121;-9.36908
29;122;-0.259811
30;121;6.95298
30;122;-8.72535
31;121;4.63877
31;122;-6.22497
32;121;-1.6608
32;122;-6.92192
33;121;-6.47242
33;122;8.82408
34;121;6.29589
34;122;7.10838
35;121;-2.97049
35;122;-4.57812
36;121;3.44858
36;122;-5.18125
37;121;8.58937
37;122;-1.81575
38;121;0.0993681
38;122;4.54272
39;121;5.85378
39;122;4.70614
40;121;4.85805
40;122;13.5531
41;121;-6.42631
41;122;9.66636
42;121;0.896688
42;122;-0.571712
43;121;-7.15745
43;122;2.56381
44;121;0.70582
44;122;6.49935
45;121;5.68005
45;122;-5.58496
46;121;0.821492
46;122;9.14853
47;121;-0.508829
47;122;-0.936326
48;121;-7.77339
48;122;6.60662
49;121;2.10447
49;122;1.28968
50;121;-2.55932
50;122;0.0131721
51;121;-5.20603
51;122;-0.269494
52;121;-7.51527
52;122;-7.5962
53;121;6.51457
53;122;6.63478
54;121;10.9007
54;122;5.01136
55;121;3.52028
55;122;1.89559
56;121;4.52373
56;122;1.04496
57;121;5.51331
57;122;-5.42712
58;121;-9.35992
58;122;-3.96761
59;121;-6.52293
59;122;-4.07935
60;121;-1.17177
60;122;-7.27208
61;121;9.87
61;122;-2.66546
62;121;7.69351
62;122;9.6421
63;121;-0.289121
63;122;6.71334
64;121;5.74377
64;122;9.25639
65;121;-4.87691
65;122;-5.50291
66;121;5.96397
66;122;-3.6207
67;121;-8.16218
67;122;5.00674
68;121;2.73724
68;122;6.4589
69;121;-7.81431
69;122;-6.73883
70;121;9.70114
70;122;-6.02848
71;121;-7.2284
71;122;-8.12938
72;121;-4.02603
72;122;-1.51884
73;121;-1.29687
73;122;2.88477
74;121;-6.05677
74;122;3.06574
75;121;2.49183
75;122;-9.09441
76;121;-6.20574
76;122;-9.87756
77;121;-1.7647
77;122;-7.34955
78;121;0.436688
78;122;-9.76689
79;121;-1.54919
79;122;1.08194
80;121;-2.73503
80;122;-1.65223
81;121;4.12303
81;122;8.47583
82;121;7.64454
82;122;-9.6496
83;121;2.11488
83;122;-7.21222
84;121;-8.08145
84;122;-3.30574
85;121;-9.24336
85;122;7.94583
86;121;-4.97538
86;122;6.63432
87;121;9.81645
87;122;-2.62235
88;121;3.68428
88;122;-7.64834
89;121;-7.93905
89;122;9.35137
90;121;10.0949
90;122;0.528452
91;121;7.58305
91;122;-7.94634
92;121;-5.65253
92;122;7.83635
93;121;-5.91692
93;122;4.67101
94;121;8.10193
94;122;0.302402
95;121;-5.27695
95;122;-3.99119
96;121;9.81418
96;122;-1.61619
97;121;-0.90615
97;122;-3.93901
98;121;-0.736098
98;122;-3.68874
99;121;8.75143
99;122;1.18246
100;121;3.20002
100;122;-7.37512
101;121;5.23769
101;122;4.2728
102;121;1.71411
102;122;1.61631
103;121;-7.82785
103;122;7.45682
104;121;-7.87293
104;122;-14.5783
105;121;-6.63308
105;122;8.20038
106;121;9.02985
106;122;-9.05002
107;121;1.96063
107;122;-8.60112
108;121;5.06498
108;122;-6.3338
109;121;-0.364204
109;122;10.2206
110;121;-4.80146
110;122;6.86716
111;121;6.75264
111;122;2.2923
112;121;3.81869
112;122;-6.83368
113;121;1.57651
113;122;-0.890466
114;121;7.37005
114;122;-4.64777
115;121;9.86346
115;122;-7.79817
116;121;-0.487171
116;122;6.11203
117;121;2.05822
117;122;6.33335
118;121;-2.08614
118;122;2.37623
119;121;-4.63298
119;122;-0.113657
120;121;-4.2406
120;122;-3.89374
19;95;2.58645
22;149;3.92471
149;122;-9.20671
