1;53;-4.0205
1;54;-7.58662
1;55;5.82522
2;53;-6.31889
2;54;8.23295
2;55;2.43849
3;53;0.311665
3;54;-9.16644
3;55;6.43875
4;53;9.75094
4;54;-12.2156
4;55;-2.50029
5;53;-9.15805
5;54;13.3276
5;55;-10.6595
6;53;1.04746
6;54;3.49015
6;55;-4.88343
7;53;1.07581
7;54;2.13938
7;55;4.31912
8;53;8.95788
8;54;-7.55022
8;55;7.04055
9;53;-4.55899
9;54;5.71954
9;55;0.75676
10;53;-4.19154
10;54;2.95095
10;55;-7.89868
11;53;4.89461
11;54;1.63919
11;55;3.49745
12;53;1.0755
12;54;5.03275
12;55;0.797361
13;53;0.928183
13;54;4.44195
13;55;6.63092
14;53;7.01217
14;54;1.52074
14;55;-5.03052
15;53;-8.36834
15;54;-0.388379
15;55;0.416713
16;53;-0.769135
16;54;5.31291
16;55;8.90686
17;53;4.63187
17;54;8.98654
17;55;0.0716105
18;53;7.68636
18;54;0.113889
18;55;2.15115
19;53;4.72691
19;54;-3.75418
19;55;6.01549
20;53;-4.59954
20;54;2.39555
20;55;-8.73808
21;53;5.38728
21;54;-0.978009
22;53;-7.38099
22;54;2.53145
22;55;5.85945
23;53;3.45932
23;54;2.58263
23;55;-6.16979
24;53;-7.09491
24;54;-6.08337
24;55;7.31644
25;53;-7.82344
25;54;-6.51901
25;55;9.84019
26;53;4.41905
26;54;9.47083
26;55;-6.14887
27;53;4.33412
27;54;-7.91903
27;55;-11.0904
28;53;-8.75981
28;54;-8.06796
28;55;-0.211515
29;53;2.29565
29;54;2.96036
29;55;-7.38418
30;53;-0.208054
30;54;-7.9928
30;55;0.22279
31;53;-3.36435
31;54;-8.85407
31;55;1.39201
32;53;6.40652
32;54;-0.194843
32;55;9.01922
33;53;4.30129
33;54;8.63002
33;55;0.170599
34;53;3.65936
34;54;-6.27975
34;55;-5.6835
35;53;7.97417
35;54;2.79945
35;55;-2.0468
36;53;-7.99879
36;54;1.44332
36;55;-0.271645
37;53;-4.6676
37;54;9.86127
37;55;-9.44977
38;53;0.724854
38;54;-4.35165
38;55;-6.65466
39;53;4.54165
39;54;-3.88042
39;55;3.17319
40;53;8.80647
40;54;-9.28137
40;55;8.13608
41;53;-6.43453
41;54;-7.47849
41;55;3.79259
42;53;2.71118
42;54;2.68833
42;55;3.96329
43;53;3.6889
43;54;9.69953
43;55;-9.18803
44;53;-2.62673
44;54;-9.23543
44;55;-9.67444
45;53;-5.07795
45;54;-2.50017
45;55;19.5794
46;53;-4.8489
46;54;2.18838
46;55;-5.55641
47;53;-0.0560741
47;54;-7.17996
47;55;-13.5094
48;53;3.39667
48;54;0.470118
48;55;-5.93549
49;53;-6.32965
49;54;11.7139
49;55;-6.77035
50;53;-7.51793
50;54;3.13127
50;55;8.01791
51;53;7.92557
51;54;-0.0810146
51;55;-3.13039
52;53;-5.12511
52;54;-0.711558
52;55;-9.82854
47;56;-1.48485
56;55;-4.14054
47;42;-6.64744
51;36;6.95541
